# Filename: data_623.dat
# Timestamp: Wed Sep 04 08:16:21 2019

# Column 1:
#	end: -0.2
#	name: IPS120-10 (swept B(T))
#	size: 2
#	start: 0.2
#	type: coordinate
# Column 2:
#	end: 0
#	name: y_parameter (none)
#	size: 1
#	start: 0
#	type: coordinate
# Column 3:
#	end: 0
#	name: z_parameter (none)
#	size: 1
#	start: 0
#	type: coordinate
# Column 4:
#	name: lockin 1
#	type: value
# Column 5:
#	name: Keithley 1
#	type: value
# Column 6:
#	name: Keithley 2
#	type: value
# Column 7:
#	name: processed dIdV
#	type: value

500	1.997700000000e-01	0	1.220710000000e-04	5.944592770000e-01	-1.176395580000e-04	0.000000000000e+00
500	1.990900000000e-01	0	6.103560000000e-05	5.948526330000e-01	-1.183254590000e-04	0.000000000000e+00
500	1.983500000000e-01	0	6.103560000000e-05	5.955354670000e-01	-1.148959570000e-04	0.000000000000e+00
500	1.975000000000e-01	0	6.103560000000e-05	5.953401740000e-01	-1.155818580000e-04	0.000000000000e+00
500	1.966100000000e-01	0	6.103560000000e-05	5.960119270000e-01	-1.142100570000e-04	0.000000000000e+00
500	1.957500000000e-01	0	6.103560000000e-05	5.961414300000e-01	-1.155818580000e-04	0.000000000000e+00
500	1.948600000000e-01	0	0.000000000000e+00	5.955700940000e-01	-1.190113590000e-04	0.000000000000e+00
500	1.941300000000e-01	0	0.000000000000e+00	5.954073490000e-01	-1.169536580000e-04	0.000000000000e+00
500	1.932300000000e-01	0	1.220710000000e-04	5.954911450000e-01	-1.155818580000e-04	0.000000000000e+00
500	1.923500000000e-01	0	6.103560000000e-05	5.955001480000e-01	-1.169536580000e-04	0.000000000000e+00
500	1.914800000000e-01	0	0.000000000000e+00	5.945714670000e-01	-1.183254590000e-04	0.000000000000e+00
500	1.905700000000e-01	0	6.103560000000e-05	5.952750760000e-01	-1.183254590000e-04	0.000000000000e+00
500	1.896700000000e-01	0	1.220710000000e-04	5.952286770000e-01	-1.224408600000e-04	0.000000000000e+00
500	1.889200000000e-01	0	6.103560000000e-05	5.950790910000e-01	-1.155818580000e-04	0.000000000000e+00
500	1.880400000000e-01	0	0.000000000000e+00	5.952702290000e-01	-1.190113590000e-04	0.000000000000e+00
500	1.871500000000e-01	0	0.000000000000e+00	5.946656510000e-01	-1.210690590000e-04	0.000000000000e+00
500	1.862600000000e-01	0	0.000000000000e+00	5.951407260000e-01	-1.190113590000e-04	0.000000000000e+00
500	1.854000000000e-01	0	0.000000000000e+00	5.956282660000e-01	-1.190113590000e-04	0.000000000000e+00
500	1.845200000000e-01	0	0.000000000000e+00	5.957785450000e-01	-1.196972590000e-04	0.000000000000e+00
500	1.837500000000e-01	0	6.103560000000e-05	5.949786740000e-01	-1.196972590000e-04	0.000000000000e+00
500	1.828800000000e-01	0	6.103560000000e-05	5.955610910000e-01	-1.183254590000e-04	0.000000000000e+00
500	1.819800000000e-01	0	6.103560000000e-05	5.953041630000e-01	-1.224408600000e-04	0.000000000000e+00
500	1.811000000000e-01	0	6.103560000000e-05	5.952910040000e-01	-1.203831590000e-04	0.000000000000e+00
500	1.802400000000e-01	0	0.000000000000e+00	5.954447460000e-01	-1.251844610000e-04	0.000000000000e+00
500	1.793600000000e-01	0	6.103560000000e-05	5.955084590000e-01	-1.196972590000e-04	0.000000000000e+00
500	1.784600000000e-01	0	0.000000000000e+00	5.954177370000e-01	-1.203831590000e-04	0.000000000000e+00
500	1.777300000000e-01	0	0.000000000000e+00	5.947127430000e-01	-1.217549600000e-04	0.000000000000e+00
500	1.768400000000e-01	0	6.103560000000e-05	5.951393410000e-01	-1.224408600000e-04	0.000000000000e+00
500	1.759300000000e-01	0	1.220710000000e-04	5.950077600000e-01	-1.244985610000e-04	0.000000000000e+00
500	1.750400000000e-01	0	0.000000000000e+00	5.956199560000e-01	-1.224408600000e-04	0.000000000000e+00
500	1.742000000000e-01	0	0.000000000000e+00	5.949454320000e-01	-1.292998620000e-04	0.000000000000e+00
500	1.733000000000e-01	0	0.000000000000e+00	5.941559490000e-01	-1.196972590000e-04	0.000000000000e+00
500	1.725200000000e-01	0	6.103560000000e-05	5.946649580000e-01	-1.306716630000e-04	0.000000000000e+00
500	1.716300000000e-01	0	6.103560000000e-05	5.951074840000e-01	-1.244985610000e-04	0.000000000000e+00
500	1.707900000000e-01	0	6.103560000000e-05	5.949849070000e-01	-1.231267600000e-04	0.000000000000e+00
500	1.698900000000e-01	0	0.000000000000e+00	5.952660730000e-01	-1.238126600000e-04	0.000000000000e+00
500	1.690100000000e-01	0	6.103560000000e-05	5.950299210000e-01	-1.231267600000e-04	0.000000000000e+00
500	1.681500000000e-01	0	6.103560000000e-05	5.954128900000e-01	-1.210690590000e-04	0.000000000000e+00
500	1.672600000000e-01	0	0.000000000000e+00	5.946718830000e-01	-1.196972590000e-04	0.000000000000e+00
500	1.665000000000e-01	0	6.103560000000e-05	5.947570640000e-01	-1.231267600000e-04	0.000000000000e+00
500	1.655900000000e-01	0	0.000000000000e+00	5.946220210000e-01	-1.217549600000e-04	0.000000000000e+00
500	1.647500000000e-01	0	6.103560000000e-05	5.946781160000e-01	-1.203831590000e-04	0.000000000000e+00
500	1.638500000000e-01	0	0.000000000000e+00	5.947903060000e-01	-1.231267600000e-04	0.000000000000e+00
500	1.629600000000e-01	0	0.000000000000e+00	5.946462600000e-01	-1.238126600000e-04	0.000000000000e+00
500	1.621100000000e-01	0	0.000000000000e+00	5.950223030000e-01	-1.196972590000e-04	0.000000000000e+00
500	1.612500000000e-01	0	0.000000000000e+00	5.948609440000e-01	-1.231267600000e-04	0.000000000000e+00
500	1.604300000000e-01	0	0.000000000000e+00	5.942792190000e-01	-1.217549600000e-04	0.000000000000e+00
500	1.595600000000e-01	0	6.103560000000e-05	5.948623290000e-01	-1.210690590000e-04	0.000000000000e+00
500	1.586800000000e-01	0	6.103560000000e-05	5.942501330000e-01	-1.224408600000e-04	0.000000000000e+00
500	1.578000000000e-01	0	6.103560000000e-05	5.942861450000e-01	-1.238126600000e-04	0.000000000000e+00
500	1.569300000000e-01	0	6.103560000000e-05	5.947293630000e-01	-1.272421610000e-04	0.000000000000e+00
500	1.560300000000e-01	0	6.103560000000e-05	5.945936280000e-01	-1.190113590000e-04	0.000000000000e+00
500	1.551500000000e-01	0	0.000000000000e+00	5.951608090000e-01	-1.203831590000e-04	0.000000000000e+00
500	1.543600000000e-01	0	0.000000000000e+00	5.945403030000e-01	-1.224408600000e-04	0.000000000000e+00
500	1.535100000000e-01	0	0.000000000000e+00	5.948193920000e-01	-1.224408600000e-04	0.000000000000e+00
500	1.526300000000e-01	0	6.103560000000e-05	5.947349040000e-01	-1.203831590000e-04	0.000000000000e+00
500	1.517500000000e-01	0	6.103560000000e-05	5.944925180000e-01	-1.258703610000e-04	0.000000000000e+00
500	1.508500000000e-01	0	6.103560000000e-05	5.948117740000e-01	-1.231267600000e-04	0.000000000000e+00
500	1.500000000000e-01	0	0.000000000000e+00	5.945839320000e-01	-1.251844610000e-04	0.000000000000e+00
500	1.491100000000e-01	0	0.000000000000e+00	5.949959870000e-01	-1.251844610000e-04	0.000000000000e+00
500	1.483500000000e-01	0	0.000000000000e+00	5.947203600000e-01	-1.217549600000e-04	0.000000000000e+00
500	1.474500000000e-01	0	0.000000000000e+00	5.940569170000e-01	-1.238126600000e-04	0.000000000000e+00
500	1.466100000000e-01	0	0.000000000000e+00	5.940700750000e-01	-1.224408600000e-04	0.000000000000e+00
500	1.457200000000e-01	0	0.000000000000e+00	5.930721410000e-01	-1.251844610000e-04	0.000000000000e+00
500	1.449100000000e-01	0	6.103560000000e-05	5.941462540000e-01	-1.238126600000e-04	0.000000000000e+00
500	1.440600000000e-01	0	0.000000000000e+00	5.937175780000e-01	-1.265562610000e-04	0.000000000000e+00
500	1.431900000000e-01	0	0.000000000000e+00	5.939814320000e-01	-1.279280620000e-04	0.000000000000e+00
500	1.422800000000e-01	0	0.000000000000e+00	5.938976360000e-01	-1.265562610000e-04	0.000000000000e+00
500	1.413900000000e-01	0	0.000000000000e+00	5.941864200000e-01	-1.279280620000e-04	0.000000000000e+00
500	1.405300000000e-01	0	6.103560000000e-05	5.941116270000e-01	-1.286139620000e-04	0.000000000000e+00
500	1.396400000000e-01	0	0.000000000000e+00	5.941379430000e-01	-1.286139620000e-04	0.000000000000e+00
500	1.388900000000e-01	0	0.000000000000e+00	5.941448690000e-01	-1.286139620000e-04	0.000000000000e+00
500	1.380400000000e-01	0	0.000000000000e+00	5.937238110000e-01	-1.286139620000e-04	0.000000000000e+00
500	1.371400000000e-01	0	6.103560000000e-05	5.937348910000e-01	-1.265562610000e-04	0.000000000000e+00
500	1.362400000000e-01	0	0.000000000000e+00	5.935028940000e-01	-1.265562610000e-04	0.000000000000e+00
500	1.353800000000e-01	0	6.103560000000e-05	5.931323910000e-01	-1.272421610000e-04	0.000000000000e+00
500	1.345000000000e-01	0	6.103560000000e-05	5.931268510000e-01	-1.272421610000e-04	0.000000000000e+00
500	1.336000000000e-01	0	6.103560000000e-05	5.926960980000e-01	-1.258703610000e-04	0.000000000000e+00
500	1.328300000000e-01	0	6.103560000000e-05	5.927729680000e-01	-1.279280620000e-04	0.000000000000e+00
500	1.319600000000e-01	0	6.103560000000e-05	5.925312760000e-01	-1.217549600000e-04	0.000000000000e+00
500	1.310800000000e-01	0	6.103560000000e-05	5.928096720000e-01	-1.244985610000e-04	0.000000000000e+00
500	1.301900000000e-01	0	0.000000000000e+00	5.927951290000e-01	-1.238126600000e-04	0.000000000000e+00
500	1.292900000000e-01	0	0.000000000000e+00	5.931275430000e-01	-1.244985610000e-04	0.000000000000e+00
500	1.284500000000e-01	0	0.000000000000e+00	5.927515000000e-01	-1.258703610000e-04	0.000000000000e+00
500	1.276700000000e-01	0	0.000000000000e+00	5.927494220000e-01	-1.265562610000e-04	0.000000000000e+00
500	1.267900000000e-01	0	6.103560000000e-05	5.925153470000e-01	-1.244985610000e-04	0.000000000000e+00
500	1.258800000000e-01	0	0.000000000000e+00	5.923193620000e-01	-1.238126600000e-04	0.000000000000e+00
500	1.250400000000e-01	0	6.103560000000e-05	5.926870950000e-01	-1.190113590000e-04	0.000000000000e+00
500	1.241400000000e-01	0	6.103560000000e-05	5.926039910000e-01	-1.279280620000e-04	0.000000000000e+00
500	1.232600000000e-01	0	0.000000000000e+00	5.924931860000e-01	-1.244985610000e-04	0.000000000000e+00
500	1.225200000000e-01	0	0.000000000000e+00	5.919239270000e-01	-1.265562610000e-04	0.000000000000e+00
500	1.216100000000e-01	0	6.103560000000e-05	5.917369450000e-01	-1.244985610000e-04	0.000000000000e+00
500	1.207300000000e-01	0	0.000000000000e+00	5.922805800000e-01	-1.292998620000e-04	0.000000000000e+00
500	1.198400000000e-01	0	6.103560000000e-05	5.922951230000e-01	-1.238126600000e-04	0.000000000000e+00
500	1.189800000000e-01	0	6.103560000000e-05	5.931739430000e-01	-1.217549600000e-04	0.000000000000e+00
500	1.180900000000e-01	0	6.103560000000e-05	5.934758850000e-01	-1.217549600000e-04	0.000000000000e+00
500	1.172200000000e-01	0	0.000000000000e+00	5.930783740000e-01	-1.258703610000e-04	0.000000000000e+00
500	1.164700000000e-01	0	0.000000000000e+00	5.934461070000e-01	-1.183254590000e-04	0.000000000000e+00
500	1.155800000000e-01	0	0.000000000000e+00	5.924717180000e-01	-1.286139620000e-04	0.000000000000e+00
500	1.146700000000e-01	0	6.103560000000e-05	5.924647930000e-01	-1.224408600000e-04	0.000000000000e+00
500	1.138000000000e-01	0	6.103560000000e-05	5.924869540000e-01	-1.196972590000e-04	0.000000000000e+00
500	1.129200000000e-01	0	1.220710000000e-04	5.931801750000e-01	-1.265562610000e-04	0.000000000000e+00
500	1.120300000000e-01	0	6.103560000000e-05	5.924502500000e-01	-1.272421610000e-04	0.000000000000e+00
500	1.112700000000e-01	0	1.220710000000e-04	5.927501150000e-01	-1.238126600000e-04	0.000000000000e+00
500	1.103800000000e-01	0	6.103560000000e-05	5.922868130000e-01	-1.231267600000e-04	0.000000000000e+00
500	1.095200000000e-01	0	6.103560000000e-05	5.926912500000e-01	-1.224408600000e-04	0.000000000000e+00
500	1.086000000000e-01	0	6.103560000000e-05	5.926954050000e-01	-1.244985610000e-04	0.000000000000e+00
500	1.077300000000e-01	0	1.220710000000e-04	5.918782210000e-01	-1.238126600000e-04	0.000000000000e+00
500	1.068700000000e-01	0	6.103560000000e-05	5.907639410000e-01	-1.224408600000e-04	0.000000000000e+00
500	1.059800000000e-01	0	0.000000000000e+00	5.920721290000e-01	-1.244985610000e-04	0.000000000000e+00
500	1.052300000000e-01	0	6.103560000000e-05	5.926026060000e-01	-1.265562610000e-04	0.000000000000e+00
500	1.043600000000e-01	0	0.000000000000e+00	5.920582780000e-01	-1.258703610000e-04	0.000000000000e+00
500	1.034600000000e-01	0	0.000000000000e+00	5.916219850000e-01	-1.251844610000e-04	0.000000000000e+00
500	1.025600000000e-01	0	0.000000000000e+00	5.923089740000e-01	-1.279280620000e-04	0.000000000000e+00
500	1.017300000000e-01	0	0.000000000000e+00	5.917120140000e-01	-1.231267600000e-04	0.000000000000e+00
500	1.008400000000e-01	0	6.103560000000e-05	5.925368160000e-01	-1.210690590000e-04	0.000000000000e+00
500	1.000600000000e-01	0	6.103560000000e-05	5.924592530000e-01	-1.238126600000e-04	0.000000000000e+00
500	9.918000000000e-02	0	0.000000000000e+00	5.920631260000e-01	-1.244985610000e-04	0.000000000000e+00
500	9.830000000000e-02	0	0.000000000000e+00	5.922722700000e-01	-1.238126600000e-04	0.000000000000e+00
500	9.740000000000e-02	0	0.000000000000e+00	5.917244790000e-01	-1.217549600000e-04	0.000000000000e+00
500	9.650000000000e-02	0	6.103560000000e-05	5.922791950000e-01	-1.231267600000e-04	0.000000000000e+00
500	9.566000000000e-02	0	6.103560000000e-05	5.918809910000e-01	-1.190113590000e-04	0.000000000000e+00
500	9.479000000000e-02	0	6.103560000000e-05	5.916489930000e-01	-1.217549600000e-04	0.000000000000e+00
500	9.396000000000e-02	0	6.103560000000e-05	5.919772520000e-01	-1.196972590000e-04	0.000000000000e+00
500	9.312000000000e-02	0	6.103560000000e-05	5.916760020000e-01	-1.224408600000e-04	0.000000000000e+00
500	9.223000000000e-02	0	0.000000000000e+00	5.918941490000e-01	-1.203831590000e-04	0.000000000000e+00
500	9.138000000000e-02	0	0.000000000000e+00	5.916635360000e-01	-1.217549600000e-04	0.000000000000e+00
500	9.049000000000e-02	0	6.103560000000e-05	5.915832030000e-01	-1.169536580000e-04	0.000000000000e+00
500	8.962000000000e-02	0	0.000000000000e+00	5.916870820000e-01	-1.155818580000e-04	0.000000000000e+00
500	8.875000000000e-02	0	0.000000000000e+00	5.913955280000e-01	-1.148959570000e-04	0.000000000000e+00
500	8.793000000000e-02	0	6.103560000000e-05	5.916545340000e-01	-1.128382570000e-04	0.000000000000e+00
500	8.709000000000e-02	0	6.103560000000e-05	5.913151940000e-01	-1.169536580000e-04	0.000000000000e+00
500	8.619000000000e-02	0	0.000000000000e+00	5.908373490000e-01	-1.148959570000e-04	0.000000000000e+00
500	8.531000000000e-02	0	6.103560000000e-05	5.907653260000e-01	-1.121523570000e-04	0.000000000000e+00
500	8.444000000000e-02	0	0.000000000000e+00	5.910471850000e-01	-1.148959570000e-04	0.000000000000e+00
500	8.356000000000e-02	0	0.000000000000e+00	5.894827620000e-01	-1.121523570000e-04	0.000000000000e+00
500	8.270000000000e-02	0	0.000000000000e+00	5.897431530000e-01	-1.135241570000e-04	0.000000000000e+00
500	8.188000000000e-02	0	6.103560000000e-05	5.897625440000e-01	-1.155818580000e-04	0.000000000000e+00
500	8.101000000000e-02	0	6.103560000000e-05	5.902092250000e-01	-1.107805560000e-04	0.000000000000e+00
500	8.015000000000e-02	0	6.103560000000e-05	5.904696160000e-01	-1.135241570000e-04	0.000000000000e+00
500	7.926000000000e-02	0	6.103560000000e-05	5.906884550000e-01	-1.135241570000e-04	0.000000000000e+00
500	7.841000000000e-02	0	0.000000000000e+00	5.908068780000e-01	-1.128382570000e-04	0.000000000000e+00
500	7.752000000000e-02	0	0.000000000000e+00	5.905790360000e-01	-1.155818580000e-04	0.000000000000e+00
500	7.665000000000e-02	0	6.103560000000e-05	5.906365160000e-01	-1.135241570000e-04	0.000000000000e+00
500	7.587000000000e-02	0	0.000000000000e+00	5.908144960000e-01	-1.128382570000e-04	0.000000000000e+00
500	7.499000000000e-02	0	0.000000000000e+00	5.908096480000e-01	-1.087228550000e-04	0.000000000000e+00
500	7.413000000000e-02	0	6.103560000000e-05	5.906406710000e-01	-1.135241570000e-04	0.000000000000e+00
500	7.323000000000e-02	0	6.103560000000e-05	5.909266850000e-01	-1.121523570000e-04	0.000000000000e+00
500	7.242000000000e-02	0	6.103560000000e-05	5.906469040000e-01	-1.094087560000e-04	0.000000000000e+00
500	7.157000000000e-02	0	0.000000000000e+00	5.915762780000e-01	-1.135241570000e-04	0.000000000000e+00
500	7.071000000000e-02	0	6.103560000000e-05	5.907978750000e-01	-1.176395580000e-04	0.000000000000e+00
500	6.981000000000e-02	0	6.103560000000e-05	5.907140790000e-01	-1.162677580000e-04	0.000000000000e+00
500	6.894000000000e-02	0	0.000000000000e+00	5.907500900000e-01	-1.162677580000e-04	0.000000000000e+00
500	6.806000000000e-02	0	0.000000000000e+00	5.910187920000e-01	-1.128382570000e-04	0.000000000000e+00
500	6.716000000000e-02	0	6.103560000000e-05	5.901413570000e-01	-1.100946560000e-04	0.000000000000e+00
500	6.638000000000e-02	0	6.103560000000e-05	5.908920590000e-01	-1.080369550000e-04	0.000000000000e+00
500	6.553000000000e-02	0	0.000000000000e+00	5.907937200000e-01	-1.114664560000e-04	0.000000000000e+00
500	6.465000000000e-02	0	0.000000000000e+00	5.918394390000e-01	-1.087228550000e-04	0.000000000000e+00
500	6.375000000000e-02	0	0.000000000000e+00	5.910485710000e-01	-1.073510550000e-04	0.000000000000e+00
500	6.289000000000e-02	0	0.000000000000e+00	5.909564640000e-01	-1.142100570000e-04	0.000000000000e+00
500	6.201000000000e-02	0	0.000000000000e+00	5.913110390000e-01	-1.073510550000e-04	0.000000000000e+00
500	6.124000000000e-02	0	0.000000000000e+00	5.912923410000e-01	-1.094087560000e-04	0.000000000000e+00
500	6.033000000000e-02	0	6.103560000000e-05	5.913636710000e-01	-1.148959570000e-04	0.000000000000e+00
500	5.948000000000e-02	0	6.103560000000e-05	5.912286280000e-01	-1.066651550000e-04	0.000000000000e+00
500	5.861000000000e-02	0	6.103560000000e-05	5.914446970000e-01	-1.121523570000e-04	0.000000000000e+00
500	5.771000000000e-02	0	0.000000000000e+00	5.914149180000e-01	-1.100946560000e-04	0.000000000000e+00
500	5.693000000000e-02	0	0.000000000000e+00	5.913560540000e-01	-1.107805560000e-04	0.000000000000e+00
500	5.608000000000e-02	0	6.103560000000e-05	5.914980220000e-01	-1.162677580000e-04	0.000000000000e+00
500	5.518000000000e-02	0	0.000000000000e+00	5.915742000000e-01	-1.107805560000e-04	0.000000000000e+00
500	5.430000000000e-02	0	0.000000000000e+00	5.916829270000e-01	-1.135241570000e-04	0.000000000000e+00
500	5.343000000000e-02	0	0.000000000000e+00	5.915278010000e-01	-1.114664560000e-04	0.000000000000e+00
500	5.256000000000e-02	0	6.103560000000e-05	5.918525970000e-01	-1.107805560000e-04	0.000000000000e+00
500	5.181000000000e-02	0	0.000000000000e+00	5.919530140000e-01	-1.046074540000e-04	0.000000000000e+00
500	5.089000000000e-02	0	6.103560000000e-05	5.921219910000e-01	-1.100946560000e-04	0.000000000000e+00
500	5.002000000000e-02	0	0.000000000000e+00	5.922875050000e-01	-1.135241570000e-04	0.000000000000e+00
500	4.914000000000e-02	0	6.103560000000e-05	5.920284990000e-01	-1.107805560000e-04	0.000000000000e+00
500	4.826000000000e-02	0	6.103560000000e-05	5.919821000000e-01	-1.073510550000e-04	0.000000000000e+00
500	4.739000000000e-02	0	0.000000000000e+00	5.921074480000e-01	-1.148959570000e-04	0.000000000000e+00
500	4.651000000000e-02	0	0.000000000000e+00	5.925721350000e-01	-1.100946560000e-04	0.000000000000e+00
500	4.571000000000e-02	0	6.103560000000e-05	5.920236520000e-01	-1.128382570000e-04	0.000000000000e+00
500	4.484000000000e-02	0	6.103560000000e-05	5.922411060000e-01	-1.080369550000e-04	0.000000000000e+00
500	4.397000000000e-02	0	0.000000000000e+00	5.915755850000e-01	-1.121523570000e-04	0.000000000000e+00
500	4.309000000000e-02	0	6.103560000000e-05	5.916434530000e-01	-1.107805560000e-04	0.000000000000e+00
500	4.220000000000e-02	0	6.103560000000e-05	5.927030230000e-01	-1.121523570000e-04	0.000000000000e+00
500	4.131000000000e-02	0	6.103560000000e-05	5.927972070000e-01	-1.148959570000e-04	0.000000000000e+00
500	4.048000000000e-02	0	6.103560000000e-05	5.926351550000e-01	-1.148959570000e-04	0.000000000000e+00
500	3.965000000000e-02	0	6.103560000000e-05	5.929426380000e-01	-1.148959570000e-04	0.000000000000e+00
500	3.880000000000e-02	0	0.000000000000e+00	5.930839140000e-01	-1.155818580000e-04	0.000000000000e+00
500	3.794000000000e-02	0	0.000000000000e+00	5.932639710000e-01	-1.094087560000e-04	0.000000000000e+00
500	3.702000000000e-02	0	0.000000000000e+00	5.929149370000e-01	-1.114664560000e-04	0.000000000000e+00
500	3.616000000000e-02	0	6.103560000000e-05	5.925714420000e-01	-1.176395580000e-04	0.000000000000e+00
500	3.525000000000e-02	0	6.103560000000e-05	5.919987210000e-01	-1.121523570000e-04	0.000000000000e+00
500	3.439000000000e-02	0	6.103560000000e-05	5.924239340000e-01	-1.148959570000e-04	0.000000000000e+00
500	3.363000000000e-02	0	6.103560000000e-05	5.927279540000e-01	-1.128382570000e-04	0.000000000000e+00
500	3.277000000000e-02	0	0.000000000000e+00	5.923830740000e-01	-1.100946560000e-04	0.000000000000e+00
500	3.188000000000e-02	0	0.000000000000e+00	5.935063570000e-01	-1.210690590000e-04	0.000000000000e+00
500	3.101000000000e-02	0	0.000000000000e+00	5.939530380000e-01	-1.121523570000e-04	0.000000000000e+00
500	3.014000000000e-02	0	0.000000000000e+00	5.937896010000e-01	-1.135241570000e-04	0.000000000000e+00
500	2.934000000000e-02	0	0.000000000000e+00	5.936677160000e-01	-1.121523570000e-04	0.000000000000e+00
500	2.848000000000e-02	0	6.103560000000e-05	5.937861390000e-01	-1.039215540000e-04	0.000000000000e+00
500	2.756000000000e-02	0	6.103560000000e-05	5.944371160000e-01	-1.087228550000e-04	0.000000000000e+00
500	2.670000000000e-02	0	6.103560000000e-05	5.959405970000e-01	-1.100946560000e-04	0.000000000000e+00
500	2.581000000000e-02	0	1.220710000000e-04	5.948166220000e-01	-1.169536580000e-04	0.000000000000e+00
500	2.496000000000e-02	0	0.000000000000e+00	5.943415470000e-01	-1.121523570000e-04	0.000000000000e+00
500	2.404000000000e-02	0	0.000000000000e+00	5.950271510000e-01	-1.142100570000e-04	0.000000000000e+00
500	2.329000000000e-02	0	0.000000000000e+00	5.961331200000e-01	-1.128382570000e-04	0.000000000000e+00
500	2.245000000000e-02	0	6.103560000000e-05	5.957369930000e-01	-1.094087560000e-04	0.000000000000e+00
500	2.152000000000e-02	0	0.000000000000e+00	5.955700940000e-01	-1.094087560000e-04	0.000000000000e+00
500	2.069000000000e-02	0	0.000000000000e+00	5.959405970000e-01	-1.142100570000e-04	0.000000000000e+00
500	1.978000000000e-02	0	0.000000000000e+00	5.964627640000e-01	-1.107805560000e-04	0.000000000000e+00
500	1.890000000000e-02	0	0.000000000000e+00	5.955576280000e-01	-1.155818580000e-04	0.000000000000e+00
500	1.811000000000e-02	0	0.000000000000e+00	5.939253370000e-01	-1.114664560000e-04	0.000000000000e+00
500	1.726000000000e-02	0	6.103560000000e-05	5.942501330000e-01	-1.100946560000e-04	0.000000000000e+00
500	1.637000000000e-02	0	0.000000000000e+00	5.947016620000e-01	-1.128382570000e-04	0.000000000000e+00
500	1.547000000000e-02	0	6.103560000000e-05	5.948630210000e-01	-1.080369550000e-04	0.000000000000e+00
500	1.461000000000e-02	0	0.000000000000e+00	5.959676060000e-01	-1.114664560000e-04	0.000000000000e+00
500	1.373000000000e-02	0	0.000000000000e+00	5.964246750000e-01	-1.100946560000e-04	0.000000000000e+00
500	1.285000000000e-02	0	0.000000000000e+00	5.969960110000e-01	-1.114664560000e-04	0.000000000000e+00
500	1.207000000000e-02	0	0.000000000000e+00	5.954973780000e-01	-1.066651550000e-04	0.000000000000e+00
500	1.118000000000e-02	0	6.103560000000e-05	5.958477980000e-01	-1.087228550000e-04	0.000000000000e+00
500	1.034000000000e-02	0	6.103560000000e-05	5.958962750000e-01	-1.066651550000e-04	0.000000000000e+00
500	9.430000000000e-03	0	1.220710000000e-04	5.963678870000e-01	-1.107805560000e-04	0.000000000000e+00
500	8.560000000000e-03	0	6.103560000000e-05	5.964925430000e-01	-1.094087560000e-04	0.000000000000e+00
500	7.700000000000e-03	0	6.103560000000e-05	5.962037580000e-01	-1.080369550000e-04	0.000000000000e+00
500	6.790000000000e-03	0	0.000000000000e+00	5.967099970000e-01	-1.080369550000e-04	0.000000000000e+00
500	6.030000000000e-03	0	6.103560000000e-05	5.966255080000e-01	-1.135241570000e-04	0.000000000000e+00
500	5.140000000000e-03	0	0.000000000000e+00	5.963339530000e-01	-1.094087560000e-04	0.000000000000e+00
500	4.270000000000e-03	0	0.000000000000e+00	5.967273100000e-01	-1.114664560000e-04	0.000000000000e+00
500	3.380000000000e-03	0	6.103560000000e-05	5.971552930000e-01	-1.128382570000e-04	0.000000000000e+00
500	2.480000000000e-03	0	0.000000000000e+00	5.971082010000e-01	-1.066651550000e-04	0.000000000000e+00
500	1.640000000000e-03	0	6.103560000000e-05	5.975978190000e-01	-1.059792550000e-04	0.000000000000e+00
500	8.700000000000e-04	0	6.103560000000e-05	5.967660920000e-01	-1.059792550000e-04	0.000000000000e+00
500	-4.000000000000e-05	0	0.000000000000e+00	5.971615260000e-01	-1.046074540000e-04	0.000000000000e+00
500	-8.800000000000e-04	0	6.103560000000e-05	5.966400510000e-01	-1.169536580000e-04	0.000000000000e+00
500	-1.750000000000e-03	0	0.000000000000e+00	5.968388070000e-01	-1.080369550000e-04	0.000000000000e+00
500	-2.650000000000e-03	0	0.000000000000e+00	5.973422760000e-01	-1.052933540000e-04	0.000000000000e+00
500	-3.410000000000e-03	0	0.000000000000e+00	5.970805000000e-01	-1.087228550000e-04	0.000000000000e+00
500	-4.310000000000e-03	0	0.000000000000e+00	5.986525410000e-01	-1.114664560000e-04	0.000000000000e+00
500	-5.180000000000e-03	0	0.000000000000e+00	5.990251220000e-01	-1.059792550000e-04	0.000000000000e+00
500	-6.080000000000e-03	0	0.000000000000e+00	5.983900730000e-01	-1.052933540000e-04	0.000000000000e+00
500	-6.950000000000e-03	0	6.103560000000e-05	5.987024030000e-01	-1.046074540000e-04	0.000000000000e+00
500	-7.840000000000e-03	0	0.000000000000e+00	5.986012940000e-01	-1.059792550000e-04	0.000000000000e+00
500	-8.720000000000e-03	0	6.103560000000e-05	5.992709700000e-01	-1.100946560000e-04	0.000000000000e+00
500	-9.490000000000e-03	0	0.000000000000e+00	5.993942400000e-01	-1.080369550000e-04	0.000000000000e+00
500	-1.035000000000e-02	0	6.103560000000e-05	5.992432690000e-01	-1.087228550000e-04	0.000000000000e+00
500	-1.118000000000e-02	0	6.103560000000e-05	5.993429930000e-01	-1.073510550000e-04	0.000000000000e+00
500	-1.210000000000e-02	0	6.103560000000e-05	5.990147340000e-01	-1.114664560000e-04	0.000000000000e+00
500	-1.298000000000e-02	0	6.103560000000e-05	6.016761240000e-01	-1.087228550000e-04	0.000000000000e+00
500	-1.389000000000e-02	0	0.000000000000e+00	6.007855310000e-01	-1.059792550000e-04	0.000000000000e+00
500	-1.477000000000e-02	0	6.103560000000e-05	6.001629470000e-01	-1.080369550000e-04	0.000000000000e+00
500	-1.553000000000e-02	0	6.103560000000e-05	6.013340140000e-01	-1.073510550000e-04	0.000000000000e+00
500	-1.641000000000e-02	0	6.103560000000e-05	6.022966300000e-01	-1.100946560000e-04	0.000000000000e+00
500	-1.729000000000e-02	0	1.220710000000e-04	6.012765340000e-01	-1.100946560000e-04	0.000000000000e+00
500	-1.817000000000e-02	0	6.103560000000e-05	6.014413560000e-01	-1.032356540000e-04	0.000000000000e+00
500	-1.905000000000e-02	0	0.000000000000e+00	6.014226580000e-01	-1.059792550000e-04	0.000000000000e+00
500	-1.993000000000e-02	0	6.103560000000e-05	6.010701610000e-01	-1.052933540000e-04	0.000000000000e+00
500	-2.070000000000e-02	0	0.000000000000e+00	6.019849920000e-01	-1.004920530000e-04	0.000000000000e+00
500	-2.159000000000e-02	0	0.000000000000e+00	6.019884540000e-01	-1.046074540000e-04	0.000000000000e+00
500	-2.247000000000e-02	0	1.220710000000e-04	6.004371890000e-01	-1.018638530000e-04	0.000000000000e+00
500	-2.335000000000e-02	0	6.103560000000e-05	6.029205990000e-01	-9.843435210000e-05	0.000000000000e+00
500	-2.423000000000e-02	0	6.103560000000e-05	6.019372070000e-01	-1.032356540000e-04	0.000000000000e+00
500	-2.509000000000e-02	0	0.000000000000e+00	6.017149050000e-01	-1.004920530000e-04	0.000000000000e+00
500	-2.599000000000e-02	0	0.000000000000e+00	6.022135260000e-01	-1.032356540000e-04	0.000000000000e+00
500	-2.675000000000e-02	0	1.220710000000e-04	6.015514690000e-01	-1.011779530000e-04	0.000000000000e+00
500	-2.765000000000e-02	0	6.103560000000e-05	6.020729430000e-01	-1.011779530000e-04	0.000000000000e+00
500	-2.849000000000e-02	0	1.220710000000e-04	6.005916230000e-01	-1.004920530000e-04	0.000000000000e+00
500	-2.938000000000e-02	0	1.220710000000e-04	6.008457810000e-01	-9.774845190000e-05	0.000000000000e+00
500	-3.026000000000e-02	0	6.103560000000e-05	6.009662810000e-01	-1.011779530000e-04	0.000000000000e+00
500	-3.117000000000e-02	0	0.000000000000e+00	6.014579770000e-01	-1.004920530000e-04	0.000000000000e+00
500	-3.202000000000e-02	0	6.103560000000e-05	6.024088200000e-01	-1.004920530000e-04	0.000000000000e+00
500	-3.284000000000e-02	0	6.103560000000e-05	6.010383040000e-01	-1.046074540000e-04	0.000000000000e+00
500	-3.370000000000e-02	0	0.000000000000e+00	6.034780850000e-01	-1.004920530000e-04	0.000000000000e+00
500	-3.454000000000e-02	0	6.103560000000e-05	6.017038250000e-01	-1.032356540000e-04	0.000000000000e+00
500	-3.545000000000e-02	0	6.103560000000e-05	6.018679540000e-01	-1.039215540000e-04	0.000000000000e+00
500	-3.633000000000e-02	0	6.103560000000e-05	6.004503470000e-01	-1.025497530000e-04	0.000000000000e+00
500	-3.721000000000e-02	0	2.441420000000e-04	6.014704430000e-01	-1.073510550000e-04	0.000000000000e+00
500	-3.809000000000e-02	0	6.103560000000e-05	6.004738930000e-01	-1.073510550000e-04	0.000000000000e+00
500	-3.885000000000e-02	0	6.103560000000e-05	6.003762460000e-01	-1.025497530000e-04	0.000000000000e+00
500	-3.975000000000e-02	0	1.220710000000e-04	6.002446660000e-01	-1.059792550000e-04	0.000000000000e+00
500	-4.058000000000e-02	0	1.220710000000e-04	6.001352460000e-01	-1.004920530000e-04	0.000000000000e+00
500	-4.147000000000e-02	0	0.000000000000e+00	6.004060250000e-01	-1.032356540000e-04	0.000000000000e+00
500	-4.237000000000e-02	0	0.000000000000e+00	5.992855130000e-01	-1.032356540000e-04	0.000000000000e+00
500	-4.325000000000e-02	0	1.220710000000e-04	5.970721900000e-01	-1.039215540000e-04	0.000000000000e+00
500	-4.412000000000e-02	0	0.000000000000e+00	5.967044570000e-01	-1.011779530000e-04	0.000000000000e+00
500	-4.489000000000e-02	0	6.103560000000e-05	5.972210830000e-01	-1.066651550000e-04	0.000000000000e+00
500	-4.577000000000e-02	0	6.103560000000e-05	5.970652640000e-01	-1.025497530000e-04	0.000000000000e+00
500	-4.667000000000e-02	0	0.000000000000e+00	5.974600060000e-01	-1.025497530000e-04	0.000000000000e+00
500	-4.753000000000e-02	0	6.103560000000e-05	5.968201090000e-01	-1.046074540000e-04	0.000000000000e+00
500	-4.842000000000e-02	0	6.103560000000e-05	5.968976720000e-01	-1.046074540000e-04	0.000000000000e+00
500	-4.929000000000e-02	0	6.103560000000e-05	5.967764800000e-01	-1.039215540000e-04	0.000000000000e+00
500	-5.015000000000e-02	0	0.000000000000e+00	5.957563840000e-01	-1.011779530000e-04	0.000000000000e+00
500	-5.093000000000e-02	0	6.103560000000e-05	5.962321520000e-01	-1.039215540000e-04	0.000000000000e+00
500	-5.181000000000e-02	0	0.000000000000e+00	5.957799300000e-01	-9.980615260000e-05	0.000000000000e+00
500	-5.270000000000e-02	0	6.103560000000e-05	5.965292470000e-01	-1.073510550000e-04	0.000000000000e+00
500	-5.359000000000e-02	0	1.220710000000e-04	5.956462720000e-01	-1.073510550000e-04	0.000000000000e+00
500	-5.447000000000e-02	0	6.103560000000e-05	5.955597060000e-01	-1.039215540000e-04	0.000000000000e+00
500	-5.535000000000e-02	0	0.000000000000e+00	5.950818610000e-01	-1.059792550000e-04	0.000000000000e+00
500	-5.620000000000e-02	0	0.000000000000e+00	5.957106770000e-01	-1.025497530000e-04	0.000000000000e+00
500	-5.700000000000e-02	0	0.000000000000e+00	5.952771540000e-01	-1.059792550000e-04	0.000000000000e+00
500	-5.788000000000e-02	0	0.000000000000e+00	5.956975190000e-01	-1.052933540000e-04	0.000000000000e+00
500	-5.879000000000e-02	0	0.000000000000e+00	5.965860340000e-01	-1.025497530000e-04	0.000000000000e+00
500	-5.963000000000e-02	0	0.000000000000e+00	5.963748130000e-01	-1.046074540000e-04	0.000000000000e+00
500	-6.054000000000e-02	0	6.103560000000e-05	5.958865800000e-01	-1.046074540000e-04	0.000000000000e+00
500	-6.140000000000e-02	0	6.103560000000e-05	5.954883750000e-01	-1.059792550000e-04	0.000000000000e+00
500	-6.228000000000e-02	0	6.103560000000e-05	5.955908700000e-01	-9.980615260000e-05	0.000000000000e+00
500	-6.306000000000e-02	0	6.103560000000e-05	5.947591420000e-01	-9.912025230000e-05	0.000000000000e+00
500	-6.392000000000e-02	0	6.103560000000e-05	5.907743290000e-01	-1.046074540000e-04	0.000000000000e+00
500	-6.481000000000e-02	0	6.103560000000e-05	5.915409590000e-01	-1.018638530000e-04	0.000000000000e+00
500	-6.566000000000e-02	0	0.000000000000e+00	5.915942840000e-01	-1.018638530000e-04	0.000000000000e+00
500	-6.656000000000e-02	0	0.000000000000e+00	5.915111800000e-01	-1.004920530000e-04	0.000000000000e+00
500	-6.743000000000e-02	0	0.000000000000e+00	5.916808500000e-01	-9.706255170000e-05	0.000000000000e+00
500	-6.830000000000e-02	0	0.000000000000e+00	5.913498210000e-01	-1.004920530000e-04	0.000000000000e+00
500	-6.911000000000e-02	0	0.000000000000e+00	5.913048060000e-01	-9.774845190000e-05	0.000000000000e+00
500	-6.996000000000e-02	0	0.000000000000e+00	5.915416510000e-01	-1.011779530000e-04	0.000000000000e+00
500	-7.086000000000e-02	0	0.000000000000e+00	5.912757200000e-01	-9.912025230000e-05	0.000000000000e+00
500	-7.171000000000e-02	0	6.103560000000e-05	5.913692120000e-01	-9.980615260000e-05	0.000000000000e+00
500	-7.261000000000e-02	0	6.103560000000e-05	5.910063260000e-01	-9.980615260000e-05	0.000000000000e+00
500	-7.348000000000e-02	0	0.000000000000e+00	5.910257170000e-01	-1.025497530000e-04	0.000000000000e+00
500	-7.423000000000e-02	0	0.000000000000e+00	5.911095130000e-01	-9.980615260000e-05	0.000000000000e+00
500	-7.513000000000e-02	0	6.103560000000e-05	5.909523090000e-01	-1.018638530000e-04	0.000000000000e+00
500	-7.602000000000e-02	0	0.000000000000e+00	5.893996580000e-01	-1.018638530000e-04	0.000000000000e+00
500	-7.689000000000e-02	0	0.000000000000e+00	5.911586830000e-01	-1.018638530000e-04	0.000000000000e+00
500	-7.777000000000e-02	0	6.103560000000e-05	5.907286220000e-01	-1.025497530000e-04	0.000000000000e+00
500	-7.867000000000e-02	0	6.103560000000e-05	5.913034210000e-01	-1.018638530000e-04	0.000000000000e+00
500	-7.955000000000e-02	0	0.000000000000e+00	5.911392920000e-01	-1.032356540000e-04	0.000000000000e+00
500	-8.028000000000e-02	0	0.000000000000e+00	5.910866600000e-01	-1.046074540000e-04	0.000000000000e+00
500	-8.120000000000e-02	0	6.103560000000e-05	5.911469100000e-01	-9.843435210000e-05	0.000000000000e+00
500	-8.207000000000e-02	0	6.103560000000e-05	5.910097890000e-01	-9.980615260000e-05	0.000000000000e+00
500	-8.295000000000e-02	0	6.103560000000e-05	5.914121480000e-01	-9.637665140000e-05	0.000000000000e+00
500	-8.381000000000e-02	0	0.000000000000e+00	5.914613180000e-01	-1.011779530000e-04	0.000000000000e+00
500	-8.462000000000e-02	0	0.000000000000e+00	5.905984270000e-01	-9.980615260000e-05	0.000000000000e+00
500	-8.545000000000e-02	0	0.000000000000e+00	5.905658780000e-01	-9.980615260000e-05	0.000000000000e+00
500	-8.636000000000e-02	0	6.103560000000e-05	5.906662940000e-01	-1.011779530000e-04	0.000000000000e+00
500	-8.734000000000e-02	0	0.000000000000e+00	5.905374840000e-01	-9.706255170000e-05	0.000000000000e+00
500	-8.810000000000e-02	0	0.000000000000e+00	5.904128290000e-01	-1.025497530000e-04	0.000000000000e+00
500	-8.896000000000e-02	0	0.000000000000e+00	5.914218440000e-01	-1.004920530000e-04	0.000000000000e+00
500	-8.988000000000e-02	0	6.103560000000e-05	5.914661660000e-01	-1.025497530000e-04	0.000000000000e+00
500	-9.065000000000e-02	0	0.000000000000e+00	5.911988490000e-01	-1.039215540000e-04	0.000000000000e+00
500	-9.150000000000e-02	0	0.000000000000e+00	5.911441400000e-01	-1.004920530000e-04	0.000000000000e+00
500	-9.237000000000e-02	0	6.103560000000e-05	5.905187860000e-01	-9.912025230000e-05	0.000000000000e+00
500	-9.327000000000e-02	0	6.103560000000e-05	5.905707250000e-01	-9.843435210000e-05	0.000000000000e+00
500	-9.417000000000e-02	0	6.103560000000e-05	5.899252880000e-01	-1.039215540000e-04	0.000000000000e+00
500	-9.501000000000e-02	0	6.103560000000e-05	5.899232110000e-01	-1.046074540000e-04	0.000000000000e+00
500	-9.592000000000e-02	0	0.000000000000e+00	5.897528480000e-01	-1.018638530000e-04	0.000000000000e+00
500	-9.670000000000e-02	0	0.000000000000e+00	5.902466220000e-01	-1.032356540000e-04	0.000000000000e+00
500	-9.757000000000e-02	0	0.000000000000e+00	5.905921940000e-01	-1.032356540000e-04	0.000000000000e+00
500	-9.844000000000e-02	0	0.000000000000e+00	5.912494040000e-01	-1.066651550000e-04	0.000000000000e+00
500	-9.931000000000e-02	0	6.103560000000e-05	5.909204530000e-01	-1.039215540000e-04	0.000000000000e+00
500	-1.002200000000e-01	0	6.103560000000e-05	5.908643580000e-01	-9.500485100000e-05	0.000000000000e+00
500	-1.010800000000e-01	0	0.000000000000e+00	5.913449730000e-01	-9.980615260000e-05	0.000000000000e+00
500	-1.019600000000e-01	0	0.000000000000e+00	5.910153290000e-01	-1.004920530000e-04	0.000000000000e+00
500	-1.027400000000e-01	0	6.103560000000e-05	5.909239150000e-01	-1.018638530000e-04	0.000000000000e+00
500	-1.036300000000e-01	0	0.000000000000e+00	5.908969070000e-01	-9.706255170000e-05	0.000000000000e+00
500	-1.044900000000e-01	0	1.220710000000e-04	5.909460760000e-01	-1.059792550000e-04	0.000000000000e+00
500	-1.053800000000e-01	0	6.103560000000e-05	5.912528670000e-01	-1.032356540000e-04	0.000000000000e+00
500	-1.062900000000e-01	0	6.103560000000e-05	5.913657490000e-01	-1.032356540000e-04	0.000000000000e+00
500	-1.071000000000e-01	0	0.000000000000e+00	5.907397030000e-01	-1.004920530000e-04	0.000000000000e+00
500	-1.080100000000e-01	0	0.000000000000e+00	5.908034150000e-01	-9.980615260000e-05	0.000000000000e+00
500	-1.088000000000e-01	0	6.103560000000e-05	5.908761310000e-01	-1.046074540000e-04	0.000000000000e+00
500	-1.096700000000e-01	0	0.000000000000e+00	5.911323670000e-01	-1.011779530000e-04	0.000000000000e+00
500	-1.105300000000e-01	0	0.000000000000e+00	5.908144960000e-01	-1.025497530000e-04	0.000000000000e+00
500	-1.114500000000e-01	0	6.103560000000e-05	5.911656080000e-01	-1.011779530000e-04	0.000000000000e+00
500	-1.123200000000e-01	0	6.103560000000e-05	5.910970480000e-01	-1.059792550000e-04	0.000000000000e+00
500	-1.131800000000e-01	0	6.103560000000e-05	5.916448380000e-01	-1.032356540000e-04	0.000000000000e+00
500	-1.140600000000e-01	0	6.103560000000e-05	5.926123010000e-01	-9.843435210000e-05	0.000000000000e+00
500	-1.148300000000e-01	0	6.103560000000e-05	5.915492690000e-01	-1.011779530000e-04	0.000000000000e+00
500	-1.157100000000e-01	0	6.103560000000e-05	5.914211510000e-01	-1.004920530000e-04	0.000000000000e+00
500	-1.165800000000e-01	0	0.000000000000e+00	5.917320970000e-01	-1.004920530000e-04	0.000000000000e+00
500	-1.174700000000e-01	0	0.000000000000e+00	5.925278130000e-01	-9.843435210000e-05	0.000000000000e+00
500	-1.183800000000e-01	0	0.000000000000e+00	5.921372260000e-01	-1.066651550000e-04	0.000000000000e+00
500	-1.192300000000e-01	0	6.103560000000e-05	5.923242090000e-01	-1.004920530000e-04	0.000000000000e+00
500	-1.200000000000e-01	0	6.103560000000e-05	5.925098070000e-01	-1.011779530000e-04	0.000000000000e+00
500	-1.208700000000e-01	0	0.000000000000e+00	5.928699220000e-01	-1.004920530000e-04	0.000000000000e+00
500	-1.217600000000e-01	0	6.103560000000e-05	5.919391630000e-01	-1.011779530000e-04	0.000000000000e+00
500	-1.226100000000e-01	0	0.000000000000e+00	5.929855750000e-01	-1.025497530000e-04	0.000000000000e+00
500	-1.235300000000e-01	0	0.000000000000e+00	5.926337700000e-01	-1.046074540000e-04	0.000000000000e+00
500	-1.244200000000e-01	0	0.000000000000e+00	5.928906980000e-01	-1.039215540000e-04	0.000000000000e+00
500	-1.252500000000e-01	0	0.000000000000e+00	5.927785090000e-01	-9.843435210000e-05	0.000000000000e+00
500	-1.260400000000e-01	0	0.000000000000e+00	5.936552500000e-01	-9.912025230000e-05	0.000000000000e+00
500	-1.269600000000e-01	0	0.000000000000e+00	5.933145260000e-01	-1.018638530000e-04	0.000000000000e+00
500	-1.278300000000e-01	0	0.000000000000e+00	5.930001180000e-01	-1.018638530000e-04	0.000000000000e+00
500	-1.287200000000e-01	0	6.103560000000e-05	5.938747820000e-01	-1.032356540000e-04	0.000000000000e+00
500	-1.296200000000e-01	0	0.000000000000e+00	5.935652220000e-01	-1.004920530000e-04	0.000000000000e+00
500	-1.304500000000e-01	0	0.000000000000e+00	5.936912620000e-01	-1.025497530000e-04	0.000000000000e+00
500	-1.312300000000e-01	0	0.000000000000e+00	5.940264460000e-01	-1.059792550000e-04	0.000000000000e+00
500	-1.320900000000e-01	0	6.103560000000e-05	5.940631500000e-01	-1.025497530000e-04	0.000000000000e+00
500	-1.329700000000e-01	0	6.103560000000e-05	5.944045670000e-01	-1.011779530000e-04	0.000000000000e+00
500	-1.338600000000e-01	0	6.103560000000e-05	5.941531790000e-01	-1.039215540000e-04	0.000000000000e+00
500	-1.347300000000e-01	0	6.103560000000e-05	5.941116270000e-01	-9.980615260000e-05	0.000000000000e+00
500	-1.356500000000e-01	0	6.103560000000e-05	5.939606560000e-01	-9.912025230000e-05	0.000000000000e+00
500	-1.363800000000e-01	0	6.103560000000e-05	5.940555320000e-01	-1.011779530000e-04	0.000000000000e+00
500	-1.372600000000e-01	0	6.103560000000e-05	5.944786680000e-01	-9.843435210000e-05	0.000000000000e+00
500	-1.381400000000e-01	0	6.103560000000e-05	5.942432080000e-01	-9.980615260000e-05	0.000000000000e+00
500	-1.390600000000e-01	0	6.103560000000e-05	5.943713260000e-01	-1.039215540000e-04	0.000000000000e+00
500	-1.399100000000e-01	0	6.103560000000e-05	5.945527680000e-01	-1.066651550000e-04	0.000000000000e+00
500	-1.408000000000e-01	0	0.000000000000e+00	5.942452850000e-01	-1.004920530000e-04	0.000000000000e+00
500	-1.416600000000e-01	0	0.000000000000e+00	5.943498570000e-01	-1.073510550000e-04	0.000000000000e+00
500	-1.424700000000e-01	0	6.103560000000e-05	5.940001300000e-01	-1.046074540000e-04	0.000000000000e+00
500	-1.433400000000e-01	0	6.103560000000e-05	5.943997190000e-01	-1.025497530000e-04	0.000000000000e+00
500	-1.442100000000e-01	0	6.103560000000e-05	5.944301910000e-01	-1.018638530000e-04	0.000000000000e+00
500	-1.451000000000e-01	0	0.000000000000e+00	5.940811560000e-01	-1.059792550000e-04	0.000000000000e+00
500	-1.459700000000e-01	0	6.103560000000e-05	5.946864260000e-01	-1.011779530000e-04	0.000000000000e+00
500	-1.468600000000e-01	0	0.000000000000e+00	5.944641250000e-01	-1.052933540000e-04	0.000000000000e+00
500	-1.477300000000e-01	0	6.103560000000e-05	5.948311650000e-01	-1.032356540000e-04	0.000000000000e+00
500	-1.484700000000e-01	0	6.103560000000e-05	5.945333780000e-01	-1.039215540000e-04	0.000000000000e+00
500	-1.494000000000e-01	0	0.000000000000e+00	5.943976420000e-01	-1.052933540000e-04	0.000000000000e+00
500	-1.502500000000e-01	0	0.000000000000e+00	5.942397450000e-01	-1.025497530000e-04	0.000000000000e+00
500	-1.511600000000e-01	0	0.000000000000e+00	5.949232710000e-01	-1.018638530000e-04	0.000000000000e+00
500	-1.520000000000e-01	0	6.103560000000e-05	5.956712030000e-01	-1.080369550000e-04	0.000000000000e+00
500	-1.528900000000e-01	0	6.103560000000e-05	5.950777050000e-01	-1.018638530000e-04	0.000000000000e+00
500	-1.537500000000e-01	0	0.000000000000e+00	5.954419760000e-01	-1.018638530000e-04	0.000000000000e+00
500	-1.545400000000e-01	0	6.103560000000e-05	5.956635850000e-01	-1.059792550000e-04	0.000000000000e+00
500	-1.554100000000e-01	0	6.103560000000e-05	5.957820080000e-01	-1.052933540000e-04	0.000000000000e+00
500	-1.563000000000e-01	0	0.000000000000e+00	5.958761920000e-01	-1.059792550000e-04	0.000000000000e+00
500	-1.572100000000e-01	0	6.103560000000e-05	5.958000130000e-01	-1.004920530000e-04	0.000000000000e+00
500	-1.580800000000e-01	0	6.103560000000e-05	5.956303440000e-01	-1.052933540000e-04	0.000000000000e+00
500	-1.589300000000e-01	0	0.000000000000e+00	5.959904590000e-01	-1.004920530000e-04	0.000000000000e+00
500	-1.598300000000e-01	0	0.000000000000e+00	5.958692660000e-01	-1.039215540000e-04	0.000000000000e+00
500	-1.605800000000e-01	0	6.103560000000e-05	5.959724530000e-01	-1.018638530000e-04	0.000000000000e+00
500	-1.614800000000e-01	0	0.000000000000e+00	5.965832640000e-01	-1.018638530000e-04	0.000000000000e+00
500	-1.623300000000e-01	0	6.103560000000e-05	5.964302150000e-01	-1.025497530000e-04	0.000000000000e+00
500	-1.632400000000e-01	0	6.103560000000e-05	5.958477980000e-01	-1.032356540000e-04	0.000000000000e+00
500	-1.641200000000e-01	0	6.103560000000e-05	5.964059770000e-01	-1.039215540000e-04	0.000000000000e+00
500	-1.649800000000e-01	0	6.103560000000e-05	5.964412960000e-01	-1.018638530000e-04	0.000000000000e+00
500	-1.658800000000e-01	0	6.103560000000e-05	5.968325750000e-01	-1.052933540000e-04	0.000000000000e+00
500	-1.667800000000e-01	0	6.103560000000e-05	5.965472520000e-01	-1.066651550000e-04	0.000000000000e+00
500	-1.676200000000e-01	0	0.000000000000e+00	5.965638730000e-01	-9.843435210000e-05	0.000000000000e+00
500	-1.684100000000e-01	0	6.103560000000e-05	5.961275800000e-01	-1.018638530000e-04	0.000000000000e+00
500	-1.692700000000e-01	0	6.103560000000e-05	5.955867140000e-01	-1.004920530000e-04	0.000000000000e+00
500	-1.701700000000e-01	0	1.220710000000e-04	5.959059700000e-01	-1.032356540000e-04	0.000000000000e+00
500	-1.710400000000e-01	0	0.000000000000e+00	5.966912990000e-01	-1.059792550000e-04	0.000000000000e+00
500	-1.719300000000e-01	0	0.000000000000e+00	5.962861690000e-01	-1.011779530000e-04	0.000000000000e+00
500	-1.726800000000e-01	0	6.103560000000e-05	5.974620840000e-01	-1.052933540000e-04	0.000000000000e+00
500	-1.735500000000e-01	0	6.103560000000e-05	5.971248220000e-01	-1.018638530000e-04	0.000000000000e+00
500	-1.744500000000e-01	0	6.103560000000e-05	5.966442070000e-01	-1.046074540000e-04	0.000000000000e+00
500	-1.753400000000e-01	0	6.103560000000e-05	5.964544540000e-01	-9.980615260000e-05	0.000000000000e+00
500	-1.762000000000e-01	0	6.103560000000e-05	5.967868680000e-01	-1.018638530000e-04	0.000000000000e+00
500	-1.770900000000e-01	0	6.103560000000e-05	5.969018270000e-01	-1.011779530000e-04	0.000000000000e+00
500	-1.779900000000e-01	0	6.103560000000e-05	5.968817440000e-01	-1.004920530000e-04	0.000000000000e+00
500	-1.788300000000e-01	0	0.000000000000e+00	5.966788330000e-01	-1.025497530000e-04	0.000000000000e+00
500	-1.796400000000e-01	0	0.000000000000e+00	5.970389480000e-01	-1.059792550000e-04	0.000000000000e+00
500	-1.805000000000e-01	0	6.103560000000e-05	5.965874190000e-01	-1.059792550000e-04	0.000000000000e+00
500	-1.814000000000e-01	0	6.103560000000e-05	5.966372810000e-01	-1.004920530000e-04	0.000000000000e+00
500	-1.822400000000e-01	0	6.103560000000e-05	5.959523700000e-01	-1.059792550000e-04	0.000000000000e+00
500	-1.831200000000e-01	0	6.103560000000e-05	5.967744020000e-01	-1.011779530000e-04	0.000000000000e+00
500	-1.840100000000e-01	0	0.000000000000e+00	5.964946200000e-01	-1.059792550000e-04	0.000000000000e+00
500	-1.847900000000e-01	0	0.000000000000e+00	5.969579220000e-01	-1.025497530000e-04	0.000000000000e+00
500	-1.856500000000e-01	0	6.103560000000e-05	5.968595830000e-01	-1.039215540000e-04	0.000000000000e+00
500	-1.865400000000e-01	0	1.220710000000e-04	5.965382500000e-01	-1.059792550000e-04	0.000000000000e+00
500	-1.874600000000e-01	0	6.103560000000e-05	5.969322990000e-01	-1.018638530000e-04	0.000000000000e+00
500	-1.882900000000e-01	0	6.103560000000e-05	5.969461490000e-01	-1.039215540000e-04	0.000000000000e+00
500	-1.891800000000e-01	0	6.103560000000e-05	5.968595830000e-01	-1.059792550000e-04	0.000000000000e+00
500	-1.900700000000e-01	0	0.000000000000e+00	5.966317410000e-01	-1.025497530000e-04	0.000000000000e+00
500	-1.908500000000e-01	0	6.103560000000e-05	5.963360310000e-01	-1.011779530000e-04	0.000000000000e+00
500	-1.916900000000e-01	0	0.000000000000e+00	5.970105550000e-01	-1.025497530000e-04	0.000000000000e+00
500	-1.925800000000e-01	0	6.103560000000e-05	5.970119400000e-01	-1.025497530000e-04	0.000000000000e+00
500	-1.934800000000e-01	0	6.103560000000e-05	5.971393650000e-01	-1.046074540000e-04	0.000000000000e+00
500	-1.943800000000e-01	0	0.000000000000e+00	5.969509970000e-01	-1.011779530000e-04	0.000000000000e+00
500	-1.952500000000e-01	0	0.000000000000e+00	5.966220460000e-01	-1.066651550000e-04	0.000000000000e+00
500	-1.960300000000e-01	0	6.103560000000e-05	5.969960110000e-01	-1.066651550000e-04	0.000000000000e+00
500	-1.969000000000e-01	0	0.000000000000e+00	5.967003010000e-01	-1.052933540000e-04	0.000000000000e+00
500	-1.977600000000e-01	0	1.220710000000e-04	5.970140170000e-01	-1.018638530000e-04	0.000000000000e+00
500	-1.986500000000e-01	0	6.103560000000e-05	5.969703880000e-01	-1.052933540000e-04	0.000000000000e+00
500	-1.994800000000e-01	0	6.103560000000e-05	5.969073680000e-01	-1.039215540000e-04	0.000000000000e+00
500	-1.998100000000e-01	0	6.103560000000e-05	5.969219110000e-01	-9.774845190000e-05	0.000000000000e+00
500	-1.998900000000e-01	0	0.000000000000e+00	5.966428220000e-01	-1.018638530000e-04	0.000000000000e+00
500	-1.999800000000e-01	0	1.220710000000e-04	5.975749660000e-01	-1.011779530000e-04	0.000000000000e+00

