# Filename: data_588.dat
# Timestamp: Wed Sep 04 04:35:49 2019

# Column 1:
#	end: -0.2
#	name: IPS120-10 (swept B(T))
#	size: 2
#	start: 0.2
#	type: coordinate
# Column 2:
#	end: 0
#	name: y_parameter (none)
#	size: 1
#	start: 0
#	type: coordinate
# Column 3:
#	end: 0
#	name: z_parameter (none)
#	size: 1
#	start: 0
#	type: coordinate
# Column 4:
#	name: lockin 1
#	type: value
# Column 5:
#	name: Keithley 1
#	type: value
# Column 6:
#	name: Keithley 2
#	type: value
# Column 7:
#	name: processed dIdV
#	type: value

500	1.997500000000e-01	0	6.103560000000e-05	5.520176240000e-01	-1.094087560000e-04	0.000000000000e+00
500	1.990600000000e-01	0	0.000000000000e+00	5.515252360000e-01	-1.052933540000e-04	0.000000000000e+00
500	1.983700000000e-01	0	6.103560000000e-05	5.514559830000e-01	-1.052933540000e-04	0.000000000000e+00
500	1.975300000000e-01	0	6.103560000000e-05	5.513853450000e-01	-1.025497530000e-04	0.000000000000e+00
500	1.966400000000e-01	0	6.103560000000e-05	5.513777270000e-01	-1.087228550000e-04	0.000000000000e+00
500	1.957700000000e-01	0	0.000000000000e+00	5.513465630000e-01	-9.980615260000e-05	0.000000000000e+00
500	1.949000000000e-01	0	0.000000000000e+00	5.511949000000e-01	-1.073510550000e-04	0.000000000000e+00
500	1.940300000000e-01	0	6.103560000000e-05	5.511983620000e-01	-1.100946560000e-04	0.000000000000e+00
500	1.931400000000e-01	0	0.000000000000e+00	5.511242620000e-01	-1.080369550000e-04	0.000000000000e+00
500	1.923400000000e-01	0	0.000000000000e+00	5.509545920000e-01	-1.073510550000e-04	0.000000000000e+00
500	1.915100000000e-01	0	0.000000000000e+00	5.510155340000e-01	-1.073510550000e-04	0.000000000000e+00
500	1.906200000000e-01	0	6.103560000000e-05	5.508687180000e-01	-9.912025230000e-05	0.000000000000e+00
500	1.897200000000e-01	0	0.000000000000e+00	5.508742580000e-01	-1.025497530000e-04	0.000000000000e+00
500	1.888500000000e-01	0	6.103560000000e-05	5.512911610000e-01	-1.011779530000e-04	0.000000000000e+00
500	1.879500000000e-01	0	0.000000000000e+00	5.506173300000e-01	-1.046074540000e-04	0.000000000000e+00
500	1.872000000000e-01	0	0.000000000000e+00	5.506083270000e-01	-1.011779530000e-04	0.000000000000e+00
500	1.863200000000e-01	0	0.000000000000e+00	5.506007090000e-01	-1.039215540000e-04	0.000000000000e+00
500	1.854000000000e-01	0	0.000000000000e+00	5.509358940000e-01	-1.059792550000e-04	0.000000000000e+00
500	1.845500000000e-01	0	0.000000000000e+00	5.502717580000e-01	-1.039215540000e-04	0.000000000000e+00
500	1.836700000000e-01	0	6.103560000000e-05	5.502205110000e-01	-9.980615260000e-05	0.000000000000e+00
500	1.828100000000e-01	0	0.000000000000e+00	5.510757840000e-01	-1.025497530000e-04	0.000000000000e+00
500	1.819300000000e-01	0	0.000000000000e+00	5.501748040000e-01	-1.039215540000e-04	0.000000000000e+00
500	1.811600000000e-01	0	0.000000000000e+00	5.501027810000e-01	-1.046074540000e-04	0.000000000000e+00
500	1.802600000000e-01	0	0.000000000000e+00	5.498784010000e-01	-1.046074540000e-04	0.000000000000e+00
500	1.793600000000e-01	0	0.000000000000e+00	5.499407290000e-01	-1.046074540000e-04	0.000000000000e+00
500	1.785400000000e-01	0	0.000000000000e+00	5.498507000000e-01	-1.004920530000e-04	0.000000000000e+00
500	1.776300000000e-01	0	0.000000000000e+00	5.497592860000e-01	-9.843435210000e-05	0.000000000000e+00
500	1.768400000000e-01	0	0.000000000000e+00	5.511685830000e-01	-1.011779530000e-04	0.000000000000e+00
500	1.759900000000e-01	0	0.000000000000e+00	5.505480770000e-01	-1.025497530000e-04	0.000000000000e+00
500	1.751300000000e-01	0	6.103560000000e-05	5.510363100000e-01	-1.018638530000e-04	0.000000000000e+00
500	1.742000000000e-01	0	0.000000000000e+00	5.511935140000e-01	-9.774845190000e-05	0.000000000000e+00
500	1.733500000000e-01	0	0.000000000000e+00	5.511755090000e-01	-1.046074540000e-04	0.000000000000e+00
500	1.724900000000e-01	0	6.103560000000e-05	5.504552780000e-01	-1.073510550000e-04	0.000000000000e+00
500	1.716700000000e-01	0	0.000000000000e+00	5.509864480000e-01	-1.025497530000e-04	0.000000000000e+00
500	1.707900000000e-01	0	0.000000000000e+00	5.502766060000e-01	-1.059792550000e-04	0.000000000000e+00
500	1.699300000000e-01	0	0.000000000000e+00	5.503250830000e-01	-1.052933540000e-04	0.000000000000e+00
500	1.690900000000e-01	0	6.103560000000e-05	5.503354710000e-01	-1.052933540000e-04	0.000000000000e+00
500	1.681500000000e-01	0	6.103560000000e-05	5.502399020000e-01	-1.011779530000e-04	0.000000000000e+00
500	1.673000000000e-01	0	0.000000000000e+00	5.502523670000e-01	-1.052933540000e-04	0.000000000000e+00
500	1.665400000000e-01	0	0.000000000000e+00	5.504829790000e-01	-1.032356540000e-04	0.000000000000e+00
500	1.656600000000e-01	0	0.000000000000e+00	5.501242490000e-01	-1.046074540000e-04	0.000000000000e+00
500	1.647500000000e-01	0	0.000000000000e+00	5.508015430000e-01	-9.980615260000e-05	0.000000000000e+00
500	1.638800000000e-01	0	0.000000000000e+00	5.500023640000e-01	-1.039215540000e-04	0.000000000000e+00
500	1.630200000000e-01	0	0.000000000000e+00	5.499926690000e-01	-9.980615260000e-05	0.000000000000e+00
500	1.621300000000e-01	0	0.000000000000e+00	5.499379590000e-01	-1.025497530000e-04	0.000000000000e+00
500	1.613500000000e-01	0	0.000000000000e+00	5.500148300000e-01	-1.059792550000e-04	0.000000000000e+00
500	1.604700000000e-01	0	0.000000000000e+00	5.499109500000e-01	-1.032356540000e-04	0.000000000000e+00
500	1.595900000000e-01	0	0.000000000000e+00	5.498008380000e-01	-1.025497530000e-04	0.000000000000e+00
500	1.587200000000e-01	0	6.103560000000e-05	5.499012550000e-01	-1.073510550000e-04	0.000000000000e+00
500	1.578400000000e-01	0	0.000000000000e+00	5.499344960000e-01	-1.080369550000e-04	0.000000000000e+00
500	1.569700000000e-01	0	0.000000000000e+00	5.500016720000e-01	-1.087228550000e-04	0.000000000000e+00
500	1.561700000000e-01	0	0.000000000000e+00	5.500002870000e-01	-1.032356540000e-04	0.000000000000e+00
500	1.552900000000e-01	0	0.000000000000e+00	5.496574850000e-01	-1.046074540000e-04	0.000000000000e+00
500	1.544400000000e-01	0	0.000000000000e+00	5.502821460000e-01	-1.032356540000e-04	0.000000000000e+00
500	1.535500000000e-01	0	0.000000000000e+00	5.496948810000e-01	-1.059792550000e-04	0.000000000000e+00
500	1.526600000000e-01	0	0.000000000000e+00	5.497759070000e-01	-1.039215540000e-04	0.000000000000e+00
500	1.517800000000e-01	0	0.000000000000e+00	5.497669040000e-01	-1.039215540000e-04	0.000000000000e+00
500	1.510500000000e-01	0	0.000000000000e+00	5.487973630000e-01	-1.080369550000e-04	0.000000000000e+00
500	1.501100000000e-01	0	0.000000000000e+00	5.488195240000e-01	-1.018638530000e-04	0.000000000000e+00
500	1.492500000000e-01	0	0.000000000000e+00	5.487855900000e-01	-1.018638530000e-04	0.000000000000e+00
500	1.484000000000e-01	0	0.000000000000e+00	5.488167540000e-01	-1.046074540000e-04	0.000000000000e+00
500	1.475000000000e-01	0	0.000000000000e+00	5.490612170000e-01	-1.080369550000e-04	0.000000000000e+00
500	1.467500000000e-01	0	0.000000000000e+00	5.489587230000e-01	-1.032356540000e-04	0.000000000000e+00
500	1.458400000000e-01	0	0.000000000000e+00	5.489130160000e-01	-1.018638530000e-04	0.000000000000e+00
500	1.449700000000e-01	0	0.000000000000e+00	5.489504120000e-01	-1.032356540000e-04	0.000000000000e+00
500	1.440500000000e-01	0	0.000000000000e+00	5.494483410000e-01	-1.046074540000e-04	0.000000000000e+00
500	1.432300000000e-01	0	0.000000000000e+00	5.490875330000e-01	-1.032356540000e-04	0.000000000000e+00
500	1.423100000000e-01	0	0.000000000000e+00	5.492295020000e-01	-9.980615260000e-05	0.000000000000e+00
500	1.415500000000e-01	0	0.000000000000e+00	5.489247890000e-01	-1.052933540000e-04	0.000000000000e+00
500	1.406700000000e-01	0	0.000000000000e+00	5.486830960000e-01	-1.004920530000e-04	0.000000000000e+00
500	1.398000000000e-01	0	6.103560000000e-05	5.490861480000e-01	-1.004920530000e-04	0.000000000000e+00
500	1.389400000000e-01	0	6.103560000000e-05	5.489677260000e-01	-1.046074540000e-04	0.000000000000e+00
500	1.380300000000e-01	0	6.103560000000e-05	5.493042950000e-01	-1.004920530000e-04	0.000000000000e+00
500	1.371300000000e-01	0	6.103560000000e-05	5.491630190000e-01	-1.025497530000e-04	0.000000000000e+00
500	1.364000000000e-01	0	0.000000000000e+00	5.492925220000e-01	-1.039215540000e-04	0.000000000000e+00
500	1.355200000000e-01	0	0.000000000000e+00	5.492565100000e-01	-9.980615260000e-05	0.000000000000e+00
500	1.346300000000e-01	0	0.000000000000e+00	5.494199470000e-01	-9.980615260000e-05	0.000000000000e+00
500	1.337300000000e-01	0	6.103560000000e-05	5.494795050000e-01	-1.039215540000e-04	0.000000000000e+00
500	1.328700000000e-01	0	0.000000000000e+00	5.500910080000e-01	-1.052933540000e-04	0.000000000000e+00
500	1.319500000000e-01	0	6.103560000000e-05	5.500162150000e-01	-1.059792550000e-04	0.000000000000e+00
500	1.312000000000e-01	0	6.103560000000e-05	5.499130280000e-01	-1.046074540000e-04	0.000000000000e+00
500	1.303500000000e-01	0	0.000000000000e+00	5.496297830000e-01	-1.025497530000e-04	0.000000000000e+00
500	1.294600000000e-01	0	0.000000000000e+00	5.494850450000e-01	-1.039215540000e-04	0.000000000000e+00
500	1.285700000000e-01	0	6.103560000000e-05	5.503008440000e-01	-1.032356540000e-04	0.000000000000e+00
500	1.277000000000e-01	0	6.103560000000e-05	5.498569330000e-01	-1.046074540000e-04	0.000000000000e+00
500	1.268500000000e-01	0	0.000000000000e+00	5.500148300000e-01	-1.066651550000e-04	0.000000000000e+00
500	1.259300000000e-01	0	0.000000000000e+00	5.498680140000e-01	-1.025497530000e-04	0.000000000000e+00
500	1.251700000000e-01	0	6.103560000000e-05	5.499407290000e-01	-1.039215540000e-04	0.000000000000e+00
500	1.243000000000e-01	0	0.000000000000e+00	5.502579070000e-01	-1.025497530000e-04	0.000000000000e+00
500	1.234000000000e-01	0	0.000000000000e+00	5.500840830000e-01	-1.011779530000e-04	0.000000000000e+00
500	1.225300000000e-01	0	0.000000000000e+00	5.502530600000e-01	-1.004920530000e-04	0.000000000000e+00
500	1.216500000000e-01	0	0.000000000000e+00	5.500044420000e-01	-1.059792550000e-04	0.000000000000e+00
500	1.208000000000e-01	0	0.000000000000e+00	5.502052750000e-01	-1.032356540000e-04	0.000000000000e+00
500	1.198800000000e-01	0	0.000000000000e+00	5.502489050000e-01	-1.052933540000e-04	0.000000000000e+00
500	1.191100000000e-01	0	6.103560000000e-05	5.503846400000e-01	-1.004920530000e-04	0.000000000000e+00
500	1.182600000000e-01	0	0.000000000000e+00	5.504725920000e-01	-1.052933540000e-04	0.000000000000e+00
500	1.173700000000e-01	0	0.000000000000e+00	5.505182980000e-01	-1.073510550000e-04	0.000000000000e+00
500	1.164900000000e-01	0	6.103560000000e-05	5.504331170000e-01	-1.025497530000e-04	0.000000000000e+00
500	1.156100000000e-01	0	0.000000000000e+00	5.505771630000e-01	-1.087228550000e-04	0.000000000000e+00
500	1.147200000000e-01	0	0.000000000000e+00	5.507655310000e-01	-1.052933540000e-04	0.000000000000e+00
500	1.139300000000e-01	0	6.103560000000e-05	5.509102700000e-01	-1.046074540000e-04	0.000000000000e+00
500	1.130500000000e-01	0	0.000000000000e+00	5.511145660000e-01	-1.039215540000e-04	0.000000000000e+00
500	1.121800000000e-01	0	6.103560000000e-05	5.510743990000e-01	-1.087228550000e-04	0.000000000000e+00
500	1.113100000000e-01	0	6.103560000000e-05	5.511838190000e-01	-1.059792550000e-04	0.000000000000e+00
500	1.104100000000e-01	0	0.000000000000e+00	5.513022420000e-01	-1.087228550000e-04	0.000000000000e+00
500	1.095800000000e-01	0	0.000000000000e+00	5.509788300000e-01	-1.073510550000e-04	0.000000000000e+00
500	1.087800000000e-01	0	0.000000000000e+00	5.511014080000e-01	-1.059792550000e-04	0.000000000000e+00
500	1.078700000000e-01	0	0.000000000000e+00	5.511131810000e-01	-1.073510550000e-04	0.000000000000e+00
500	1.070200000000e-01	0	0.000000000000e+00	5.518728860000e-01	-1.059792550000e-04	0.000000000000e+00
500	1.061700000000e-01	0	6.103560000000e-05	5.514989200000e-01	-1.052933540000e-04	0.000000000000e+00
500	1.052500000000e-01	0	0.000000000000e+00	5.512890830000e-01	-1.059792550000e-04	0.000000000000e+00
500	1.044900000000e-01	0	6.103560000000e-05	5.512537640000e-01	-1.018638530000e-04	0.000000000000e+00
500	1.036300000000e-01	0	6.103560000000e-05	5.512094430000e-01	-1.094087560000e-04	0.000000000000e+00
500	1.027600000000e-01	0	6.103560000000e-05	5.513354830000e-01	-1.052933540000e-04	0.000000000000e+00
500	1.018400000000e-01	0	0.000000000000e+00	5.523154120000e-01	-1.039215540000e-04	0.000000000000e+00
500	1.009900000000e-01	0	0.000000000000e+00	5.515453190000e-01	-1.039215540000e-04	0.000000000000e+00
500	1.001200000000e-01	0	6.103560000000e-05	5.514594460000e-01	-1.052933540000e-04	0.000000000000e+00
500	9.921000000000e-02	0	6.103560000000e-05	5.514511350000e-01	-1.052933540000e-04	0.000000000000e+00
500	9.844000000000e-02	0	6.103560000000e-05	5.514649860000e-01	-1.039215540000e-04	0.000000000000e+00
500	9.758000000000e-02	0	0.000000000000e+00	5.515079230000e-01	-1.087228550000e-04	0.000000000000e+00
500	9.672000000000e-02	0	6.103560000000e-05	5.518805030000e-01	-1.066651550000e-04	0.000000000000e+00
500	9.577000000000e-02	0	0.000000000000e+00	5.517239920000e-01	-1.039215540000e-04	0.000000000000e+00
500	9.493000000000e-02	0	0.000000000000e+00	5.517413050000e-01	-9.980615260000e-05	0.000000000000e+00
500	9.416000000000e-02	0	0.000000000000e+00	5.517413050000e-01	-1.032356540000e-04	0.000000000000e+00
500	9.328000000000e-02	0	0.000000000000e+00	5.517544630000e-01	-1.046074540000e-04	0.000000000000e+00
500	9.235000000000e-02	0	6.103560000000e-05	5.521540520000e-01	-1.080369550000e-04	0.000000000000e+00
500	9.150000000000e-02	0	0.000000000000e+00	5.522260760000e-01	-1.059792550000e-04	0.000000000000e+00
500	9.063000000000e-02	0	0.000000000000e+00	5.522357710000e-01	-1.039215540000e-04	0.000000000000e+00
500	8.987000000000e-02	0	0.000000000000e+00	5.520654090000e-01	-1.059792550000e-04	0.000000000000e+00
500	8.899000000000e-02	0	0.000000000000e+00	5.520570980000e-01	-1.032356540000e-04	0.000000000000e+00
500	8.810000000000e-02	0	0.000000000000e+00	5.518638830000e-01	-1.025497530000e-04	0.000000000000e+00
500	8.721000000000e-02	0	0.000000000000e+00	5.519234400000e-01	-1.059792550000e-04	0.000000000000e+00
500	8.633000000000e-02	0	0.000000000000e+00	5.517967070000e-01	-1.052933540000e-04	0.000000000000e+00
500	8.547000000000e-02	0	0.000000000000e+00	5.518389520000e-01	-1.094087560000e-04	0.000000000000e+00
500	8.460000000000e-02	0	0.000000000000e+00	5.518154060000e-01	-1.100946560000e-04	0.000000000000e+00
500	8.379000000000e-02	0	0.000000000000e+00	5.518133280000e-01	-1.107805560000e-04	0.000000000000e+00
500	8.293000000000e-02	0	0.000000000000e+00	5.528133400000e-01	-1.087228550000e-04	0.000000000000e+00
500	8.205000000000e-02	0	6.103560000000e-05	5.519456010000e-01	-1.087228550000e-04	0.000000000000e+00
500	8.118000000000e-02	0	6.103560000000e-05	5.529158350000e-01	-1.066651550000e-04	0.000000000000e+00
500	8.030000000000e-02	0	6.103560000000e-05	5.517974000000e-01	-1.066651550000e-04	0.000000000000e+00
500	7.939000000000e-02	0	0.000000000000e+00	5.519497560000e-01	-1.039215540000e-04	0.000000000000e+00
500	7.865000000000e-02	0	6.103560000000e-05	5.518361820000e-01	-1.080369550000e-04	0.000000000000e+00
500	7.774000000000e-02	0	0.000000000000e+00	5.520030810000e-01	-1.059792550000e-04	0.000000000000e+00
500	7.686000000000e-02	0	0.000000000000e+00	5.519823050000e-01	-1.046074540000e-04	0.000000000000e+00
500	7.601000000000e-02	0	0.000000000000e+00	5.519144370000e-01	-1.018638530000e-04	0.000000000000e+00
500	7.513000000000e-02	0	0.000000000000e+00	5.529878580000e-01	-1.080369550000e-04	0.000000000000e+00
500	7.433000000000e-02	0	0.000000000000e+00	5.518611130000e-01	-1.114664560000e-04	0.000000000000e+00
500	7.347000000000e-02	0	0.000000000000e+00	5.522025300000e-01	-1.094087560000e-04	0.000000000000e+00
500	7.261000000000e-02	0	6.103560000000e-05	5.522191500000e-01	-1.039215540000e-04	0.000000000000e+00
500	7.173000000000e-02	0	6.103560000000e-05	5.521554380000e-01	-1.059792550000e-04	0.000000000000e+00
500	7.085000000000e-02	0	0.000000000000e+00	5.521325840000e-01	-1.046074540000e-04	0.000000000000e+00
500	6.995000000000e-02	0	0.000000000000e+00	5.522350780000e-01	-1.046074540000e-04	0.000000000000e+00
500	6.908000000000e-02	0	0.000000000000e+00	5.519975410000e-01	-1.039215540000e-04	0.000000000000e+00
500	6.831000000000e-02	0	0.000000000000e+00	5.521408940000e-01	-1.025497530000e-04	0.000000000000e+00
500	6.742000000000e-02	0	0.000000000000e+00	5.521498970000e-01	-1.100946560000e-04	0.000000000000e+00
500	6.658000000000e-02	0	0.000000000000e+00	5.521194260000e-01	-1.004920530000e-04	0.000000000000e+00
500	6.564000000000e-02	0	0.000000000000e+00	5.521679030000e-01	-1.011779530000e-04	0.000000000000e+00
500	6.477000000000e-02	0	6.103560000000e-05	5.521921420000e-01	-1.073510550000e-04	0.000000000000e+00
500	6.402000000000e-02	0	6.103560000000e-05	5.520453250000e-01	-1.011779530000e-04	0.000000000000e+00
500	6.313000000000e-02	0	6.103560000000e-05	5.519857680000e-01	-1.004920530000e-04	0.000000000000e+00
500	6.225000000000e-02	0	6.103560000000e-05	5.520820290000e-01	-1.052933540000e-04	0.000000000000e+00
500	6.138000000000e-02	0	0.000000000000e+00	5.520785670000e-01	-1.039215540000e-04	0.000000000000e+00
500	6.050000000000e-02	0	0.000000000000e+00	5.520536360000e-01	-1.046074540000e-04	0.000000000000e+00
500	5.963000000000e-02	0	0.000000000000e+00	5.519601440000e-01	-1.025497530000e-04	0.000000000000e+00
500	5.884000000000e-02	0	0.000000000000e+00	5.532157000000e-01	-1.059792550000e-04	0.000000000000e+00
500	5.796000000000e-02	0	6.103560000000e-05	5.519795350000e-01	-1.018638530000e-04	0.000000000000e+00
500	5.710000000000e-02	0	6.103560000000e-05	5.519691470000e-01	-1.032356540000e-04	0.000000000000e+00
500	5.621000000000e-02	0	0.000000000000e+00	5.519781500000e-01	-1.004920530000e-04	0.000000000000e+00
500	5.532000000000e-02	0	0.000000000000e+00	5.520944950000e-01	-1.080369550000e-04	0.000000000000e+00
500	5.447000000000e-02	0	0.000000000000e+00	5.519615290000e-01	-1.066651550000e-04	0.000000000000e+00
500	5.366000000000e-02	0	0.000000000000e+00	5.520210870000e-01	-1.032356540000e-04	0.000000000000e+00
500	5.279000000000e-02	0	0.000000000000e+00	5.520390930000e-01	-1.039215540000e-04	0.000000000000e+00
500	5.193000000000e-02	0	0.000000000000e+00	5.520224720000e-01	-9.980615260000e-05	0.000000000000e+00
500	5.109000000000e-02	0	0.000000000000e+00	5.518361820000e-01	-1.025497530000e-04	0.000000000000e+00
500	5.015000000000e-02	0	0.000000000000e+00	5.518493400000e-01	-1.011779530000e-04	0.000000000000e+00
500	4.930000000000e-02	0	6.103560000000e-05	5.521166560000e-01	-1.066651550000e-04	0.000000000000e+00
500	4.839000000000e-02	0	0.000000000000e+00	5.518777330000e-01	-1.066651550000e-04	0.000000000000e+00
500	4.763000000000e-02	0	6.103560000000e-05	5.519733020000e-01	-1.025497530000e-04	0.000000000000e+00
500	4.675000000000e-02	0	6.103560000000e-05	5.519179000000e-01	-1.046074540000e-04	0.000000000000e+00
500	4.588000000000e-02	0	0.000000000000e+00	5.519088970000e-01	-1.018638530000e-04	0.000000000000e+00
500	4.500000000000e-02	0	0.000000000000e+00	5.516408880000e-01	-1.073510550000e-04	0.000000000000e+00
500	4.411000000000e-02	0	0.000000000000e+00	5.519843830000e-01	-1.025497530000e-04	0.000000000000e+00
500	4.333000000000e-02	0	0.000000000000e+00	5.518652680000e-01	-1.039215540000e-04	0.000000000000e+00
500	4.246000000000e-02	0	0.000000000000e+00	5.518791180000e-01	-1.018638530000e-04	0.000000000000e+00
500	4.156000000000e-02	0	0.000000000000e+00	5.518715010000e-01	-1.059792550000e-04	0.000000000000e+00
500	4.072000000000e-02	0	0.000000000000e+00	5.520273200000e-01	-1.059792550000e-04	0.000000000000e+00
500	3.982000000000e-02	0	0.000000000000e+00	5.519975410000e-01	-1.059792550000e-04	0.000000000000e+00
500	3.894000000000e-02	0	0.000000000000e+00	5.527738660000e-01	-1.025497530000e-04	0.000000000000e+00
500	3.816000000000e-02	0	0.000000000000e+00	5.519573740000e-01	-1.073510550000e-04	0.000000000000e+00
500	3.732000000000e-02	0	0.000000000000e+00	5.519220550000e-01	-1.011779530000e-04	0.000000000000e+00
500	3.643000000000e-02	0	0.000000000000e+00	5.518341040000e-01	-1.059792550000e-04	0.000000000000e+00
500	3.552000000000e-02	0	0.000000000000e+00	5.518791180000e-01	-1.080369550000e-04	0.000000000000e+00
500	3.465000000000e-02	0	0.000000000000e+00	5.519379830000e-01	-1.080369550000e-04	0.000000000000e+00
500	3.378000000000e-02	0	0.000000000000e+00	5.519691470000e-01	-1.052933540000e-04	0.000000000000e+00
500	3.301000000000e-02	0	0.000000000000e+00	5.522703970000e-01	-1.052933540000e-04	0.000000000000e+00
500	3.214000000000e-02	0	0.000000000000e+00	5.519393680000e-01	-1.066651550000e-04	0.000000000000e+00
500	3.127000000000e-02	0	6.103560000000e-05	5.518583420000e-01	-1.032356540000e-04	0.000000000000e+00
500	3.039000000000e-02	0	0.000000000000e+00	5.519262100000e-01	-1.059792550000e-04	0.000000000000e+00
500	2.951000000000e-02	0	6.103560000000e-05	5.520307820000e-01	-1.032356540000e-04	0.000000000000e+00
500	2.869000000000e-02	0	0.000000000000e+00	5.520605610000e-01	-1.087228550000e-04	0.000000000000e+00
500	2.785000000000e-02	0	0.000000000000e+00	5.518652680000e-01	-1.087228550000e-04	0.000000000000e+00
500	2.697000000000e-02	0	0.000000000000e+00	5.522046070000e-01	-1.025497530000e-04	0.000000000000e+00
500	2.606000000000e-02	0	0.000000000000e+00	5.520238570000e-01	-1.032356540000e-04	0.000000000000e+00
500	2.523000000000e-02	0	6.103560000000e-05	5.521810610000e-01	-1.004920530000e-04	0.000000000000e+00
500	2.433000000000e-02	0	0.000000000000e+00	5.522842480000e-01	-1.004920530000e-04	0.000000000000e+00
500	2.353000000000e-02	0	0.000000000000e+00	5.522330010000e-01	-1.032356540000e-04	0.000000000000e+00
500	2.267000000000e-02	0	0.000000000000e+00	5.522316160000e-01	-1.018638530000e-04	0.000000000000e+00
500	2.179000000000e-02	0	0.000000000000e+00	5.536679210000e-01	-1.025497530000e-04	0.000000000000e+00
500	2.094000000000e-02	0	0.000000000000e+00	5.523541930000e-01	-1.004920530000e-04	0.000000000000e+00
500	2.004000000000e-02	0	0.000000000000e+00	5.518244090000e-01	-9.569075120000e-05	0.000000000000e+00
500	1.928000000000e-02	0	0.000000000000e+00	5.518022480000e-01	-1.011779530000e-04	0.000000000000e+00
500	1.841000000000e-02	0	6.103560000000e-05	5.518167910000e-01	-1.004920530000e-04	0.000000000000e+00
500	1.751000000000e-02	0	6.103560000000e-05	5.517503080000e-01	-9.912025230000e-05	0.000000000000e+00
500	1.663000000000e-02	0	0.000000000000e+00	5.519462940000e-01	-1.004920530000e-04	0.000000000000e+00
500	1.575000000000e-02	0	0.000000000000e+00	5.518701150000e-01	-1.004920530000e-04	0.000000000000e+00
500	1.490000000000e-02	0	6.103560000000e-05	5.521949120000e-01	-9.843435210000e-05	0.000000000000e+00
500	1.407000000000e-02	0	0.000000000000e+00	5.522330010000e-01	-1.011779530000e-04	0.000000000000e+00
500	1.321000000000e-02	0	0.000000000000e+00	5.523396500000e-01	-9.363305060000e-05	0.000000000000e+00
500	1.235000000000e-02	0	0.000000000000e+00	5.523888200000e-01	-9.637665140000e-05	0.000000000000e+00
500	1.148000000000e-02	0	6.103560000000e-05	5.524712310000e-01	-9.569075120000e-05	0.000000000000e+00
500	1.057000000000e-02	0	6.103560000000e-05	5.539483960000e-01	-9.980615260000e-05	0.000000000000e+00
500	9.730000000000e-03	0	6.103560000000e-05	5.525813430000e-01	-1.025497530000e-04	0.000000000000e+00
500	8.830000000000e-03	0	0.000000000000e+00	5.525134750000e-01	-9.774845190000e-05	0.000000000000e+00
500	8.050000000000e-03	0	0.000000000000e+00	5.526997650000e-01	-1.018638530000e-04	0.000000000000e+00
500	7.180000000000e-03	0	0.000000000000e+00	5.528147250000e-01	-9.774845190000e-05	0.000000000000e+00
500	6.300000000000e-03	0	0.000000000000e+00	5.530058630000e-01	-9.912025230000e-05	0.000000000000e+00
500	5.390000000000e-03	0	6.103560000000e-05	5.543936920000e-01	-9.912025230000e-05	0.000000000000e+00
500	4.540000000000e-03	0	0.000000000000e+00	5.530515700000e-01	-9.912025230000e-05	0.000000000000e+00
500	3.660000000000e-03	0	0.000000000000e+00	5.530910440000e-01	-9.431895080000e-05	0.000000000000e+00
500	2.910000000000e-03	0	0.000000000000e+00	5.533812140000e-01	-9.637665140000e-05	0.000000000000e+00
500	1.960000000000e-03	0	0.000000000000e+00	5.534172260000e-01	-9.912025230000e-05	0.000000000000e+00
500	1.100000000000e-03	0	0.000000000000e+00	5.534940960000e-01	-9.774845190000e-05	0.000000000000e+00
500	2.600000000000e-04	0	0.000000000000e+00	5.534400790000e-01	-9.157534990000e-05	0.000000000000e+00
500	-6.300000000000e-04	0	0.000000000000e+00	5.536111340000e-01	-9.706255170000e-05	0.000000000000e+00
500	-1.400000000000e-03	0	0.000000000000e+00	5.538078120000e-01	-9.980615260000e-05	0.000000000000e+00
500	-2.290000000000e-03	0	6.103560000000e-05	5.540474270000e-01	-9.363305060000e-05	0.000000000000e+00
500	-3.140000000000e-03	0	6.103560000000e-05	5.523874350000e-01	-9.637665140000e-05	0.000000000000e+00
500	-4.070000000000e-03	0	6.103560000000e-05	5.540031050000e-01	-9.569075120000e-05	0.000000000000e+00
500	-4.920000000000e-03	0	6.103560000000e-05	5.541416110000e-01	-9.431895080000e-05	0.000000000000e+00
500	-5.800000000000e-03	0	6.103560000000e-05	5.544089280000e-01	-9.431895080000e-05	0.000000000000e+00
500	-6.700000000000e-03	0	0.000000000000e+00	5.545287350000e-01	-9.774845190000e-05	0.000000000000e+00
500	-7.480000000000e-03	0	0.000000000000e+00	5.546263820000e-01	-9.706255170000e-05	0.000000000000e+00
500	-8.320000000000e-03	0	6.103560000000e-05	5.548175200000e-01	-9.500485100000e-05	0.000000000000e+00
500	-9.190000000000e-03	0	0.000000000000e+00	5.549193220000e-01	-9.843435210000e-05	0.000000000000e+00
500	-1.012000000000e-02	0	0.000000000000e+00	5.551069970000e-01	-9.500485100000e-05	0.000000000000e+00
500	-1.095000000000e-02	0	0.000000000000e+00	5.551866380000e-01	-9.431895080000e-05	0.000000000000e+00
500	-1.184000000000e-02	0	0.000000000000e+00	5.576492720000e-01	-9.363305060000e-05	0.000000000000e+00
500	-1.264000000000e-02	0	0.000000000000e+00	5.584491430000e-01	-9.706255170000e-05	0.000000000000e+00
500	-1.349000000000e-02	0	6.103560000000e-05	5.592552470000e-01	-9.226125010000e-05	0.000000000000e+00
500	-1.436000000000e-02	0	6.103560000000e-05	5.586347410000e-01	-9.912025230000e-05	0.000000000000e+00
500	-1.523000000000e-02	0	6.103560000000e-05	5.586832180000e-01	-9.912025230000e-05	0.000000000000e+00
500	-1.616000000000e-02	0	0.000000000000e+00	5.588431920000e-01	-9.431895080000e-05	0.000000000000e+00
500	-1.701000000000e-02	0	0.000000000000e+00	5.590876550000e-01	-9.363305060000e-05	0.000000000000e+00
500	-1.788000000000e-02	0	6.103560000000e-05	5.600488850000e-01	-9.637665140000e-05	0.000000000000e+00
500	-1.867000000000e-02	0	6.103560000000e-05	5.592621720000e-01	-9.774845190000e-05	0.000000000000e+00
500	-1.955000000000e-02	0	0.000000000000e+00	5.593722840000e-01	-9.500485100000e-05	0.000000000000e+00
500	-2.043000000000e-02	0	6.103560000000e-05	5.593729770000e-01	-9.431895080000e-05	0.000000000000e+00
500	-2.128000000000e-02	0	6.103560000000e-05	5.597116240000e-01	-8.951764920000e-05	0.000000000000e+00
500	-2.222000000000e-02	0	0.000000000000e+00	5.597878020000e-01	-9.569075120000e-05	0.000000000000e+00
500	-2.308000000000e-02	0	0.000000000000e+00	5.599242300000e-01	-8.951764920000e-05	0.000000000000e+00
500	-2.394000000000e-02	0	0.000000000000e+00	5.599276930000e-01	-9.363305060000e-05	0.000000000000e+00
500	-2.473000000000e-02	0	0.000000000000e+00	5.599193830000e-01	-9.157534990000e-05	0.000000000000e+00
500	-2.560000000000e-02	0	0.000000000000e+00	5.598972220000e-01	-9.431895080000e-05	0.000000000000e+00
500	-2.647000000000e-02	0	6.103560000000e-05	5.609616390000e-01	-9.294715030000e-05	0.000000000000e+00
500	-2.736000000000e-02	0	6.103560000000e-05	5.610031910000e-01	-9.294715030000e-05	0.000000000000e+00
500	-2.824000000000e-02	0	6.103560000000e-05	5.596880780000e-01	-9.020354950000e-05	0.000000000000e+00
500	-2.911000000000e-02	0	0.000000000000e+00	5.597040060000e-01	-9.294715030000e-05	0.000000000000e+00
500	-2.990000000000e-02	0	0.000000000000e+00	5.597448650000e-01	-9.980615260000e-05	0.000000000000e+00
500	-3.077000000000e-02	0	0.000000000000e+00	5.596132850000e-01	-9.706255170000e-05	0.000000000000e+00
500	-3.165000000000e-02	0	0.000000000000e+00	5.595959710000e-01	-9.637665140000e-05	0.000000000000e+00
500	-3.254000000000e-02	0	6.103560000000e-05	5.594671610000e-01	-9.157534990000e-05	0.000000000000e+00
500	-3.340000000000e-02	0	6.103560000000e-05	5.594837820000e-01	-9.226125010000e-05	0.000000000000e+00
500	-3.429000000000e-02	0	0.000000000000e+00	5.594484630000e-01	-9.363305060000e-05	0.000000000000e+00
500	-3.503000000000e-02	0	0.000000000000e+00	5.593639740000e-01	-9.637665140000e-05	0.000000000000e+00
500	-3.591000000000e-02	0	6.103560000000e-05	5.580059240000e-01	-9.294715030000e-05	0.000000000000e+00
500	-3.681000000000e-02	0	0.000000000000e+00	5.579276680000e-01	-9.706255170000e-05	0.000000000000e+00
500	-3.770000000000e-02	0	0.000000000000e+00	5.575266940000e-01	-9.363305060000e-05	0.000000000000e+00
500	-3.857000000000e-02	0	6.103560000000e-05	5.575945620000e-01	-9.706255170000e-05	0.000000000000e+00
500	-3.944000000000e-02	0	6.103560000000e-05	5.571319520000e-01	-1.032356540000e-04	0.000000000000e+00
500	-4.025000000000e-02	0	6.103560000000e-05	5.568251620000e-01	-9.774845190000e-05	0.000000000000e+00
500	-4.112000000000e-02	0	6.103560000000e-05	5.566610330000e-01	-9.706255170000e-05	0.000000000000e+00
500	-4.197000000000e-02	0	6.103560000000e-05	5.565225270000e-01	-9.912025230000e-05	0.000000000000e+00
500	-4.289000000000e-02	0	6.103560000000e-05	5.534567000000e-01	-9.637665140000e-05	0.000000000000e+00
500	-4.375000000000e-02	0	0.000000000000e+00	5.532267800000e-01	-9.912025230000e-05	0.000000000000e+00
500	-4.462000000000e-02	0	0.000000000000e+00	5.533341220000e-01	-9.774845190000e-05	0.000000000000e+00
500	-4.549000000000e-02	0	0.000000000000e+00	5.532620990000e-01	-1.039215540000e-04	0.000000000000e+00
500	-4.629000000000e-02	0	0.000000000000e+00	5.532454790000e-01	-9.912025230000e-05	0.000000000000e+00
500	-4.717000000000e-02	0	6.103560000000e-05	5.531540650000e-01	-9.912025230000e-05	0.000000000000e+00
500	-4.801000000000e-02	0	6.103560000000e-05	5.528251130000e-01	-9.843435210000e-05	0.000000000000e+00
500	-4.892000000000e-02	0	0.000000000000e+00	5.526097370000e-01	-1.004920530000e-04	0.000000000000e+00
500	-4.979000000000e-02	0	0.000000000000e+00	5.527544750000e-01	-1.004920530000e-04	0.000000000000e+00
500	-5.068000000000e-02	0	6.103560000000e-05	5.524262160000e-01	-9.706255170000e-05	0.000000000000e+00
500	-5.153000000000e-02	0	0.000000000000e+00	5.523652740000e-01	-9.774845190000e-05	0.000000000000e+00
500	-5.232000000000e-02	0	6.103560000000e-05	5.522523920000e-01	-9.500485100000e-05	0.000000000000e+00
500	-5.321000000000e-02	0	0.000000000000e+00	5.523202590000e-01	-9.706255170000e-05	0.000000000000e+00
500	-5.406000000000e-02	0	0.000000000000e+00	5.522392340000e-01	-9.980615260000e-05	0.000000000000e+00
500	-5.497000000000e-02	0	6.103560000000e-05	5.519733020000e-01	-9.226125010000e-05	0.000000000000e+00
500	-5.586000000000e-02	0	6.103560000000e-05	5.520418630000e-01	-9.431895080000e-05	0.000000000000e+00
500	-5.671000000000e-02	0	0.000000000000e+00	5.520619460000e-01	-9.774845190000e-05	0.000000000000e+00
500	-5.760000000000e-02	0	0.000000000000e+00	5.519047420000e-01	-9.637665140000e-05	0.000000000000e+00
500	-5.838000000000e-02	0	0.000000000000e+00	5.518417220000e-01	-9.706255170000e-05	0.000000000000e+00
500	-5.927000000000e-02	0	0.000000000000e+00	5.516893650000e-01	-9.363305060000e-05	0.000000000000e+00
500	-6.014000000000e-02	0	6.103560000000e-05	5.531173610000e-01	-1.032356540000e-04	0.000000000000e+00
500	-6.104000000000e-02	0	0.000000000000e+00	5.517122190000e-01	-9.774845190000e-05	0.000000000000e+00
500	-6.188000000000e-02	0	0.000000000000e+00	5.516921350000e-01	-1.011779530000e-04	0.000000000000e+00
500	-6.277000000000e-02	0	6.103560000000e-05	5.515951810000e-01	-9.637665140000e-05	0.000000000000e+00
500	-6.364000000000e-02	0	0.000000000000e+00	5.533992200000e-01	-9.774845190000e-05	0.000000000000e+00
500	-6.443000000000e-02	0	6.103560000000e-05	5.534601630000e-01	-9.431895080000e-05	0.000000000000e+00
500	-6.533000000000e-02	0	6.103560000000e-05	5.538057350000e-01	-9.774845190000e-05	0.000000000000e+00
500	-6.617000000000e-02	0	6.103560000000e-05	5.536596110000e-01	-1.039215540000e-04	0.000000000000e+00
500	-6.706000000000e-02	0	6.103560000000e-05	5.530529550000e-01	-9.912025230000e-05	0.000000000000e+00
500	-6.798000000000e-02	0	0.000000000000e+00	5.537094730000e-01	-9.843435210000e-05	0.000000000000e+00
500	-6.883000000000e-02	0	6.103560000000e-05	5.537932690000e-01	-1.011779530000e-04	0.000000000000e+00
500	-6.956000000000e-02	0	0.000000000000e+00	5.538272030000e-01	-1.004920530000e-04	0.000000000000e+00
500	-7.047000000000e-02	0	6.103560000000e-05	5.537371740000e-01	-9.912025230000e-05	0.000000000000e+00
500	-7.135000000000e-02	0	6.103560000000e-05	5.537759560000e-01	-1.011779530000e-04	0.000000000000e+00
500	-7.221000000000e-02	0	6.103560000000e-05	5.538154300000e-01	-9.980615260000e-05	0.000000000000e+00
500	-7.312000000000e-02	0	0.000000000000e+00	5.539774820000e-01	-9.980615260000e-05	0.000000000000e+00
500	-7.400000000000e-02	0	6.103560000000e-05	5.538680620000e-01	-9.843435210000e-05	0.000000000000e+00
500	-7.488000000000e-02	0	0.000000000000e+00	5.537531020000e-01	-9.912025230000e-05	0.000000000000e+00
500	-7.565000000000e-02	0	6.103560000000e-05	5.539885620000e-01	-9.500485100000e-05	0.000000000000e+00
500	-7.652000000000e-02	0	0.000000000000e+00	5.546741660000e-01	-9.500485100000e-05	0.000000000000e+00
500	-7.741000000000e-02	0	0.000000000000e+00	5.540439650000e-01	-9.774845190000e-05	0.000000000000e+00
500	-7.825000000000e-02	0	0.000000000000e+00	5.549754160000e-01	-9.637665140000e-05	0.000000000000e+00
500	-7.916000000000e-02	0	0.000000000000e+00	5.540612780000e-01	-9.294715030000e-05	0.000000000000e+00
500	-7.996000000000e-02	0	0.000000000000e+00	5.540675110000e-01	-9.706255170000e-05	0.000000000000e+00
500	-8.083000000000e-02	0	0.000000000000e+00	5.539449330000e-01	-9.431895080000e-05	0.000000000000e+00
500	-8.170000000000e-02	0	0.000000000000e+00	5.539116920000e-01	-9.363305060000e-05	0.000000000000e+00
500	-8.256000000000e-02	0	0.000000000000e+00	5.540245740000e-01	-9.226125010000e-05	0.000000000000e+00
500	-8.345000000000e-02	0	0.000000000000e+00	5.536159820000e-01	-9.569075120000e-05	0.000000000000e+00
500	-8.434000000000e-02	0	6.103560000000e-05	5.538964560000e-01	-8.745994860000e-05	0.000000000000e+00
500	-8.519000000000e-02	0	0.000000000000e+00	5.541042150000e-01	-8.951764920000e-05	0.000000000000e+00
500	-8.597000000000e-02	0	6.103560000000e-05	5.541049070000e-01	-9.294715030000e-05	0.000000000000e+00
500	-8.687000000000e-02	0	6.103560000000e-05	5.541769300000e-01	-9.088944970000e-05	0.000000000000e+00
500	-8.774000000000e-02	0	0.000000000000e+00	5.540224960000e-01	-9.431895080000e-05	0.000000000000e+00
500	-8.863000000000e-02	0	0.000000000000e+00	5.540495050000e-01	-9.431895080000e-05	0.000000000000e+00
500	-8.953000000000e-02	0	6.103560000000e-05	5.540488120000e-01	-9.569075120000e-05	0.000000000000e+00
500	-9.036000000000e-02	0	0.000000000000e+00	5.545031120000e-01	-9.637665140000e-05	0.000000000000e+00
500	-9.115000000000e-02	0	6.103560000000e-05	5.542101720000e-01	-9.431895080000e-05	0.000000000000e+00
500	-9.202000000000e-02	0	0.000000000000e+00	5.539442400000e-01	-9.431895080000e-05	0.000000000000e+00
500	-9.287000000000e-02	0	6.103560000000e-05	5.540986740000e-01	-9.088944970000e-05	0.000000000000e+00
500	-9.377000000000e-02	0	0.000000000000e+00	5.539511660000e-01	-9.294715030000e-05	0.000000000000e+00
500	-9.466000000000e-02	0	0.000000000000e+00	5.540017200000e-01	-9.637665140000e-05	0.000000000000e+00
500	-9.553000000000e-02	0	0.000000000000e+00	5.540224960000e-01	-9.363305060000e-05	0.000000000000e+00
500	-9.641000000000e-02	0	0.000000000000e+00	5.535190280000e-01	-9.500485100000e-05	0.000000000000e+00
500	-9.719000000000e-02	0	0.000000000000e+00	5.537316340000e-01	-9.843435210000e-05	0.000000000000e+00
500	-9.808000000000e-02	0	6.103560000000e-05	5.537420220000e-01	-9.363305060000e-05	0.000000000000e+00
500	-9.897000000000e-02	0	0.000000000000e+00	5.530432600000e-01	-9.020354950000e-05	0.000000000000e+00
500	-9.983000000000e-02	0	6.103560000000e-05	5.529497690000e-01	-9.774845190000e-05	0.000000000000e+00
500	-1.007400000000e-01	0	0.000000000000e+00	5.536353720000e-01	-9.157534990000e-05	0.000000000000e+00
500	-1.015000000000e-01	0	0.000000000000e+00	5.527946420000e-01	-9.500485100000e-05	0.000000000000e+00
500	-1.023600000000e-01	0	6.103560000000e-05	5.528320390000e-01	-9.294715030000e-05	0.000000000000e+00
500	-1.032600000000e-01	0	0.000000000000e+00	5.527420100000e-01	-9.157534990000e-05	0.000000000000e+00
500	-1.041100000000e-01	0	0.000000000000e+00	5.526990730000e-01	-9.500485100000e-05	0.000000000000e+00
500	-1.049900000000e-01	0	6.103560000000e-05	5.533507430000e-01	-9.774845190000e-05	0.000000000000e+00
500	-1.058800000000e-01	0	0.000000000000e+00	5.524386820000e-01	-9.912025230000e-05	0.000000000000e+00
500	-1.066600000000e-01	0	0.000000000000e+00	5.525681850000e-01	-1.004920530000e-04	0.000000000000e+00
500	-1.075400000000e-01	0	0.000000000000e+00	5.524740010000e-01	-9.637665140000e-05	0.000000000000e+00
500	-1.083900000000e-01	0	0.000000000000e+00	5.523258000000e-01	-9.569075120000e-05	0.000000000000e+00
500	-1.092900000000e-01	0	0.000000000000e+00	5.523244150000e-01	-9.637665140000e-05	0.000000000000e+00
500	-1.102300000000e-01	0	0.000000000000e+00	5.523008690000e-01	-1.004920530000e-04	0.000000000000e+00
500	-1.110400000000e-01	0	0.000000000000e+00	5.525072420000e-01	-9.088944970000e-05	0.000000000000e+00
500	-1.117900000000e-01	0	0.000000000000e+00	5.522392340000e-01	-9.431895080000e-05	0.000000000000e+00
500	-1.127300000000e-01	0	0.000000000000e+00	5.517239920000e-01	-9.843435210000e-05	0.000000000000e+00
500	-1.136100000000e-01	0	0.000000000000e+00	5.521692880000e-01	-9.294715030000e-05	0.000000000000e+00
500	-1.144700000000e-01	0	0.000000000000e+00	5.528521220000e-01	-9.706255170000e-05	0.000000000000e+00
500	-1.153600000000e-01	0	0.000000000000e+00	5.522724750000e-01	-9.843435210000e-05	0.000000000000e+00
500	-1.161200000000e-01	0	0.000000000000e+00	5.519393680000e-01	-9.363305060000e-05	0.000000000000e+00
500	-1.170300000000e-01	0	0.000000000000e+00	5.519552970000e-01	-9.980615260000e-05	0.000000000000e+00
500	-1.178700000000e-01	0	0.000000000000e+00	5.519102820000e-01	-9.569075120000e-05	0.000000000000e+00
500	-1.187700000000e-01	0	0.000000000000e+00	5.519296730000e-01	-9.706255170000e-05	0.000000000000e+00
500	-1.196200000000e-01	0	6.103560000000e-05	5.516859030000e-01	-9.706255170000e-05	0.000000000000e+00
500	-1.205100000000e-01	0	6.103560000000e-05	5.515868710000e-01	-9.774845190000e-05	0.000000000000e+00
500	-1.213800000000e-01	0	0.000000000000e+00	5.515453190000e-01	-9.774845190000e-05	0.000000000000e+00
500	-1.221700000000e-01	0	0.000000000000e+00	5.512613820000e-01	-9.637665140000e-05	0.000000000000e+00
500	-1.230300000000e-01	0	0.000000000000e+00	5.513043190000e-01	-1.004920530000e-04	0.000000000000e+00
500	-1.239200000000e-01	0	0.000000000000e+00	5.512018250000e-01	-9.774845190000e-05	0.000000000000e+00
500	-1.248200000000e-01	0	0.000000000000e+00	5.509303530000e-01	-9.706255170000e-05	0.000000000000e+00
500	-1.256700000000e-01	0	6.103560000000e-05	5.509719050000e-01	-1.004920530000e-04	0.000000000000e+00
500	-1.265300000000e-01	0	0.000000000000e+00	5.516616640000e-01	-9.569075120000e-05	0.000000000000e+00
500	-1.273300000000e-01	0	0.000000000000e+00	5.510300780000e-01	-9.912025230000e-05	0.000000000000e+00
500	-1.282300000000e-01	0	0.000000000000e+00	5.513147070000e-01	-9.637665140000e-05	0.000000000000e+00
500	-1.290800000000e-01	0	0.000000000000e+00	5.506651150000e-01	-9.843435210000e-05	0.000000000000e+00
500	-1.299700000000e-01	0	0.000000000000e+00	5.504116490000e-01	-9.363305060000e-05	0.000000000000e+00
500	-1.308700000000e-01	0	0.000000000000e+00	5.510896350000e-01	-1.011779530000e-04	0.000000000000e+00
500	-1.317100000000e-01	0	0.000000000000e+00	5.504642810000e-01	-9.980615260000e-05	0.000000000000e+00
500	-1.326100000000e-01	0	0.000000000000e+00	5.510286920000e-01	-1.004920530000e-04	0.000000000000e+00
500	-1.333900000000e-01	0	6.103560000000e-05	5.503534770000e-01	-9.843435210000e-05	0.000000000000e+00
500	-1.342800000000e-01	0	6.103560000000e-05	5.502315910000e-01	-9.843435210000e-05	0.000000000000e+00
500	-1.351300000000e-01	0	6.103560000000e-05	5.501512580000e-01	-9.912025230000e-05	0.000000000000e+00
500	-1.359800000000e-01	0	0.000000000000e+00	5.502260510000e-01	-9.843435210000e-05	0.000000000000e+00
500	-1.369300000000e-01	0	0.000000000000e+00	5.501748040000e-01	-9.363305060000e-05	0.000000000000e+00
500	-1.376900000000e-01	0	6.103560000000e-05	5.501159390000e-01	-9.843435210000e-05	0.000000000000e+00
500	-1.385400000000e-01	0	6.103560000000e-05	5.496886480000e-01	-9.980615260000e-05	0.000000000000e+00
500	-1.394300000000e-01	0	6.103560000000e-05	5.496706430000e-01	-9.363305060000e-05	0.000000000000e+00
500	-1.403200000000e-01	0	0.000000000000e+00	5.496034670000e-01	-9.431895080000e-05	0.000000000000e+00
500	-1.411800000000e-01	0	6.103560000000e-05	5.489698030000e-01	-9.363305060000e-05	0.000000000000e+00
500	-1.420600000000e-01	0	0.000000000000e+00	5.497177350000e-01	-9.294715030000e-05	0.000000000000e+00
500	-1.428200000000e-01	0	0.000000000000e+00	5.495986200000e-01	-9.226125010000e-05	0.000000000000e+00
500	-1.437300000000e-01	0	0.000000000000e+00	5.493368440000e-01	-9.637665140000e-05	0.000000000000e+00
500	-1.445700000000e-01	0	0.000000000000e+00	5.496554070000e-01	-9.637665140000e-05	0.000000000000e+00
500	-1.454900000000e-01	0	0.000000000000e+00	5.495570680000e-01	-9.431895080000e-05	0.000000000000e+00
500	-1.463900000000e-01	0	0.000000000000e+00	5.493652370000e-01	-9.500485100000e-05	0.000000000000e+00
500	-1.472200000000e-01	0	0.000000000000e+00	5.492585880000e-01	-9.774845190000e-05	0.000000000000e+00
500	-1.481000000000e-01	0	6.103560000000e-05	5.493437690000e-01	-1.011779530000e-04	0.000000000000e+00
500	-1.489100000000e-01	0	6.103560000000e-05	5.493229930000e-01	-9.637665140000e-05	0.000000000000e+00
500	-1.497700000000e-01	0	6.103560000000e-05	5.489995820000e-01	-9.569075120000e-05	0.000000000000e+00
500	-1.506400000000e-01	0	0.000000000000e+00	5.492004150000e-01	-9.774845190000e-05	0.000000000000e+00
500	-1.515200000000e-01	0	0.000000000000e+00	5.493693930000e-01	-1.011779530000e-04	0.000000000000e+00
500	-1.524300000000e-01	0	0.000000000000e+00	5.491900270000e-01	-9.980615260000e-05	0.000000000000e+00
500	-1.532700000000e-01	0	6.103560000000e-05	5.493167600000e-01	-9.912025230000e-05	0.000000000000e+00
500	-1.541600000000e-01	0	0.000000000000e+00	5.493146830000e-01	-9.980615260000e-05	0.000000000000e+00
500	-1.549400000000e-01	0	0.000000000000e+00	5.492641280000e-01	-9.500485100000e-05	0.000000000000e+00
500	-1.558000000000e-01	0	0.000000000000e+00	5.492260390000e-01	-9.637665140000e-05	0.000000000000e+00
500	-1.566500000000e-01	0	0.000000000000e+00	5.493098350000e-01	-9.774845190000e-05	0.000000000000e+00
500	-1.575800000000e-01	0	0.000000000000e+00	5.495840770000e-01	-9.500485100000e-05	0.000000000000e+00
500	-1.584800000000e-01	0	0.000000000000e+00	5.491983380000e-01	-9.363305060000e-05	0.000000000000e+00
500	-1.593500000000e-01	0	0.000000000000e+00	5.492765940000e-01	-9.706255170000e-05	0.000000000000e+00
500	-1.600900000000e-01	0	6.103560000000e-05	5.493029100000e-01	-9.500485100000e-05	0.000000000000e+00
500	-1.609900000000e-01	0	0.000000000000e+00	5.491851800000e-01	-9.774845190000e-05	0.000000000000e+00
500	-1.618600000000e-01	0	0.000000000000e+00	5.492959840000e-01	-9.637665140000e-05	0.000000000000e+00
500	-1.627600000000e-01	0	0.000000000000e+00	5.491270070000e-01	-9.637665140000e-05	0.000000000000e+00
500	-1.636100000000e-01	0	0.000000000000e+00	5.491768690000e-01	-9.912025230000e-05	0.000000000000e+00
500	-1.644100000000e-01	0	0.000000000000e+00	5.491367030000e-01	-9.843435210000e-05	0.000000000000e+00
500	-1.652700000000e-01	0	6.103560000000e-05	5.499144130000e-01	-9.500485100000e-05	0.000000000000e+00
500	-1.661600000000e-01	0	0.000000000000e+00	5.492551250000e-01	-9.363305060000e-05	0.000000000000e+00
500	-1.670600000000e-01	0	6.103560000000e-05	5.492634360000e-01	-9.363305060000e-05	0.000000000000e+00
500	-1.679000000000e-01	0	0.000000000000e+00	5.491907200000e-01	-9.294715030000e-05	0.000000000000e+00
500	-1.688000000000e-01	0	0.000000000000e+00	5.492655130000e-01	-9.431895080000e-05	0.000000000000e+00
500	-1.696800000000e-01	0	0.000000000000e+00	5.493818580000e-01	-9.363305060000e-05	0.000000000000e+00
500	-1.704300000000e-01	0	6.103560000000e-05	5.492779790000e-01	-9.980615260000e-05	0.000000000000e+00
500	-1.713200000000e-01	0	0.000000000000e+00	5.492945990000e-01	-1.004920530000e-04	0.000000000000e+00
500	-1.721900000000e-01	0	0.000000000000e+00	5.500702320000e-01	-9.774845190000e-05	0.000000000000e+00
500	-1.730800000000e-01	0	0.000000000000e+00	5.493583120000e-01	-9.774845190000e-05	0.000000000000e+00
500	-1.739700000000e-01	0	0.000000000000e+00	5.501713410000e-01	-9.980615260000e-05	0.000000000000e+00
500	-1.748300000000e-01	0	0.000000000000e+00	5.495245190000e-01	-1.004920530000e-04	0.000000000000e+00
500	-1.756200000000e-01	0	0.000000000000e+00	5.491782540000e-01	-9.569075120000e-05	0.000000000000e+00
500	-1.765000000000e-01	0	0.000000000000e+00	5.494379530000e-01	-9.774845190000e-05	0.000000000000e+00
500	-1.773700000000e-01	0	0.000000000000e+00	5.496346310000e-01	-1.004920530000e-04	0.000000000000e+00
500	-1.782300000000e-01	0	6.103560000000e-05	5.497329700000e-01	-9.431895080000e-05	0.000000000000e+00
500	-1.791400000000e-01	0	6.103560000000e-05	5.499081800000e-01	-9.706255170000e-05	0.000000000000e+00
500	-1.800300000000e-01	0	0.000000000000e+00	5.496900340000e-01	-9.774845190000e-05	0.000000000000e+00
500	-1.807800000000e-01	0	0.000000000000e+00	5.504137270000e-01	-9.637665140000e-05	0.000000000000e+00
500	-1.816500000000e-01	0	0.000000000000e+00	5.498008380000e-01	-9.774845190000e-05	0.000000000000e+00
500	-1.825400000000e-01	0	6.103560000000e-05	5.506595740000e-01	-9.843435210000e-05	0.000000000000e+00
500	-1.834100000000e-01	0	0.000000000000e+00	5.498874040000e-01	-9.637665140000e-05	0.000000000000e+00
500	-1.842900000000e-01	0	0.000000000000e+00	5.498638580000e-01	-9.637665140000e-05	0.000000000000e+00
500	-1.850600000000e-01	0	0.000000000000e+00	5.499580420000e-01	-9.637665140000e-05	0.000000000000e+00
500	-1.859700000000e-01	0	0.000000000000e+00	5.499476540000e-01	-9.774845190000e-05	0.000000000000e+00
500	-1.868100000000e-01	0	0.000000000000e+00	5.500238330000e-01	-1.011779530000e-04	0.000000000000e+00
500	-1.876900000000e-01	0	6.103560000000e-05	5.502586000000e-01	-9.294715030000e-05	0.000000000000e+00
500	-1.886100000000e-01	0	6.103560000000e-05	5.502059680000e-01	-9.843435210000e-05	0.000000000000e+00
500	-1.894400000000e-01	0	6.103560000000e-05	5.502724510000e-01	-9.500485100000e-05	0.000000000000e+00
500	-1.903200000000e-01	0	6.103560000000e-05	5.503770230000e-01	-9.431895080000e-05	0.000000000000e+00
500	-1.911300000000e-01	0	0.000000000000e+00	5.506166380000e-01	-9.569075120000e-05	0.000000000000e+00
500	-1.920200000000e-01	0	0.000000000000e+00	5.503520910000e-01	-9.500485100000e-05	0.000000000000e+00
500	-1.928700000000e-01	0	0.000000000000e+00	5.506851980000e-01	-9.088944970000e-05	0.000000000000e+00
500	-1.937600000000e-01	0	6.103560000000e-05	5.513888080000e-01	-9.363305060000e-05	0.000000000000e+00
500	-1.946300000000e-01	0	6.103560000000e-05	5.507219020000e-01	-9.569075120000e-05	0.000000000000e+00
500	-1.955500000000e-01	0	0.000000000000e+00	5.507766120000e-01	-9.569075120000e-05	0.000000000000e+00
500	-1.962600000000e-01	0	0.000000000000e+00	5.511304940000e-01	-9.294715030000e-05	0.000000000000e+00
500	-1.971800000000e-01	0	6.103560000000e-05	5.508936490000e-01	-9.706255170000e-05	0.000000000000e+00
500	-1.980600000000e-01	0	6.103560000000e-05	5.516187270000e-01	-9.431895080000e-05	0.000000000000e+00
500	-1.989400000000e-01	0	0.000000000000e+00	5.510827100000e-01	-9.637665140000e-05	0.000000000000e+00
500	-1.996300000000e-01	0	0.000000000000e+00	5.511401900000e-01	-1.032356540000e-04	0.000000000000e+00
500	-1.998400000000e-01	0	0.000000000000e+00	5.511381120000e-01	-9.843435210000e-05	0.000000000000e+00
500	-1.999100000000e-01	0	6.103560000000e-05	5.511775860000e-01	-9.774845190000e-05	0.000000000000e+00

