# Filename: data_901.dat
# Timestamp: Thu Sep 05 23:53:34 2019

# Column 1:
#	end: 0.2
#	name: IPS120-10 (swept B(T))
#	size: 2
#	start: -0.2
#	type: coordinate
# Column 2:
#	end: 0
#	name: y_parameter (none)
#	size: 1
#	start: 0
#	type: coordinate
# Column 3:
#	end: 0
#	name: z_parameter (none)
#	size: 1
#	start: 0
#	type: coordinate
# Column 4:
#	name: lockin 1
#	type: value
# Column 5:
#	name: Keithley 1
#	type: value
# Column 6:
#	name: Keithley 2
#	type: value
# Column 7:
#	name: processed dIdV
#	type: value

200	-1.997900000000e-01	0	0.000000000000e+00	2.185170250000e-01	-1.032356540000e-04	0.000000000000e+00
200	-1.991200000000e-01	0	0.000000000000e+00	2.184865530000e-01	-9.912025230000e-05	0.000000000000e+00
200	-1.983200000000e-01	0	0.000000000000e+00	2.184851680000e-01	-1.059792550000e-04	0.000000000000e+00
200	-1.975100000000e-01	0	0.000000000000e+00	2.183979100000e-01	-1.018638530000e-04	0.000000000000e+00
200	-1.967500000000e-01	0	0.000000000000e+00	2.183799040000e-01	-1.039215540000e-04	0.000000000000e+00
200	-1.958700000000e-01	0	0.000000000000e+00	2.184242260000e-01	-1.080369550000e-04	0.000000000000e+00
200	-1.949800000000e-01	0	0.000000000000e+00	2.184055270000e-01	-9.912025230000e-05	0.000000000000e+00
200	-1.941300000000e-01	0	0.000000000000e+00	2.184020650000e-01	-1.052933540000e-04	0.000000000000e+00
200	-1.932700000000e-01	0	0.000000000000e+00	2.182559410000e-01	-9.912025230000e-05	0.000000000000e+00
200	-1.923600000000e-01	0	0.000000000000e+00	2.182019240000e-01	-1.059792550000e-04	0.000000000000e+00
200	-1.915800000000e-01	0	0.000000000000e+00	2.183314270000e-01	-1.052933540000e-04	0.000000000000e+00
200	-1.907000000000e-01	0	0.000000000000e+00	2.183203460000e-01	-1.059792550000e-04	0.000000000000e+00
200	-1.898300000000e-01	0	0.000000000000e+00	2.182455530000e-01	-1.011779530000e-04	0.000000000000e+00
200	-1.889100000000e-01	0	0.000000000000e+00	2.181963840000e-01	-1.025497530000e-04	0.000000000000e+00
200	-1.880700000000e-01	0	0.000000000000e+00	2.181472140000e-01	-9.912025230000e-05	0.000000000000e+00
200	-1.871900000000e-01	0	0.000000000000e+00	2.181555240000e-01	-1.039215540000e-04	0.000000000000e+00
200	-1.864000000000e-01	0	0.000000000000e+00	2.182130040000e-01	-1.032356540000e-04	0.000000000000e+00
200	-1.855400000000e-01	0	0.000000000000e+00	2.181361340000e-01	-9.912025230000e-05	0.000000000000e+00
200	-1.846500000000e-01	0	0.000000000000e+00	2.180530300000e-01	-1.080369550000e-04	0.000000000000e+00
200	-1.837800000000e-01	0	0.000000000000e+00	2.180904270000e-01	-1.094087560000e-04	0.000000000000e+00
200	-1.829100000000e-01	0	0.000000000000e+00	2.179983200000e-01	-1.025497530000e-04	0.000000000000e+00
200	-1.820100000000e-01	0	0.000000000000e+00	2.181319780000e-01	-1.018638530000e-04	0.000000000000e+00
200	-1.811400000000e-01	0	0.000000000000e+00	2.180107860000e-01	-1.046074540000e-04	0.000000000000e+00
200	-1.803600000000e-01	0	0.000000000000e+00	2.179574610000e-01	-1.039215540000e-04	0.000000000000e+00
200	-1.794900000000e-01	0	0.000000000000e+00	2.179152170000e-01	-1.004920530000e-04	0.000000000000e+00
200	-1.786400000000e-01	0	0.000000000000e+00	2.179214500000e-01	-1.025497530000e-04	0.000000000000e+00
200	-1.777300000000e-01	0	0.000000000000e+00	2.180204810000e-01	-1.059792550000e-04	0.000000000000e+00
200	-1.768500000000e-01	0	0.000000000000e+00	2.180031680000e-01	-1.059792550000e-04	0.000000000000e+00
200	-1.760600000000e-01	0	0.000000000000e+00	2.179484580000e-01	-1.025497530000e-04	0.000000000000e+00
200	-1.752100000000e-01	0	0.000000000000e+00	2.178265730000e-01	-1.032356540000e-04	0.000000000000e+00
200	-1.743400000000e-01	0	0.000000000000e+00	2.177940240000e-01	-1.039215540000e-04	0.000000000000e+00
200	-1.734400000000e-01	0	0.000000000000e+00	2.178639700000e-01	-1.066651550000e-04	0.000000000000e+00
200	-1.725600000000e-01	0	0.000000000000e+00	2.179096770000e-01	-1.114664560000e-04	0.000000000000e+00
200	-1.717100000000e-01	0	0.000000000000e+00	2.178064900000e-01	-1.100946560000e-04	0.000000000000e+00
200	-1.709000000000e-01	0	6.103560000000e-05	2.177095360000e-01	-1.046074540000e-04	0.000000000000e+00
200	-1.700700000000e-01	0	0.000000000000e+00	2.177593980000e-01	-1.094087560000e-04	0.000000000000e+00
200	-1.692100000000e-01	0	0.000000000000e+00	2.177670150000e-01	-1.087228550000e-04	0.000000000000e+00
200	-1.682700000000e-01	0	0.000000000000e+00	2.176659060000e-01	-1.087228550000e-04	0.000000000000e+00
200	-1.673900000000e-01	0	0.000000000000e+00	2.177005330000e-01	-1.073510550000e-04	0.000000000000e+00
200	-1.665300000000e-01	0	6.103560000000e-05	2.177178460000e-01	-1.094087560000e-04	0.000000000000e+00
200	-1.657900000000e-01	0	0.000000000000e+00	2.175876500000e-01	-1.052933540000e-04	0.000000000000e+00
200	-1.648600000000e-01	0	0.000000000000e+00	2.176146590000e-01	-1.059792550000e-04	0.000000000000e+00
200	-1.640200000000e-01	0	0.000000000000e+00	2.176665990000e-01	-1.059792550000e-04	0.000000000000e+00
200	-1.631400000000e-01	0	0.000000000000e+00	2.176880670000e-01	-1.046074540000e-04	0.000000000000e+00
200	-1.622300000000e-01	0	0.000000000000e+00	2.176333570000e-01	-1.025497530000e-04	0.000000000000e+00
200	-1.613300000000e-01	0	0.000000000000e+00	2.175287850000e-01	-1.046074540000e-04	0.000000000000e+00
200	-1.605700000000e-01	0	0.000000000000e+00	2.174706130000e-01	-1.032356540000e-04	0.000000000000e+00
200	-1.596900000000e-01	0	0.000000000000e+00	2.176084260000e-01	-1.059792550000e-04	0.000000000000e+00
200	-1.588200000000e-01	0	0.000000000000e+00	2.180087080000e-01	-1.039215540000e-04	0.000000000000e+00
200	-1.579400000000e-01	0	0.000000000000e+00	2.179630010000e-01	-1.025497530000e-04	0.000000000000e+00
200	-1.570700000000e-01	0	0.000000000000e+00	2.179546910000e-01	-1.018638530000e-04	0.000000000000e+00
200	-1.563200000000e-01	0	0.000000000000e+00	2.174595330000e-01	-1.059792550000e-04	0.000000000000e+00
200	-1.554000000000e-01	0	0.000000000000e+00	2.174733830000e-01	-1.025497530000e-04	0.000000000000e+00
200	-1.545500000000e-01	0	0.000000000000e+00	2.175031620000e-01	-1.018638530000e-04	0.000000000000e+00
200	-1.536500000000e-01	0	0.000000000000e+00	2.175530240000e-01	-1.025497530000e-04	0.000000000000e+00
200	-1.527900000000e-01	0	0.000000000000e+00	2.174429120000e-01	-1.032356540000e-04	0.000000000000e+00
200	-1.518900000000e-01	0	6.103560000000e-05	2.174145180000e-01	-9.912025230000e-05	0.000000000000e+00
200	-1.510200000000e-01	0	0.000000000000e+00	2.173937420000e-01	-9.569075120000e-05	0.000000000000e+00
200	-1.502500000000e-01	0	0.000000000000e+00	2.175544090000e-01	-9.912025230000e-05	0.000000000000e+00
200	-1.493800000000e-01	0	0.000000000000e+00	2.174380640000e-01	-9.774845190000e-05	0.000000000000e+00
200	-1.484800000000e-01	0	0.000000000000e+00	2.174657650000e-01	-1.018638530000e-04	0.000000000000e+00
200	-1.476400000000e-01	0	0.000000000000e+00	2.173591160000e-01	-9.980615260000e-05	0.000000000000e+00
200	-1.467800000000e-01	0	0.000000000000e+00	2.173618860000e-01	-1.032356540000e-04	0.000000000000e+00
200	-1.459900000000e-01	0	0.000000000000e+00	2.174366790000e-01	-1.004920530000e-04	0.000000000000e+00
200	-1.450900000000e-01	0	0.000000000000e+00	2.174491450000e-01	-1.025497530000e-04	0.000000000000e+00
200	-1.442100000000e-01	0	0.000000000000e+00	2.174553770000e-01	-1.011779530000e-04	0.000000000000e+00
200	-1.433300000000e-01	0	6.103560000000e-05	2.173875090000e-01	-1.004920530000e-04	0.000000000000e+00
200	-1.424600000000e-01	0	0.000000000000e+00	2.173549610000e-01	-1.011779530000e-04	0.000000000000e+00
200	-1.415800000000e-01	0	0.000000000000e+00	2.173819690000e-01	-1.011779530000e-04	0.000000000000e+00
200	-1.408100000000e-01	0	0.000000000000e+00	2.174609180000e-01	-9.980615260000e-05	0.000000000000e+00
200	-1.399300000000e-01	0	0.000000000000e+00	2.173639630000e-01	-1.011779530000e-04	0.000000000000e+00
200	-1.390300000000e-01	0	0.000000000000e+00	2.173888950000e-01	-1.004920530000e-04	0.000000000000e+00
200	-1.381500000000e-01	0	0.000000000000e+00	2.173791990000e-01	-9.637665140000e-05	0.000000000000e+00
200	-1.372800000000e-01	0	0.000000000000e+00	2.173251820000e-01	-9.500485100000e-05	0.000000000000e+00
200	-1.364300000000e-01	0	6.103560000000e-05	2.174782310000e-01	-9.843435210000e-05	0.000000000000e+00
200	-1.356400000000e-01	0	6.103560000000e-05	2.174726910000e-01	-9.843435210000e-05	0.000000000000e+00
200	-1.347500000000e-01	0	0.000000000000e+00	2.173598080000e-01	-1.004920530000e-04	0.000000000000e+00
200	-1.338600000000e-01	0	0.000000000000e+00	2.173882020000e-01	-9.774845190000e-05	0.000000000000e+00
200	-1.330100000000e-01	0	0.000000000000e+00	2.173798920000e-01	-9.980615260000e-05	0.000000000000e+00
200	-1.321400000000e-01	0	0.000000000000e+00	2.174145180000e-01	-1.011779530000e-04	0.000000000000e+00
200	-1.313500000000e-01	0	0.000000000000e+00	2.174588400000e-01	-9.637665140000e-05	0.000000000000e+00
200	-1.305000000000e-01	0	6.103560000000e-05	2.174228280000e-01	-9.569075120000e-05	0.000000000000e+00
200	-1.296100000000e-01	0	0.000000000000e+00	2.173141010000e-01	-9.843435210000e-05	0.000000000000e+00
200	-1.287200000000e-01	0	0.000000000000e+00	2.173037130000e-01	-9.980615260000e-05	0.000000000000e+00
200	-1.278400000000e-01	0	0.000000000000e+00	2.171174230000e-01	-9.843435210000e-05	0.000000000000e+00
200	-1.269500000000e-01	0	0.000000000000e+00	2.174768460000e-01	-9.774845190000e-05	0.000000000000e+00
200	-1.260800000000e-01	0	0.000000000000e+00	2.173798920000e-01	-9.569075120000e-05	0.000000000000e+00
200	-1.252900000000e-01	0	0.000000000000e+00	2.172926330000e-01	-9.569075120000e-05	0.000000000000e+00
200	-1.244200000000e-01	0	0.000000000000e+00	2.173314150000e-01	-9.363305060000e-05	0.000000000000e+00
200	-1.235600000000e-01	0	0.000000000000e+00	2.173937420000e-01	-9.843435210000e-05	0.000000000000e+00
200	-1.226300000000e-01	0	6.103560000000e-05	2.173875090000e-01	-9.294715030000e-05	0.000000000000e+00
200	-1.217600000000e-01	0	6.103560000000e-05	2.173729660000e-01	-9.706255170000e-05	0.000000000000e+00
200	-1.209200000000e-01	0	6.103560000000e-05	2.172503890000e-01	-9.363305060000e-05	0.000000000000e+00
200	-1.201000000000e-01	0	0.000000000000e+00	2.173189490000e-01	-9.500485100000e-05	0.000000000000e+00
200	-1.192500000000e-01	0	0.000000000000e+00	2.173750440000e-01	-9.294715030000e-05	0.000000000000e+00
200	-1.184000000000e-01	0	0.000000000000e+00	2.174145180000e-01	-9.912025230000e-05	0.000000000000e+00
200	-1.174800000000e-01	0	6.103560000000e-05	2.173992820000e-01	-9.226125010000e-05	0.000000000000e+00
200	-1.166200000000e-01	0	6.103560000000e-05	2.172330750000e-01	-9.363305060000e-05	0.000000000000e+00
200	-1.157600000000e-01	0	0.000000000000e+00	2.172739350000e-01	-9.226125010000e-05	0.000000000000e+00
200	-1.148800000000e-01	0	0.000000000000e+00	2.173383400000e-01	-9.569075120000e-05	0.000000000000e+00
200	-1.140800000000e-01	0	0.000000000000e+00	2.174138260000e-01	-9.500485100000e-05	0.000000000000e+00
200	-1.132200000000e-01	0	6.103560000000e-05	2.173715810000e-01	-9.843435210000e-05	0.000000000000e+00
200	-1.123300000000e-01	0	0.000000000000e+00	2.173217190000e-01	-9.226125010000e-05	0.000000000000e+00
200	-1.114400000000e-01	0	0.000000000000e+00	2.172912480000e-01	-9.226125010000e-05	0.000000000000e+00
200	-1.106700000000e-01	0	0.000000000000e+00	2.173854320000e-01	-9.088944970000e-05	0.000000000000e+00
200	-1.098200000000e-01	0	0.000000000000e+00	2.174352940000e-01	-8.951764920000e-05	0.000000000000e+00
200	-1.089200000000e-01	0	0.000000000000e+00	2.174013600000e-01	-9.157534990000e-05	0.000000000000e+00
200	-1.080500000000e-01	0	0.000000000000e+00	2.173729660000e-01	-9.157534990000e-05	0.000000000000e+00
200	-1.071900000000e-01	0	0.000000000000e+00	2.173348770000e-01	-9.500485100000e-05	0.000000000000e+00
200	-1.062700000000e-01	0	0.000000000000e+00	2.174131330000e-01	-9.363305060000e-05	0.000000000000e+00
200	-1.054600000000e-01	0	0.000000000000e+00	2.174553770000e-01	-9.157534990000e-05	0.000000000000e+00
200	-1.046100000000e-01	0	0.000000000000e+00	2.175336330000e-01	-9.294715030000e-05	0.000000000000e+00
200	-1.037100000000e-01	0	6.103560000000e-05	2.174387570000e-01	-8.745994860000e-05	0.000000000000e+00
200	-1.028700000000e-01	0	6.103560000000e-05	2.174138260000e-01	-9.431895080000e-05	0.000000000000e+00
200	-1.019900000000e-01	0	0.000000000000e+00	2.174789230000e-01	-9.157534990000e-05	0.000000000000e+00
200	-1.010900000000e-01	0	0.000000000000e+00	2.176049640000e-01	-9.843435210000e-05	0.000000000000e+00
200	-1.002400000000e-01	0	0.000000000000e+00	2.175869580000e-01	-9.157534990000e-05	0.000000000000e+00
200	-9.950000000000e-02	0	0.000000000000e+00	2.175460990000e-01	-9.500485100000e-05	0.000000000000e+00
200	-9.859000000000e-02	0	0.000000000000e+00	2.175267080000e-01	-9.500485100000e-05	0.000000000000e+00
200	-9.771000000000e-02	0	0.000000000000e+00	2.175274000000e-01	-9.569075120000e-05	0.000000000000e+00
200	-9.681000000000e-02	0	0.000000000000e+00	2.176174290000e-01	-9.020354950000e-05	0.000000000000e+00
200	-9.595000000000e-02	0	0.000000000000e+00	2.176582880000e-01	-9.500485100000e-05	0.000000000000e+00
200	-9.516000000000e-02	0	0.000000000000e+00	2.176908370000e-01	-9.500485100000e-05	0.000000000000e+00
200	-9.432000000000e-02	0	0.000000000000e+00	2.176686760000e-01	-9.088944970000e-05	0.000000000000e+00
200	-9.343000000000e-02	0	0.000000000000e+00	2.176541330000e-01	-9.363305060000e-05	0.000000000000e+00
200	-9.252000000000e-02	0	0.000000000000e+00	2.176665990000e-01	-9.226125010000e-05	0.000000000000e+00
200	-9.166000000000e-02	0	0.000000000000e+00	2.178411160000e-01	-9.294715030000e-05	0.000000000000e+00
200	-9.078000000000e-02	0	0.000000000000e+00	2.178542740000e-01	-9.774845190000e-05	0.000000000000e+00
200	-8.999000000000e-02	0	0.000000000000e+00	2.178258800000e-01	-9.912025230000e-05	0.000000000000e+00
200	-8.914000000000e-02	0	0.000000000000e+00	2.177988720000e-01	-9.706255170000e-05	0.000000000000e+00
200	-8.826000000000e-02	0	0.000000000000e+00	2.178528890000e-01	-9.500485100000e-05	0.000000000000e+00
200	-8.736000000000e-02	0	0.000000000000e+00	2.179477660000e-01	-9.912025230000e-05	0.000000000000e+00
200	-8.647000000000e-02	0	0.000000000000e+00	2.179879320000e-01	-9.500485100000e-05	0.000000000000e+00
200	-8.571000000000e-02	0	0.000000000000e+00	2.179817000000e-01	-9.637665140000e-05	0.000000000000e+00
200	-8.483000000000e-02	0	0.000000000000e+00	2.179456880000e-01	-1.025497530000e-04	0.000000000000e+00
200	-8.394000000000e-02	0	0.000000000000e+00	2.179519210000e-01	-9.569075120000e-05	0.000000000000e+00
200	-8.308000000000e-02	0	0.000000000000e+00	2.180170190000e-01	-1.025497530000e-04	0.000000000000e+00
200	-8.223000000000e-02	0	0.000000000000e+00	2.181236680000e-01	-9.706255170000e-05	0.000000000000e+00
200	-8.137000000000e-02	0	0.000000000000e+00	2.181077400000e-01	-9.637665140000e-05	0.000000000000e+00
200	-8.054000000000e-02	0	0.000000000000e+00	2.181181280000e-01	-9.912025230000e-05	0.000000000000e+00
200	-7.968000000000e-02	0	0.000000000000e+00	2.180170190000e-01	-9.774845190000e-05	0.000000000000e+00
200	-7.882000000000e-02	0	0.000000000000e+00	2.181208980000e-01	-9.363305060000e-05	0.000000000000e+00
200	-7.791000000000e-02	0	0.000000000000e+00	2.182303180000e-01	-9.363305060000e-05	0.000000000000e+00
200	-7.704000000000e-02	0	0.000000000000e+00	2.183148060000e-01	-9.569075120000e-05	0.000000000000e+00
200	-7.618000000000e-02	0	0.000000000000e+00	2.183071880000e-01	-9.774845190000e-05	0.000000000000e+00
200	-7.528000000000e-02	0	0.000000000000e+00	2.183355820000e-01	-1.025497530000e-04	0.000000000000e+00
200	-7.448000000000e-02	0	0.000000000000e+00	2.183127290000e-01	-9.569075120000e-05	0.000000000000e+00
200	-7.361000000000e-02	0	0.000000000000e+00	2.184179930000e-01	-9.500485100000e-05	0.000000000000e+00
200	-7.276000000000e-02	0	0.000000000000e+00	2.185357230000e-01	-9.431895080000e-05	0.000000000000e+00
200	-7.186000000000e-02	0	6.103560000000e-05	2.185738120000e-01	-9.774845190000e-05	0.000000000000e+00
200	-7.099000000000e-02	0	0.000000000000e+00	2.185107920000e-01	-9.500485100000e-05	0.000000000000e+00
200	-7.023000000000e-02	0	0.000000000000e+00	2.185336450000e-01	-9.706255170000e-05	0.000000000000e+00
200	-6.936000000000e-02	0	0.000000000000e+00	2.186645330000e-01	-9.912025230000e-05	0.000000000000e+00
200	-6.844000000000e-02	0	0.000000000000e+00	2.187275540000e-01	-9.843435210000e-05	0.000000000000e+00
200	-6.755000000000e-02	0	0.000000000000e+00	2.187040080000e-01	-9.912025230000e-05	0.000000000000e+00
200	-6.669000000000e-02	0	0.000000000000e+00	2.187102400000e-01	-1.018638530000e-04	0.000000000000e+00
200	-6.580000000000e-02	0	0.000000000000e+00	2.187040080000e-01	-9.500485100000e-05	0.000000000000e+00
200	-6.503000000000e-02	0	0.000000000000e+00	2.188002690000e-01	-9.569075120000e-05	0.000000000000e+00
200	-6.417000000000e-02	0	0.000000000000e+00	2.188508240000e-01	-9.912025230000e-05	0.000000000000e+00
200	-6.333000000000e-02	0	6.103560000000e-05	2.188646740000e-01	-9.431895080000e-05	0.000000000000e+00
200	-6.240000000000e-02	0	6.103560000000e-05	2.188487460000e-01	-9.774845190000e-05	0.000000000000e+00
200	-6.150000000000e-02	0	0.000000000000e+00	2.188065020000e-01	-1.004920530000e-04	0.000000000000e+00
200	-6.070000000000e-02	0	0.000000000000e+00	2.190433470000e-01	-9.706255170000e-05	0.000000000000e+00
200	-5.976000000000e-02	0	0.000000000000e+00	2.190398840000e-01	-1.025497530000e-04	0.000000000000e+00
200	-5.898000000000e-02	0	0.000000000000e+00	2.190565050000e-01	-1.018638530000e-04	0.000000000000e+00
200	-5.814000000000e-02	0	0.000000000000e+00	2.188445910000e-01	-1.018638530000e-04	0.000000000000e+00
200	-5.725000000000e-02	0	0.000000000000e+00	2.190045650000e-01	-9.980615260000e-05	0.000000000000e+00
200	-5.636000000000e-02	0	0.000000000000e+00	2.190932090000e-01	-9.774845190000e-05	0.000000000000e+00
200	-5.549000000000e-02	0	0.000000000000e+00	2.191853150000e-01	-1.011779530000e-04	0.000000000000e+00
200	-5.463000000000e-02	0	6.103560000000e-05	2.192150940000e-01	-1.052933540000e-04	0.000000000000e+00
200	-5.385000000000e-02	0	0.000000000000e+00	2.191361460000e-01	-1.011779530000e-04	0.000000000000e+00
200	-5.294000000000e-02	0	0.000000000000e+00	2.191562290000e-01	-1.004920530000e-04	0.000000000000e+00
200	-5.206000000000e-02	0	0.000000000000e+00	2.192829620000e-01	-1.004920530000e-04	0.000000000000e+00
200	-5.120000000000e-02	0	0.000000000000e+00	2.193058150000e-01	-9.569075120000e-05	0.000000000000e+00
200	-5.028000000000e-02	0	6.103560000000e-05	2.192815770000e-01	-9.980615260000e-05	0.000000000000e+00
200	-4.943000000000e-02	0	6.103560000000e-05	2.191839300000e-01	-1.018638530000e-04	0.000000000000e+00
200	-4.858000000000e-02	0	0.000000000000e+00	2.192358700000e-01	-1.004920530000e-04	0.000000000000e+00
200	-4.779000000000e-02	0	0.000000000000e+00	2.193286690000e-01	-1.018638530000e-04	0.000000000000e+00
200	-4.689000000000e-02	0	6.103560000000e-05	2.193549850000e-01	-1.039215540000e-04	0.000000000000e+00
200	-4.601000000000e-02	0	0.000000000000e+00	2.192040140000e-01	-9.912025230000e-05	0.000000000000e+00
200	-4.515000000000e-02	0	0.000000000000e+00	2.192289450000e-01	-1.011779530000e-04	0.000000000000e+00
200	-4.428000000000e-02	0	0.000000000000e+00	2.191804680000e-01	-1.004920530000e-04	0.000000000000e+00
200	-4.337000000000e-02	0	6.103560000000e-05	2.193210510000e-01	-1.011779530000e-04	0.000000000000e+00
200	-4.252000000000e-02	0	0.000000000000e+00	2.192580310000e-01	-9.774845190000e-05	0.000000000000e+00
200	-4.177000000000e-02	0	0.000000000000e+00	2.191922410000e-01	-1.004920530000e-04	0.000000000000e+00
200	-4.084000000000e-02	0	0.000000000000e+00	2.192718810000e-01	-1.018638530000e-04	0.000000000000e+00
200	-3.998000000000e-02	0	0.000000000000e+00	2.192594160000e-01	-9.637665140000e-05	0.000000000000e+00
200	-3.911000000000e-02	0	0.000000000000e+00	2.191950110000e-01	-9.980615260000e-05	0.000000000000e+00
200	-3.822000000000e-02	0	0.000000000000e+00	2.191416860000e-01	-1.018638530000e-04	0.000000000000e+00
200	-3.746000000000e-02	0	0.000000000000e+00	2.191811600000e-01	-1.018638530000e-04	0.000000000000e+00
200	-3.657000000000e-02	0	0.000000000000e+00	2.191984730000e-01	-9.706255170000e-05	0.000000000000e+00
200	-3.569000000000e-02	0	6.103560000000e-05	2.191860080000e-01	-9.980615260000e-05	0.000000000000e+00
200	-3.481000000000e-02	0	0.000000000000e+00	2.191742350000e-01	-9.774845190000e-05	0.000000000000e+00
200	-3.394000000000e-02	0	6.103560000000e-05	2.191306060000e-01	-9.569075120000e-05	0.000000000000e+00
200	-3.304000000000e-02	0	6.103560000000e-05	2.191589990000e-01	-9.843435210000e-05	0.000000000000e+00
200	-3.217000000000e-02	0	0.000000000000e+00	2.191195250000e-01	-9.774845190000e-05	0.000000000000e+00
200	-3.141000000000e-02	0	0.000000000000e+00	2.190405770000e-01	-9.843435210000e-05	0.000000000000e+00
200	-3.052000000000e-02	0	0.000000000000e+00	2.189630130000e-01	-9.980615260000e-05	0.000000000000e+00
200	-2.967000000000e-02	0	0.000000000000e+00	2.189574730000e-01	-1.018638530000e-04	0.000000000000e+00
200	-2.876000000000e-02	0	0.000000000000e+00	2.189422380000e-01	-1.004920530000e-04	0.000000000000e+00
200	-2.788000000000e-02	0	0.000000000000e+00	2.189664760000e-01	-9.569075120000e-05	0.000000000000e+00
200	-2.701000000000e-02	0	6.103560000000e-05	2.189879440000e-01	-1.004920530000e-04	0.000000000000e+00
200	-2.623000000000e-02	0	0.000000000000e+00	2.188632890000e-01	-9.912025230000e-05	0.000000000000e+00
200	-2.537000000000e-02	0	0.000000000000e+00	2.188023470000e-01	-1.018638530000e-04	0.000000000000e+00
200	-2.448000000000e-02	0	0.000000000000e+00	2.187656430000e-01	-9.980615260000e-05	0.000000000000e+00
200	-2.358000000000e-02	0	0.000000000000e+00	2.188445910000e-01	-1.004920530000e-04	0.000000000000e+00
200	-2.272000000000e-02	0	6.103560000000e-05	2.187587170000e-01	-9.843435210000e-05	0.000000000000e+00
200	-2.186000000000e-02	0	6.103560000000e-05	2.186576080000e-01	-9.843435210000e-05	0.000000000000e+00
200	-2.097000000000e-02	0	6.103560000000e-05	2.185495740000e-01	-1.004920530000e-04	0.000000000000e+00
200	-2.020000000000e-02	0	0.000000000000e+00	2.186077460000e-01	-9.706255170000e-05	0.000000000000e+00
200	-1.930000000000e-02	0	0.000000000000e+00	2.186416800000e-01	-9.774845190000e-05	0.000000000000e+00
200	-1.845000000000e-02	0	0.000000000000e+00	2.184609300000e-01	-1.032356540000e-04	0.000000000000e+00
200	-1.751000000000e-02	0	0.000000000000e+00	2.184325360000e-01	-9.843435210000e-05	0.000000000000e+00
200	-1.666000000000e-02	0	0.000000000000e+00	2.185010960000e-01	-9.706255170000e-05	0.000000000000e+00
200	-1.581000000000e-02	0	0.000000000000e+00	2.184041420000e-01	-1.011779530000e-04	0.000000000000e+00
200	-1.492000000000e-02	0	0.000000000000e+00	2.184837830000e-01	-1.011779530000e-04	0.000000000000e+00
200	-1.414000000000e-02	0	0.000000000000e+00	2.182808720000e-01	-9.774845190000e-05	0.000000000000e+00
200	-1.324000000000e-02	0	0.000000000000e+00	2.182670220000e-01	-9.980615260000e-05	0.000000000000e+00
200	-1.240000000000e-02	0	0.000000000000e+00	2.182469380000e-01	-9.843435210000e-05	0.000000000000e+00
200	-1.150000000000e-02	0	0.000000000000e+00	2.182857200000e-01	-1.018638530000e-04	0.000000000000e+00
200	-1.063000000000e-02	0	0.000000000000e+00	2.182704840000e-01	-9.912025230000e-05	0.000000000000e+00
200	-9.870000000000e-03	0	6.103560000000e-05	2.182490160000e-01	-1.004920530000e-04	0.000000000000e+00
200	-8.990000000000e-03	0	0.000000000000e+00	2.181444440000e-01	-9.980615260000e-05	0.000000000000e+00
200	-8.090000000000e-03	0	0.000000000000e+00	2.182607890000e-01	-1.018638530000e-04	0.000000000000e+00
200	-7.210000000000e-03	0	0.000000000000e+00	2.182621740000e-01	-9.569075120000e-05	0.000000000000e+00
200	-6.340000000000e-03	0	0.000000000000e+00	2.182587110000e-01	-1.018638530000e-04	0.000000000000e+00
200	-5.490000000000e-03	0	0.000000000000e+00	2.182240850000e-01	-1.046074540000e-04	0.000000000000e+00
200	-4.690000000000e-03	0	0.000000000000e+00	2.180855790000e-01	-1.018638530000e-04	0.000000000000e+00
200	-3.850000000000e-03	0	0.000000000000e+00	2.181652200000e-01	-9.569075120000e-05	0.000000000000e+00
200	-2.970000000000e-03	0	0.000000000000e+00	2.180835010000e-01	-9.363305060000e-05	0.000000000000e+00
200	-2.020000000000e-03	0	0.000000000000e+00	2.181596800000e-01	-9.431895080000e-05	0.000000000000e+00
200	-1.180000000000e-03	0	0.000000000000e+00	2.182171590000e-01	-1.059792550000e-04	0.000000000000e+00
200	-3.000000000000e-04	0	0.000000000000e+00	2.182517860000e-01	-9.912025230000e-05	0.000000000000e+00
200	5.600000000000e-04	0	0.000000000000e+00	2.181756080000e-01	-9.980615260000e-05	0.000000000000e+00
200	1.360000000000e-03	0	0.000000000000e+00	2.182130040000e-01	-9.363305060000e-05	0.000000000000e+00
200	2.210000000000e-03	0	0.000000000000e+00	2.183085730000e-01	-9.294715030000e-05	0.000000000000e+00
200	3.080000000000e-03	0	0.000000000000e+00	2.183141140000e-01	-9.843435210000e-05	0.000000000000e+00
200	3.980000000000e-03	0	0.000000000000e+00	2.183265790000e-01	-1.025497530000e-04	0.000000000000e+00
200	4.860000000000e-03	0	0.000000000000e+00	2.182157740000e-01	-1.011779530000e-04	0.000000000000e+00
200	5.740000000000e-03	0	0.000000000000e+00	2.183979100000e-01	-1.011779530000e-04	0.000000000000e+00
200	6.530000000000e-03	0	0.000000000000e+00	2.184415390000e-01	-9.774845190000e-05	0.000000000000e+00
200	7.420000000000e-03	0	0.000000000000e+00	2.185287980000e-01	-9.774845190000e-05	0.000000000000e+00
200	8.280000000000e-03	0	6.103560000000e-05	2.186271370000e-01	-9.431895080000e-05	0.000000000000e+00
200	9.150000000000e-03	0	0.000000000000e+00	2.186084380000e-01	-9.706255170000e-05	0.000000000000e+00
200	1.006000000000e-02	0	0.000000000000e+00	2.187289390000e-01	-9.500485100000e-05	0.000000000000e+00
200	1.083000000000e-02	0	0.000000000000e+00	2.187718750000e-01	-9.569075120000e-05	0.000000000000e+00
200	1.168000000000e-02	0	0.000000000000e+00	2.188937610000e-01	-9.843435210000e-05	0.000000000000e+00
200	1.254000000000e-02	0	6.103560000000e-05	2.188529010000e-01	-1.018638530000e-04	0.000000000000e+00
200	1.345000000000e-02	0	0.000000000000e+00	2.189048410000e-01	-9.706255170000e-05	0.000000000000e+00
200	1.433000000000e-02	0	0.000000000000e+00	2.189574730000e-01	-9.980615260000e-05	0.000000000000e+00
200	1.519000000000e-02	0	0.000000000000e+00	2.191229880000e-01	-9.706255170000e-05	0.000000000000e+00
200	1.597000000000e-02	0	0.000000000000e+00	2.192060910000e-01	-9.774845190000e-05	0.000000000000e+00
200	1.685000000000e-02	0	0.000000000000e+00	2.192227120000e-01	-9.912025230000e-05	0.000000000000e+00
200	1.774000000000e-02	0	0.000000000000e+00	2.192975050000e-01	-9.706255170000e-05	0.000000000000e+00
200	1.861000000000e-02	0	0.000000000000e+00	2.193646800000e-01	-1.032356540000e-04	0.000000000000e+00
200	1.949000000000e-02	0	0.000000000000e+00	2.195218850000e-01	-9.843435210000e-05	0.000000000000e+00
200	2.037000000000e-02	0	0.000000000000e+00	2.196126060000e-01	-1.004920530000e-04	0.000000000000e+00
200	2.123000000000e-02	0	6.103560000000e-05	2.196728560000e-01	-9.912025230000e-05	0.000000000000e+00
200	2.202000000000e-02	0	0.000000000000e+00	2.196887840000e-01	-9.706255170000e-05	0.000000000000e+00
200	2.290000000000e-02	0	0.000000000000e+00	2.202677380000e-01	-9.774845190000e-05	0.000000000000e+00
200	2.377000000000e-02	0	0.000000000000e+00	2.204547210000e-01	-9.706255170000e-05	0.000000000000e+00
200	2.466000000000e-02	0	0.000000000000e+00	2.205717590000e-01	-9.774845190000e-05	0.000000000000e+00
200	2.543000000000e-02	0	0.000000000000e+00	2.205267440000e-01	-9.706255170000e-05	0.000000000000e+00
200	2.630000000000e-02	0	0.000000000000e+00	2.204692640000e-01	-9.912025230000e-05	0.000000000000e+00
200	2.717000000000e-02	0	0.000000000000e+00	2.205987670000e-01	-9.431895080000e-05	0.000000000000e+00
200	2.808000000000e-02	0	0.000000000000e+00	2.206112330000e-01	-9.363305060000e-05	0.000000000000e+00
200	2.896000000000e-02	0	0.000000000000e+00	2.207448910000e-01	-9.637665140000e-05	0.000000000000e+00
200	2.982000000000e-02	0	0.000000000000e+00	2.211832620000e-01	-9.500485100000e-05	0.000000000000e+00
200	3.071000000000e-02	0	0.000000000000e+00	2.211520980000e-01	-9.157534990000e-05	0.000000000000e+00
200	3.146000000000e-02	0	0.000000000000e+00	2.211984980000e-01	-9.363305060000e-05	0.000000000000e+00
200	3.235000000000e-02	0	0.000000000000e+00	2.212739830000e-01	-9.431895080000e-05	0.000000000000e+00
200	3.324000000000e-02	0	0.000000000000e+00	2.214014090000e-01	-9.431895080000e-05	0.000000000000e+00
200	3.412000000000e-02	0	0.000000000000e+00	2.214374200000e-01	-9.088944970000e-05	0.000000000000e+00
200	3.500000000000e-02	0	0.000000000000e+00	2.214519630000e-01	-9.226125010000e-05	0.000000000000e+00
200	3.587000000000e-02	0	0.000000000000e+00	2.214339580000e-01	-9.020354950000e-05	0.000000000000e+00
200	3.663000000000e-02	0	0.000000000000e+00	2.214581960000e-01	-9.020354950000e-05	0.000000000000e+00
200	3.756000000000e-02	0	0.000000000000e+00	2.215378370000e-01	-9.363305060000e-05	0.000000000000e+00
200	3.841000000000e-02	0	0.000000000000e+00	2.229138930000e-01	-9.706255170000e-05	0.000000000000e+00
200	3.926000000000e-02	0	0.000000000000e+00	2.229471340000e-01	-9.569075120000e-05	0.000000000000e+00
200	4.016000000000e-02	0	0.000000000000e+00	2.229332830000e-01	-9.569075120000e-05	0.000000000000e+00
200	4.097000000000e-02	0	0.000000000000e+00	2.228453320000e-01	-9.500485100000e-05	0.000000000000e+00
200	4.183000000000e-02	0	0.000000000000e+00	2.230143090000e-01	-9.569075120000e-05	0.000000000000e+00
200	4.268000000000e-02	0	0.000000000000e+00	2.231264990000e-01	-1.004920530000e-04	0.000000000000e+00
200	4.361000000000e-02	0	0.000000000000e+00	2.233522640000e-01	-9.294715030000e-05	0.000000000000e+00
200	4.447000000000e-02	0	0.000000000000e+00	2.232899360000e-01	-9.088944970000e-05	0.000000000000e+00
200	4.535000000000e-02	0	0.000000000000e+00	2.232615420000e-01	-9.088944970000e-05	0.000000000000e+00
200	4.611000000000e-02	0	0.000000000000e+00	2.232490770000e-01	-8.814584880000e-05	0.000000000000e+00
200	4.698000000000e-02	0	0.000000000000e+00	2.232885510000e-01	-9.569075120000e-05	0.000000000000e+00
200	4.784000000000e-02	0	0.000000000000e+00	2.234506030000e-01	-9.363305060000e-05	0.000000000000e+00
200	4.873000000000e-02	0	0.000000000000e+00	2.234298270000e-01	-9.431895080000e-05	0.000000000000e+00
200	4.964000000000e-02	0	0.000000000000e+00	2.234658380000e-01	-9.226125010000e-05	0.000000000000e+00
200	5.038000000000e-02	0	0.000000000000e+00	2.234478330000e-01	-9.088944970000e-05	0.000000000000e+00
200	5.126000000000e-02	0	0.000000000000e+00	2.234762260000e-01	-9.569075120000e-05	0.000000000000e+00
200	5.219000000000e-02	0	0.000000000000e+00	2.235129300000e-01	-9.843435210000e-05	0.000000000000e+00
200	5.306000000000e-02	0	0.000000000000e+00	2.235579450000e-01	-9.363305060000e-05	0.000000000000e+00
200	5.392000000000e-02	0	6.103560000000e-05	2.245614200000e-01	-9.157534990000e-05	0.000000000000e+00
200	5.480000000000e-02	0	0.000000000000e+00	2.245302560000e-01	-9.706255170000e-05	0.000000000000e+00
200	5.561000000000e-02	0	0.000000000000e+00	2.244693130000e-01	-9.706255170000e-05	0.000000000000e+00
200	5.645000000000e-02	0	0.000000000000e+00	2.244416120000e-01	-9.706255170000e-05	0.000000000000e+00
200	5.732000000000e-02	0	0.000000000000e+00	2.245094800000e-01	-9.020354950000e-05	0.000000000000e+00
200	5.822000000000e-02	0	0.000000000000e+00	2.245295630000e-01	-9.912025230000e-05	0.000000000000e+00
200	5.907000000000e-02	0	0.000000000000e+00	2.245870430000e-01	-9.637665140000e-05	0.000000000000e+00
200	5.986000000000e-02	0	0.000000000000e+00	2.244693130000e-01	-9.569075120000e-05	0.000000000000e+00
200	6.068000000000e-02	0	0.000000000000e+00	2.244520000000e-01	-1.025497530000e-04	0.000000000000e+00
200	6.162000000000e-02	0	0.000000000000e+00	2.243654340000e-01	-9.569075120000e-05	0.000000000000e+00
200	6.251000000000e-02	0	0.000000000000e+00	2.244049080000e-01	-9.980615260000e-05	0.000000000000e+00
200	6.335000000000e-02	0	0.000000000000e+00	2.244159880000e-01	-9.569075120000e-05	0.000000000000e+00
200	6.415000000000e-02	0	0.000000000000e+00	2.243799770000e-01	-9.637665140000e-05	0.000000000000e+00
200	6.502000000000e-02	0	0.000000000000e+00	2.243501980000e-01	-9.843435210000e-05	0.000000000000e+00
200	6.588000000000e-02	0	6.103560000000e-05	2.242338530000e-01	-9.226125010000e-05	0.000000000000e+00
200	6.674000000000e-02	0	0.000000000000e+00	2.241950720000e-01	-9.706255170000e-05	0.000000000000e+00
200	6.767000000000e-02	0	0.000000000000e+00	2.241666780000e-01	-9.431895080000e-05	0.000000000000e+00
200	6.839000000000e-02	0	0.000000000000e+00	2.242421640000e-01	-9.294715030000e-05	0.000000000000e+00
200	6.927000000000e-02	0	0.000000000000e+00	2.241957640000e-01	-9.912025230000e-05	0.000000000000e+00
200	7.018000000000e-02	0	0.000000000000e+00	2.242504740000e-01	-9.500485100000e-05	0.000000000000e+00
200	7.104000000000e-02	0	0.000000000000e+00	2.240939620000e-01	-9.363305060000e-05	0.000000000000e+00
200	7.194000000000e-02	0	0.000000000000e+00	2.240060110000e-01	-9.431895080000e-05	0.000000000000e+00
200	7.284000000000e-02	0	0.000000000000e+00	2.239935460000e-01	-9.843435210000e-05	0.000000000000e+00
200	7.361000000000e-02	0	0.000000000000e+00	2.240260950000e-01	-9.226125010000e-05	0.000000000000e+00
200	7.446000000000e-02	0	0.000000000000e+00	2.240586430000e-01	-9.088944970000e-05	0.000000000000e+00
200	7.534000000000e-02	0	0.000000000000e+00	2.240046260000e-01	-9.020354950000e-05	0.000000000000e+00
200	7.620000000000e-02	0	6.103560000000e-05	2.239499160000e-01	-9.431895080000e-05	0.000000000000e+00
200	7.711000000000e-02	0	0.000000000000e+00	2.238197210000e-01	-9.157534990000e-05	0.000000000000e+00
200	7.787000000000e-02	0	0.000000000000e+00	2.237961750000e-01	-9.431895080000e-05	0.000000000000e+00
200	7.874000000000e-02	0	0.000000000000e+00	2.238744310000e-01	-9.431895080000e-05	0.000000000000e+00
200	7.969000000000e-02	0	0.000000000000e+00	2.238855110000e-01	-9.569075120000e-05	0.000000000000e+00
200	8.053000000000e-02	0	0.000000000000e+00	2.237386950000e-01	-9.637665140000e-05	0.000000000000e+00
200	8.137000000000e-02	0	0.000000000000e+00	2.236756750000e-01	-9.363305060000e-05	0.000000000000e+00
200	8.215000000000e-02	0	0.000000000000e+00	2.236521290000e-01	-9.637665140000e-05	0.000000000000e+00
200	8.306000000000e-02	0	0.000000000000e+00	2.237103010000e-01	-9.431895080000e-05	0.000000000000e+00
200	8.394000000000e-02	0	0.000000000000e+00	2.237753990000e-01	-9.569075120000e-05	0.000000000000e+00
200	8.480000000000e-02	0	0.000000000000e+00	2.236929880000e-01	-9.226125010000e-05	0.000000000000e+00
200	8.572000000000e-02	0	0.000000000000e+00	2.236057290000e-01	-9.500485100000e-05	0.000000000000e+00
200	8.653000000000e-02	0	0.000000000000e+00	2.235295510000e-01	-9.569075120000e-05	0.000000000000e+00
200	8.741000000000e-02	0	0.000000000000e+00	2.236091920000e-01	-9.500485100000e-05	0.000000000000e+00
200	8.821000000000e-02	0	0.000000000000e+00	2.235918790000e-01	-9.843435210000e-05	0.000000000000e+00
200	8.910000000000e-02	0	0.000000000000e+00	2.236320450000e-01	-9.637665140000e-05	0.000000000000e+00
200	8.997000000000e-02	0	0.000000000000e+00	2.236514360000e-01	-9.226125010000e-05	0.000000000000e+00
200	9.079000000000e-02	0	0.000000000000e+00	2.235641780000e-01	-9.637665140000e-05	0.000000000000e+00
200	9.162000000000e-02	0	0.000000000000e+00	2.236154250000e-01	-9.294715030000e-05	0.000000000000e+00
200	9.251000000000e-02	0	0.000000000000e+00	2.236507440000e-01	-9.774845190000e-05	0.000000000000e+00
200	9.338000000000e-02	0	0.000000000000e+00	2.237061460000e-01	-9.843435210000e-05	0.000000000000e+00
200	9.426000000000e-02	0	0.000000000000e+00	2.236410480000e-01	-9.363305060000e-05	0.000000000000e+00
200	9.514000000000e-02	0	0.000000000000e+00	2.236064220000e-01	-9.774845190000e-05	0.000000000000e+00
200	9.600000000000e-02	0	0.000000000000e+00	2.235413240000e-01	-9.569075120000e-05	0.000000000000e+00
200	9.690000000000e-02	0	0.000000000000e+00	2.235392460000e-01	-9.431895080000e-05	0.000000000000e+00
200	9.770000000000e-02	0	0.000000000000e+00	2.236403560000e-01	-9.774845190000e-05	0.000000000000e+00
200	9.852000000000e-02	0	0.000000000000e+00	2.235634850000e-01	-9.226125010000e-05	0.000000000000e+00
200	9.942000000000e-02	0	0.000000000000e+00	2.235143150000e-01	-9.500485100000e-05	0.000000000000e+00
200	1.003100000000e-01	0	6.103560000000e-05	2.234997720000e-01	-9.706255170000e-05	0.000000000000e+00
200	1.011800000000e-01	0	0.000000000000e+00	2.234727640000e-01	-9.500485100000e-05	0.000000000000e+00
200	1.020500000000e-01	0	0.000000000000e+00	2.235579450000e-01	-9.226125010000e-05	0.000000000000e+00
200	1.027900000000e-01	0	0.000000000000e+00	2.235641780000e-01	-9.363305060000e-05	0.000000000000e+00
200	1.037000000000e-01	0	6.103560000000e-05	2.235143150000e-01	-9.706255170000e-05	0.000000000000e+00
200	1.046000000000e-01	0	0.000000000000e+00	2.234741490000e-01	-9.363305060000e-05	0.000000000000e+00
200	1.054700000000e-01	0	0.000000000000e+00	2.235205480000e-01	-9.226125010000e-05	0.000000000000e+00
200	1.063500000000e-01	0	0.000000000000e+00	2.236078070000e-01	-9.431895080000e-05	0.000000000000e+00
200	1.071300000000e-01	0	0.000000000000e+00	2.236175020000e-01	-9.431895080000e-05	0.000000000000e+00
200	1.080100000000e-01	0	0.000000000000e+00	2.235607150000e-01	-9.569075120000e-05	0.000000000000e+00
200	1.088400000000e-01	0	0.000000000000e+00	2.235295510000e-01	-9.294715030000e-05	0.000000000000e+00
200	1.097900000000e-01	0	0.000000000000e+00	2.235288590000e-01	-9.226125010000e-05	0.000000000000e+00
200	1.106500000000e-01	0	0.000000000000e+00	2.235184710000e-01	-9.226125010000e-05	0.000000000000e+00
200	1.115100000000e-01	0	0.000000000000e+00	2.235600220000e-01	-9.569075120000e-05	0.000000000000e+00
200	1.122900000000e-01	0	0.000000000000e+00	2.236001890000e-01	-9.226125010000e-05	0.000000000000e+00
200	1.131100000000e-01	0	0.000000000000e+00	2.234478330000e-01	-9.637665140000e-05	0.000000000000e+00
200	1.140700000000e-01	0	6.103560000000e-05	2.234776110000e-01	-9.226125010000e-05	0.000000000000e+00
200	1.149000000000e-01	0	0.000000000000e+00	2.235115450000e-01	-9.294715030000e-05	0.000000000000e+00
200	1.158200000000e-01	0	6.103560000000e-05	2.236244280000e-01	-8.951764920000e-05	0.000000000000e+00
200	1.166600000000e-01	0	6.103560000000e-05	2.235925710000e-01	-9.226125010000e-05	0.000000000000e+00
200	1.175600000000e-01	0	6.103560000000e-05	2.235073900000e-01	-9.226125010000e-05	0.000000000000e+00
200	1.183200000000e-01	0	0.000000000000e+00	2.234422920000e-01	-9.226125010000e-05	0.000000000000e+00
200	1.192000000000e-01	0	0.000000000000e+00	2.234069730000e-01	-9.363305060000e-05	0.000000000000e+00
200	1.200800000000e-01	0	0.000000000000e+00	2.234713790000e-01	-9.020354950000e-05	0.000000000000e+00
200	1.209700000000e-01	0	0.000000000000e+00	2.235136230000e-01	-9.706255170000e-05	0.000000000000e+00
200	1.218900000000e-01	0	0.000000000000e+00	2.234838440000e-01	-8.608814810000e-05	0.000000000000e+00
200	1.226600000000e-01	0	0.000000000000e+00	2.235399390000e-01	-8.814584880000e-05	0.000000000000e+00
200	1.235000000000e-01	0	0.000000000000e+00	2.233467230000e-01	-9.157534990000e-05	0.000000000000e+00
200	1.243800000000e-01	0	0.000000000000e+00	2.234471400000e-01	-9.020354950000e-05	0.000000000000e+00
200	1.252500000000e-01	0	6.103560000000e-05	2.235378610000e-01	-8.677404830000e-05	0.000000000000e+00
200	1.261600000000e-01	0	6.103560000000e-05	2.234436770000e-01	-8.677404830000e-05	0.000000000000e+00
200	1.270200000000e-01	0	0.000000000000e+00	2.233003240000e-01	-8.677404830000e-05	0.000000000000e+00
200	1.278000000000e-01	0	0.000000000000e+00	2.234090510000e-01	-9.294715030000e-05	0.000000000000e+00
200	1.286900000000e-01	0	0.000000000000e+00	2.234242870000e-01	-9.157534990000e-05	0.000000000000e+00
200	1.295400000000e-01	0	0.000000000000e+00	2.233765020000e-01	-9.226125010000e-05	0.000000000000e+00
200	1.304200000000e-01	0	6.103560000000e-05	2.232774700000e-01	-9.020354950000e-05	0.000000000000e+00
200	1.313100000000e-01	0	6.103560000000e-05	2.236133470000e-01	-9.226125010000e-05	0.000000000000e+00
200	1.321700000000e-01	0	0.000000000000e+00	2.237497750000e-01	-8.745994860000e-05	0.000000000000e+00
200	1.330700000000e-01	0	0.000000000000e+00	2.237795540000e-01	-8.883174900000e-05	0.000000000000e+00
200	1.338500000000e-01	0	0.000000000000e+00	2.236770600000e-01	-9.157534990000e-05	0.000000000000e+00
200	1.347100000000e-01	0	0.000000000000e+00	2.235904940000e-01	-9.431895080000e-05	0.000000000000e+00
200	1.355800000000e-01	0	0.000000000000e+00	2.235655630000e-01	-9.363305060000e-05	0.000000000000e+00
200	1.364800000000e-01	0	0.000000000000e+00	2.236091920000e-01	-9.431895080000e-05	0.000000000000e+00
200	1.373600000000e-01	0	6.103560000000e-05	2.235856460000e-01	-9.088944970000e-05	0.000000000000e+00
200	1.382400000000e-01	0	6.103560000000e-05	2.235163930000e-01	-8.814584880000e-05	0.000000000000e+00
200	1.390900000000e-01	0	0.000000000000e+00	2.234007410000e-01	-9.500485100000e-05	0.000000000000e+00
200	1.398900000000e-01	0	0.000000000000e+00	2.234852290000e-01	-9.363305060000e-05	0.000000000000e+00
200	1.407700000000e-01	0	0.000000000000e+00	2.235586370000e-01	-8.883174900000e-05	0.000000000000e+00
200	1.416400000000e-01	0	0.000000000000e+00	2.235551750000e-01	-9.294715030000e-05	0.000000000000e+00
200	1.425200000000e-01	0	0.000000000000e+00	2.234332900000e-01	-9.363305060000e-05	0.000000000000e+00
200	1.434300000000e-01	0	0.000000000000e+00	2.233190220000e-01	-8.951764920000e-05	0.000000000000e+00
200	1.442700000000e-01	0	0.000000000000e+00	2.233522640000e-01	-8.745994860000e-05	0.000000000000e+00
200	1.450400000000e-01	0	0.000000000000e+00	2.234021260000e-01	-9.294715030000e-05	0.000000000000e+00
200	1.459500000000e-01	0	0.000000000000e+00	2.234138990000e-01	-8.883174900000e-05	0.000000000000e+00
200	1.468000000000e-01	0	6.103560000000e-05	2.233598810000e-01	-9.020354950000e-05	0.000000000000e+00
200	1.476600000000e-01	0	0.000000000000e+00	2.231992150000e-01	-9.294715030000e-05	0.000000000000e+00
200	1.485700000000e-01	0	0.000000000000e+00	2.231922890000e-01	-9.363305060000e-05	0.000000000000e+00
200	1.494400000000e-01	0	0.000000000000e+00	2.231652810000e-01	-9.226125010000e-05	0.000000000000e+00
200	1.502100000000e-01	0	6.103560000000e-05	2.232324560000e-01	-8.951764920000e-05	0.000000000000e+00
200	1.510800000000e-01	0	0.000000000000e+00	2.230614010000e-01	-9.363305060000e-05	0.000000000000e+00
200	1.520100000000e-01	0	0.000000000000e+00	2.230073840000e-01	-8.677404830000e-05	0.000000000000e+00
200	1.528700000000e-01	0	0.000000000000e+00	2.230302370000e-01	-9.226125010000e-05	0.000000000000e+00
200	1.537500000000e-01	0	6.103560000000e-05	2.225080700000e-01	-9.226125010000e-05	0.000000000000e+00
200	1.546500000000e-01	0	6.103560000000e-05	2.224443580000e-01	-8.951764920000e-05	0.000000000000e+00
200	1.554000000000e-01	0	0.000000000000e+00	2.222518350000e-01	-9.226125010000e-05	0.000000000000e+00
200	1.562900000000e-01	0	0.000000000000e+00	2.222359060000e-01	-9.157534990000e-05	0.000000000000e+00
200	1.571500000000e-01	0	0.000000000000e+00	2.222095900000e-01	-9.226125010000e-05	0.000000000000e+00
200	1.580600000000e-01	0	6.103560000000e-05	2.222435240000e-01	-9.020354950000e-05	0.000000000000e+00
200	1.589000000000e-01	0	0.000000000000e+00	2.222400620000e-01	-8.883174900000e-05	0.000000000000e+00
200	1.597600000000e-01	0	6.103560000000e-05	2.221015560000e-01	-8.745994860000e-05	0.000000000000e+00
200	1.606500000000e-01	0	0.000000000000e+00	2.219457370000e-01	-9.020354950000e-05	0.000000000000e+00
200	1.614300000000e-01	0	0.000000000000e+00	2.220703920000e-01	-9.157534990000e-05	0.000000000000e+00
200	1.623200000000e-01	0	6.103560000000e-05	2.220205300000e-01	-9.500485100000e-05	0.000000000000e+00
200	1.631900000000e-01	0	0.000000000000e+00	2.220004470000e-01	-9.294715030000e-05	0.000000000000e+00
200	1.640800000000e-01	0	6.103560000000e-05	2.219311940000e-01	-8.951764920000e-05	0.000000000000e+00
200	1.649300000000e-01	0	0.000000000000e+00	2.217982280000e-01	-9.500485100000e-05	0.000000000000e+00
200	1.658200000000e-01	0	0.000000000000e+00	2.218183110000e-01	-8.745994860000e-05	0.000000000000e+00
200	1.665700000000e-01	0	0.000000000000e+00	2.218951820000e-01	-8.745994860000e-05	0.000000000000e+00
200	1.674800000000e-01	0	0.000000000000e+00	2.218944900000e-01	-9.020354950000e-05	0.000000000000e+00
200	1.683400000000e-01	0	0.000000000000e+00	2.217130470000e-01	-9.157534990000e-05	0.000000000000e+00
200	1.692400000000e-01	0	0.000000000000e+00	2.216112450000e-01	-8.677404830000e-05	0.000000000000e+00
200	1.701300000000e-01	0	0.000000000000e+00	2.217123540000e-01	-9.020354950000e-05	0.000000000000e+00
200	1.710100000000e-01	0	0.000000000000e+00	2.217490580000e-01	-8.883174900000e-05	0.000000000000e+00
200	1.718300000000e-01	0	0.000000000000e+00	2.216424090000e-01	-9.020354950000e-05	0.000000000000e+00
200	1.726600000000e-01	0	0.000000000000e+00	2.215586130000e-01	-8.677404830000e-05	0.000000000000e+00
200	1.735200000000e-01	0	0.000000000000e+00	2.215793890000e-01	-9.157534990000e-05	0.000000000000e+00
200	1.744300000000e-01	0	0.000000000000e+00	2.216167850000e-01	-8.951764920000e-05	0.000000000000e+00
200	1.752800000000e-01	0	0.000000000000e+00	2.216687250000e-01	-9.294715030000e-05	0.000000000000e+00
200	1.761600000000e-01	0	0.000000000000e+00	2.215690010000e-01	-9.294715030000e-05	0.000000000000e+00
200	1.769400000000e-01	0	6.103560000000e-05	2.214955930000e-01	-8.745994860000e-05	0.000000000000e+00
200	1.778100000000e-01	0	0.000000000000e+00	2.215163690000e-01	-8.540224790000e-05	0.000000000000e+00
200	1.787000000000e-01	0	0.000000000000e+00	2.216057050000e-01	-9.020354950000e-05	0.000000000000e+00
200	1.795900000000e-01	0	0.000000000000e+00	2.215766190000e-01	-8.883174900000e-05	0.000000000000e+00
200	1.804700000000e-01	0	6.103560000000e-05	2.215302190000e-01	-8.883174900000e-05	0.000000000000e+00
200	1.813200000000e-01	0	0.000000000000e+00	2.214505780000e-01	-8.814584880000e-05	0.000000000000e+00
200	1.821000000000e-01	0	0.000000000000e+00	2.213439290000e-01	-9.363305060000e-05	0.000000000000e+00
200	1.829600000000e-01	0	0.000000000000e+00	2.214117970000e-01	-9.088944970000e-05	0.000000000000e+00
200	1.838800000000e-01	0	0.000000000000e+00	2.214581960000e-01	-9.157534990000e-05	0.000000000000e+00
200	1.847300000000e-01	0	0.000000000000e+00	2.214152590000e-01	-9.088944970000e-05	0.000000000000e+00
200	1.856100000000e-01	0	6.103560000000e-05	2.213231530000e-01	-9.294715030000e-05	0.000000000000e+00
200	1.865000000000e-01	0	6.103560000000e-05	2.212379720000e-01	-9.088944970000e-05	0.000000000000e+00
200	1.872400000000e-01	0	0.000000000000e+00	2.212712130000e-01	-8.814584880000e-05	0.000000000000e+00
200	1.881400000000e-01	0	0.000000000000e+00	2.213446210000e-01	-8.951764920000e-05	0.000000000000e+00
200	1.890300000000e-01	0	0.000000000000e+00	2.214090270000e-01	-8.745994860000e-05	0.000000000000e+00
200	1.898800000000e-01	0	0.000000000000e+00	2.212622100000e-01	-8.951764920000e-05	0.000000000000e+00
200	1.907900000000e-01	0	0.000000000000e+00	2.212545930000e-01	-9.157534990000e-05	0.000000000000e+00
200	1.916700000000e-01	0	0.000000000000e+00	2.213155350000e-01	-9.088944970000e-05	0.000000000000e+00
200	1.925200000000e-01	0	0.000000000000e+00	2.213252310000e-01	-8.608814810000e-05	0.000000000000e+00
200	1.933000000000e-01	0	6.103560000000e-05	2.212303540000e-01	-9.226125010000e-05	0.000000000000e+00
200	1.942100000000e-01	0	6.103560000000e-05	2.212095780000e-01	-8.883174900000e-05	0.000000000000e+00
200	1.950600000000e-01	0	0.000000000000e+00	2.212386640000e-01	-8.745994860000e-05	0.000000000000e+00
200	1.959200000000e-01	0	0.000000000000e+00	2.212158110000e-01	-8.677404830000e-05	0.000000000000e+00
200	1.968300000000e-01	0	0.000000000000e+00	2.211971130000e-01	-9.637665140000e-05	0.000000000000e+00
200	1.976000000000e-01	0	0.000000000000e+00	2.212767540000e-01	-8.814584880000e-05	0.000000000000e+00
200	1.984700000000e-01	0	0.000000000000e+00	2.210946180000e-01	-9.020354950000e-05	0.000000000000e+00
200	1.993200000000e-01	0	0.000000000000e+00	2.211174720000e-01	-9.088944970000e-05	0.000000000000e+00
200	1.997600000000e-01	0	0.000000000000e+00	2.211458660000e-01	-8.745994860000e-05	0.000000000000e+00
200	1.999000000000e-01	0	0.000000000000e+00	2.212317390000e-01	-8.608814810000e-05	0.000000000000e+00
200	1.999700000000e-01	0	6.103560000000e-05	2.211465580000e-01	-9.157534990000e-05	0.000000000000e+00

