# Filename: data_591.dat
# Timestamp: Wed Sep 04 04:50:49 2019

# Column 1:
#	end: -0.2
#	name: IPS120-10 (swept B(T))
#	size: 2
#	start: 0.2
#	type: coordinate
# Column 2:
#	end: 0
#	name: y_parameter (none)
#	size: 1
#	start: 0
#	type: coordinate
# Column 3:
#	end: 0
#	name: z_parameter (none)
#	size: 1
#	start: 0
#	type: coordinate
# Column 4:
#	name: lockin 1
#	type: value
# Column 5:
#	name: Keithley 1
#	type: value
# Column 6:
#	name: Keithley 2
#	type: value
# Column 7:
#	name: processed dIdV
#	type: value

500	1.997400000000e-01	0	6.103560000000e-05	5.832375340000e-01	-9.431895080000e-05	0.000000000000e+00
500	1.991100000000e-01	0	6.103560000000e-05	5.835498640000e-01	-8.883174900000e-05	0.000000000000e+00
500	1.983200000000e-01	0	6.103560000000e-05	5.832984760000e-01	-9.088944970000e-05	0.000000000000e+00
500	1.975800000000e-01	0	0.000000000000e+00	5.834923840000e-01	-8.814584880000e-05	0.000000000000e+00
500	1.967600000000e-01	0	0.000000000000e+00	5.834328270000e-01	-9.157534990000e-05	0.000000000000e+00
500	1.958600000000e-01	0	0.000000000000e+00	5.832922430000e-01	-9.363305060000e-05	0.000000000000e+00
500	1.949100000000e-01	0	0.000000000000e+00	5.827347570000e-01	-9.020354950000e-05	0.000000000000e+00
500	1.941100000000e-01	0	6.103560000000e-05	5.825408490000e-01	-9.020354950000e-05	0.000000000000e+00
500	1.932200000000e-01	0	6.103560000000e-05	5.828386370000e-01	-8.745994860000e-05	0.000000000000e+00
500	1.923400000000e-01	0	6.103560000000e-05	5.825747830000e-01	-9.431895080000e-05	0.000000000000e+00
500	1.915500000000e-01	0	6.103560000000e-05	5.834626060000e-01	-9.157534990000e-05	0.000000000000e+00
500	1.907000000000e-01	0	0.000000000000e+00	5.827486080000e-01	-9.294715030000e-05	0.000000000000e+00
500	1.897800000000e-01	0	1.220710000000e-04	5.831897490000e-01	-8.951764920000e-05	0.000000000000e+00
500	1.889000000000e-01	0	6.103560000000e-05	5.830644010000e-01	-9.020354950000e-05	0.000000000000e+00
500	1.880400000000e-01	0	0.000000000000e+00	5.827825420000e-01	-8.883174900000e-05	0.000000000000e+00
500	1.871700000000e-01	0	0.000000000000e+00	5.825997140000e-01	-9.020354950000e-05	0.000000000000e+00
500	1.862900000000e-01	0	0.000000000000e+00	5.835519420000e-01	-8.745994860000e-05	0.000000000000e+00
500	1.855100000000e-01	0	6.103560000000e-05	5.828891910000e-01	-8.951764920000e-05	0.000000000000e+00
500	1.846000000000e-01	0	6.103560000000e-05	5.829646770000e-01	-9.157534990000e-05	0.000000000000e+00
500	1.837500000000e-01	0	6.103560000000e-05	5.827112110000e-01	-8.745994860000e-05	0.000000000000e+00
500	1.828800000000e-01	0	0.000000000000e+00	5.836765970000e-01	-8.951764920000e-05	0.000000000000e+00
500	1.819800000000e-01	0	6.103560000000e-05	5.829709100000e-01	-8.883174900000e-05	0.000000000000e+00
500	1.811200000000e-01	0	0.000000000000e+00	5.826274150000e-01	-9.157534990000e-05	0.000000000000e+00
500	1.802200000000e-01	0	0.000000000000e+00	5.834238240000e-01	-9.020354950000e-05	0.000000000000e+00
500	1.794500000000e-01	0	6.103560000000e-05	5.821745010000e-01	-8.745994860000e-05	0.000000000000e+00
500	1.786000000000e-01	0	6.103560000000e-05	5.826855880000e-01	-8.608814810000e-05	0.000000000000e+00
500	1.777000000000e-01	0	0.000000000000e+00	5.823538660000e-01	-8.883174900000e-05	0.000000000000e+00
500	1.768000000000e-01	0	0.000000000000e+00	5.829162000000e-01	-8.814584880000e-05	0.000000000000e+00
500	1.759400000000e-01	0	6.103560000000e-05	5.814411130000e-01	-8.951764920000e-05	0.000000000000e+00
500	1.751000000000e-01	0	6.103560000000e-05	5.815415300000e-01	-8.060094640000e-05	0.000000000000e+00
500	1.741600000000e-01	0	6.103560000000e-05	5.820013690000e-01	-9.088944970000e-05	0.000000000000e+00
500	1.734100000000e-01	0	0.000000000000e+00	5.820692370000e-01	-8.883174900000e-05	0.000000000000e+00
500	1.725000000000e-01	0	1.220710000000e-04	5.826578870000e-01	-8.403044750000e-05	0.000000000000e+00
500	1.716800000000e-01	0	6.103560000000e-05	5.815685380000e-01	-9.363305060000e-05	0.000000000000e+00
500	1.707600000000e-01	0	6.103560000000e-05	5.814819720000e-01	-8.951764920000e-05	0.000000000000e+00
500	1.699000000000e-01	0	0.000000000000e+00	5.811010810000e-01	-9.020354950000e-05	0.000000000000e+00
500	1.690200000000e-01	0	6.103560000000e-05	5.812991440000e-01	-9.363305060000e-05	0.000000000000e+00
500	1.681300000000e-01	0	1.220710000000e-04	5.806592470000e-01	-9.363305060000e-05	0.000000000000e+00
500	1.673500000000e-01	0	0.000000000000e+00	5.814875120000e-01	-9.226125010000e-05	0.000000000000e+00
500	1.664900000000e-01	0	6.103560000000e-05	5.802084110000e-01	-9.157534990000e-05	0.000000000000e+00
500	1.656100000000e-01	0	0.000000000000e+00	5.814563480000e-01	-9.363305060000e-05	0.000000000000e+00
500	1.647200000000e-01	0	6.103560000000e-05	5.806724050000e-01	-9.431895080000e-05	0.000000000000e+00
500	1.638700000000e-01	0	6.103560000000e-05	5.797264100000e-01	-9.774845190000e-05	0.000000000000e+00
500	1.629500000000e-01	0	6.103560000000e-05	5.800145030000e-01	-9.226125010000e-05	0.000000000000e+00
500	1.620900000000e-01	0	0.000000000000e+00	5.799272440000e-01	-9.363305060000e-05	0.000000000000e+00
500	1.613100000000e-01	0	0.000000000000e+00	5.810671470000e-01	-9.500485100000e-05	0.000000000000e+00
500	1.604300000000e-01	0	0.000000000000e+00	5.790283410000e-01	-9.363305060000e-05	0.000000000000e+00
500	1.595600000000e-01	0	6.103560000000e-05	5.808552330000e-01	-9.843435210000e-05	0.000000000000e+00
500	1.586700000000e-01	0	1.220710000000e-04	5.796460770000e-01	-9.226125010000e-05	0.000000000000e+00
500	1.578000000000e-01	0	0.000000000000e+00	5.794722520000e-01	-9.706255170000e-05	0.000000000000e+00
500	1.569200000000e-01	0	0.000000000000e+00	5.797527270000e-01	-9.431895080000e-05	0.000000000000e+00
500	1.561500000000e-01	0	6.103560000000e-05	5.796259940000e-01	-9.637665140000e-05	0.000000000000e+00
500	1.552400000000e-01	0	1.220710000000e-04	5.793358240000e-01	-9.637665140000e-05	0.000000000000e+00
500	1.543900000000e-01	0	6.103560000000e-05	5.788053470000e-01	-9.157534990000e-05	0.000000000000e+00
500	1.535000000000e-01	0	6.103560000000e-05	5.800338930000e-01	-9.637665140000e-05	0.000000000000e+00
500	1.526100000000e-01	0	6.103560000000e-05	5.790047950000e-01	-9.294715030000e-05	0.000000000000e+00
500	1.517400000000e-01	0	0.000000000000e+00	5.783205760000e-01	-9.569075120000e-05	0.000000000000e+00
500	1.508600000000e-01	0	6.103560000000e-05	5.804681090000e-01	-9.294715030000e-05	0.000000000000e+00
500	1.501100000000e-01	0	1.220710000000e-04	5.784798580000e-01	-9.500485100000e-05	0.000000000000e+00
500	1.492000000000e-01	0	1.220710000000e-04	5.801128420000e-01	-9.363305060000e-05	0.000000000000e+00
500	1.483400000000e-01	0	0.000000000000e+00	5.796093730000e-01	-9.980615260000e-05	0.000000000000e+00
500	1.474700000000e-01	0	6.103560000000e-05	5.797485710000e-01	-9.226125010000e-05	0.000000000000e+00
500	1.465800000000e-01	0	6.103560000000e-05	5.780830390000e-01	-9.431895080000e-05	0.000000000000e+00
500	1.456900000000e-01	0	0.000000000000e+00	5.776273540000e-01	-9.431895080000e-05	0.000000000000e+00
500	1.448000000000e-01	0	0.000000000000e+00	5.789590880000e-01	-9.088944970000e-05	0.000000000000e+00
500	1.439400000000e-01	0	6.103560000000e-05	5.778842830000e-01	-9.431895080000e-05	0.000000000000e+00
500	1.431400000000e-01	0	0.000000000000e+00	5.771128050000e-01	-9.569075120000e-05	0.000000000000e+00
500	1.422800000000e-01	0	6.103560000000e-05	5.769216670000e-01	-9.774845190000e-05	0.000000000000e+00
500	1.414200000000e-01	0	1.220710000000e-04	5.785629610000e-01	-9.774845190000e-05	0.000000000000e+00
500	1.405100000000e-01	0	6.103560000000e-05	5.771882910000e-01	-9.088944970000e-05	0.000000000000e+00
500	1.396200000000e-01	0	6.103560000000e-05	5.777797110000e-01	-9.431895080000e-05	0.000000000000e+00
500	1.387700000000e-01	0	0.000000000000e+00	5.765054570000e-01	-9.706255170000e-05	0.000000000000e+00
500	1.380100000000e-01	0	1.831060000000e-04	5.772499260000e-01	-9.088944970000e-05	0.000000000000e+00
500	1.371000000000e-01	0	0.000000000000e+00	5.774756910000e-01	-9.637665140000e-05	0.000000000000e+00
500	1.362500000000e-01	0	6.103560000000e-05	5.775747220000e-01	-9.637665140000e-05	0.000000000000e+00
500	1.353700000000e-01	0	0.000000000000e+00	5.778392680000e-01	-9.500485100000e-05	0.000000000000e+00
500	1.344800000000e-01	0	6.103560000000e-05	5.774306760000e-01	-9.088944970000e-05	0.000000000000e+00
500	1.335700000000e-01	0	1.831060000000e-04	5.766536580000e-01	-9.088944970000e-05	0.000000000000e+00
500	1.327300000000e-01	0	1.220710000000e-04	5.767374540000e-01	-9.294715030000e-05	0.000000000000e+00
500	1.319600000000e-01	0	6.103560000000e-05	5.765386990000e-01	-9.020354950000e-05	0.000000000000e+00
500	1.310300000000e-01	0	6.103560000000e-05	5.760733190000e-01	-9.363305060000e-05	0.000000000000e+00
500	1.302300000000e-01	0	6.103560000000e-05	5.768911960000e-01	-9.569075120000e-05	0.000000000000e+00
500	1.293200000000e-01	0	6.103560000000e-05	5.770947990000e-01	-9.500485100000e-05	0.000000000000e+00
500	1.284100000000e-01	0	6.103560000000e-05	5.767561530000e-01	-9.706255170000e-05	0.000000000000e+00
500	1.275200000000e-01	0	1.831060000000e-04	5.761661180000e-01	-9.363305060000e-05	0.000000000000e+00
500	1.266800000000e-01	0	1.220710000000e-04	5.769022760000e-01	-9.088944970000e-05	0.000000000000e+00
500	1.257800000000e-01	0	6.103560000000e-05	5.755089080000e-01	-9.706255170000e-05	0.000000000000e+00
500	1.250000000000e-01	0	1.220710000000e-04	5.757395200000e-01	-9.569075120000e-05	0.000000000000e+00
500	1.241300000000e-01	0	6.103560000000e-05	5.771536640000e-01	-9.637665140000e-05	0.000000000000e+00
500	1.232400000000e-01	0	0.000000000000e+00	5.773157160000e-01	-9.088944970000e-05	0.000000000000e+00
500	1.223800000000e-01	0	0.000000000000e+00	5.762831550000e-01	-9.020354950000e-05	0.000000000000e+00
500	1.214700000000e-01	0	6.103560000000e-05	5.771689000000e-01	-9.363305060000e-05	0.000000000000e+00
500	1.206300000000e-01	0	6.103560000000e-05	5.772741650000e-01	-9.363305060000e-05	0.000000000000e+00
500	1.197400000000e-01	0	6.103560000000e-05	5.761252590000e-01	-9.363305060000e-05	0.000000000000e+00
500	1.189600000000e-01	0	1.220710000000e-04	5.751861890000e-01	-9.843435210000e-05	0.000000000000e+00
500	1.180800000000e-01	0	1.220710000000e-04	5.767339920000e-01	-9.500485100000e-05	0.000000000000e+00
500	1.172300000000e-01	0	6.103560000000e-05	5.767194490000e-01	-9.569075120000e-05	0.000000000000e+00
500	1.163300000000e-01	0	6.103560000000e-05	5.765823280000e-01	-9.363305060000e-05	0.000000000000e+00
500	1.154500000000e-01	0	0.000000000000e+00	5.749985140000e-01	-9.363305060000e-05	0.000000000000e+00
500	1.145500000000e-01	0	6.103560000000e-05	5.755601550000e-01	-9.431895080000e-05	0.000000000000e+00
500	1.137100000000e-01	0	6.103560000000e-05	5.757125110000e-01	-9.157534990000e-05	0.000000000000e+00
500	1.129200000000e-01	0	6.103560000000e-05	5.759001870000e-01	-9.226125010000e-05	0.000000000000e+00
500	1.120300000000e-01	0	1.220710000000e-04	5.764549020000e-01	-9.363305060000e-05	0.000000000000e+00
500	1.112000000000e-01	0	1.831060000000e-04	5.760511580000e-01	-9.431895080000e-05	0.000000000000e+00
500	1.102600000000e-01	0	1.220710000000e-04	5.755054450000e-01	-9.294715030000e-05	0.000000000000e+00
500	1.093800000000e-01	0	0.000000000000e+00	5.755165250000e-01	-9.500485100000e-05	0.000000000000e+00
500	1.085300000000e-01	0	6.103560000000e-05	5.758101580000e-01	-8.883174900000e-05	0.000000000000e+00
500	1.076800000000e-01	0	0.000000000000e+00	5.760414630000e-01	-8.951764920000e-05	0.000000000000e+00
500	1.068700000000e-01	0	0.000000000000e+00	5.767942420000e-01	-8.951764920000e-05	0.000000000000e+00
500	1.060000000000e-01	0	6.103560000000e-05	5.754445020000e-01	-8.608814810000e-05	0.000000000000e+00
500	1.051100000000e-01	0	6.103560000000e-05	5.752817580000e-01	-9.569075120000e-05	0.000000000000e+00
500	1.042300000000e-01	0	0.000000000000e+00	5.765726320000e-01	-8.745994860000e-05	0.000000000000e+00
500	1.033700000000e-01	0	1.220710000000e-04	5.773323370000e-01	-9.157534990000e-05	0.000000000000e+00
500	1.024800000000e-01	0	1.220710000000e-04	5.776141960000e-01	-9.088944970000e-05	0.000000000000e+00
500	1.016000000000e-01	0	1.220710000000e-04	5.766709720000e-01	-9.431895080000e-05	0.000000000000e+00
500	1.008000000000e-01	0	0.000000000000e+00	5.768718050000e-01	-9.980615260000e-05	0.000000000000e+00
500	9.995000000000e-02	0	6.103560000000e-05	5.760075290000e-01	-9.431895080000e-05	0.000000000000e+00
500	9.908000000000e-02	0	6.103560000000e-05	5.772471560000e-01	-9.226125010000e-05	0.000000000000e+00
500	9.820000000000e-02	0	0.000000000000e+00	5.773385700000e-01	-9.294715030000e-05	0.000000000000e+00
500	9.733000000000e-02	0	0.000000000000e+00	5.775920350000e-01	-9.088944970000e-05	0.000000000000e+00
500	9.643000000000e-02	0	0.000000000000e+00	5.767582300000e-01	-9.363305060000e-05	0.000000000000e+00
500	9.556000000000e-02	0	0.000000000000e+00	5.762824630000e-01	-9.569075120000e-05	0.000000000000e+00
500	9.478000000000e-02	0	0.000000000000e+00	5.760324600000e-01	-9.294715030000e-05	0.000000000000e+00
500	9.389000000000e-02	0	6.103560000000e-05	5.759514340000e-01	-9.843435210000e-05	0.000000000000e+00
500	9.301000000000e-02	0	0.000000000000e+00	5.760234570000e-01	-9.500485100000e-05	0.000000000000e+00
500	9.214000000000e-02	0	6.103560000000e-05	5.755255280000e-01	-9.843435210000e-05	0.000000000000e+00
500	9.125000000000e-02	0	0.000000000000e+00	5.768946590000e-01	-9.569075120000e-05	0.000000000000e+00
500	9.037000000000e-02	0	0.000000000000e+00	5.767332990000e-01	-9.020354950000e-05	0.000000000000e+00
500	8.951000000000e-02	0	0.000000000000e+00	5.763323250000e-01	-9.363305060000e-05	0.000000000000e+00
500	8.872000000000e-02	0	0.000000000000e+00	5.766841300000e-01	-9.500485100000e-05	0.000000000000e+00
500	8.786000000000e-02	0	6.103560000000e-05	5.751841110000e-01	-9.020354950000e-05	0.000000000000e+00
500	8.698000000000e-02	0	6.103560000000e-05	5.755830080000e-01	-9.294715030000e-05	0.000000000000e+00
500	8.608000000000e-02	0	0.000000000000e+00	5.748793990000e-01	-9.020354950000e-05	0.000000000000e+00
500	8.520000000000e-02	0	0.000000000000e+00	5.762235980000e-01	-9.500485100000e-05	0.000000000000e+00
500	8.433000000000e-02	0	1.220710000000e-04	5.756210970000e-01	-9.637665140000e-05	0.000000000000e+00
500	8.346000000000e-02	0	6.103560000000e-05	5.752076570000e-01	-9.157534990000e-05	0.000000000000e+00
500	8.269000000000e-02	0	0.000000000000e+00	5.755276060000e-01	-9.363305060000e-05	0.000000000000e+00
500	8.180000000000e-02	0	6.103560000000e-05	5.756730370000e-01	-9.157534990000e-05	0.000000000000e+00
500	8.094000000000e-02	0	0.000000000000e+00	5.755525370000e-01	-9.569075120000e-05	0.000000000000e+00
500	8.004000000000e-02	0	6.103560000000e-05	5.756287150000e-01	-9.157534990000e-05	0.000000000000e+00
500	7.916000000000e-02	0	6.103560000000e-05	5.759916000000e-01	-9.431895080000e-05	0.000000000000e+00
500	7.840000000000e-02	0	0.000000000000e+00	5.756702670000e-01	-9.226125010000e-05	0.000000000000e+00
500	7.752000000000e-02	0	0.000000000000e+00	5.754680480000e-01	-9.088944970000e-05	0.000000000000e+00
500	7.660000000000e-02	0	6.103560000000e-05	5.750774620000e-01	-9.843435210000e-05	0.000000000000e+00
500	7.574000000000e-02	0	1.220710000000e-04	5.762554540000e-01	-9.363305060000e-05	0.000000000000e+00
500	7.486000000000e-02	0	0.000000000000e+00	5.747090360000e-01	-9.637665140000e-05	0.000000000000e+00
500	7.398000000000e-02	0	6.103560000000e-05	5.759936780000e-01	-9.431895080000e-05	0.000000000000e+00
500	7.310000000000e-02	0	1.220710000000e-04	5.734056960000e-01	-9.157534990000e-05	0.000000000000e+00
500	7.232000000000e-02	0	1.220710000000e-04	5.756758070000e-01	-9.294715030000e-05	0.000000000000e+00
500	7.146000000000e-02	0	0.000000000000e+00	5.755629250000e-01	-9.637665140000e-05	0.000000000000e+00
500	7.055000000000e-02	0	6.103560000000e-05	5.763392500000e-01	-9.431895080000e-05	0.000000000000e+00
500	6.969000000000e-02	0	0.000000000000e+00	5.749320310000e-01	-9.363305060000e-05	0.000000000000e+00
500	6.883000000000e-02	0	0.000000000000e+00	5.757949220000e-01	-9.431895080000e-05	0.000000000000e+00
500	6.794000000000e-02	0	0.000000000000e+00	5.747935250000e-01	-9.363305060000e-05	0.000000000000e+00
500	6.716000000000e-02	0	0.000000000000e+00	5.756640340000e-01	-9.569075120000e-05	0.000000000000e+00
500	6.629000000000e-02	0	6.103560000000e-05	5.754147240000e-01	-9.226125010000e-05	0.000000000000e+00
500	6.538000000000e-02	0	6.103560000000e-05	5.750040540000e-01	-9.706255170000e-05	0.000000000000e+00
500	6.452000000000e-02	0	0.000000000000e+00	5.747893700000e-01	-9.431895080000e-05	0.000000000000e+00
500	6.369000000000e-02	0	6.103560000000e-05	5.746557120000e-01	-9.500485100000e-05	0.000000000000e+00
500	6.278000000000e-02	0	0.000000000000e+00	5.747699790000e-01	-9.500485100000e-05	0.000000000000e+00
500	6.202000000000e-02	0	0.000000000000e+00	5.756674970000e-01	-9.294715030000e-05	0.000000000000e+00
500	6.112000000000e-02	0	1.220710000000e-04	5.748731660000e-01	-9.912025230000e-05	0.000000000000e+00
500	6.022000000000e-02	0	0.000000000000e+00	5.733080500000e-01	-8.951764920000e-05	0.000000000000e+00
500	5.939000000000e-02	0	0.000000000000e+00	5.748329990000e-01	-8.951764920000e-05	0.000000000000e+00
500	5.848000000000e-02	0	1.220710000000e-04	5.752568270000e-01	-9.431895080000e-05	0.000000000000e+00
500	5.761000000000e-02	0	1.220710000000e-04	5.751245540000e-01	-9.637665140000e-05	0.000000000000e+00
500	5.672000000000e-02	0	0.000000000000e+00	5.746896460000e-01	-9.157534990000e-05	0.000000000000e+00
500	5.595000000000e-02	0	0.000000000000e+00	5.763766470000e-01	-9.363305060000e-05	0.000000000000e+00
500	5.507000000000e-02	0	1.220710000000e-04	5.747658240000e-01	-8.951764920000e-05	0.000000000000e+00
500	5.419000000000e-02	0	0.000000000000e+00	5.752852210000e-01	-9.912025230000e-05	0.000000000000e+00
500	5.331000000000e-02	0	0.000000000000e+00	5.753156920000e-01	-8.883174900000e-05	0.000000000000e+00
500	5.241000000000e-02	0	6.103560000000e-05	5.749867410000e-01	-9.226125010000e-05	0.000000000000e+00
500	5.153000000000e-02	0	6.103560000000e-05	5.762540690000e-01	-9.294715030000e-05	0.000000000000e+00
500	5.067000000000e-02	0	6.103560000000e-05	5.751072410000e-01	-9.363305060000e-05	0.000000000000e+00
500	4.989000000000e-02	0	6.103560000000e-05	5.758066950000e-01	-9.157534990000e-05	0.000000000000e+00
500	4.900000000000e-02	0	6.103560000000e-05	5.750338330000e-01	-9.226125010000e-05	0.000000000000e+00
500	4.812000000000e-02	0	0.000000000000e+00	5.749396490000e-01	-8.745994860000e-05	0.000000000000e+00
500	4.729000000000e-02	0	0.000000000000e+00	5.747637460000e-01	-9.020354950000e-05	0.000000000000e+00
500	4.638000000000e-02	0	6.103560000000e-05	5.747928320000e-01	-8.883174900000e-05	0.000000000000e+00
500	4.551000000000e-02	0	6.103560000000e-05	5.744271770000e-01	-9.363305060000e-05	0.000000000000e+00
500	4.463000000000e-02	0	0.000000000000e+00	5.752180450000e-01	-9.294715030000e-05	0.000000000000e+00
500	4.385000000000e-02	0	0.000000000000e+00	5.750241370000e-01	-8.677404830000e-05	0.000000000000e+00
500	4.294000000000e-02	0	1.220710000000e-04	5.761460340000e-01	-8.677404830000e-05	0.000000000000e+00
500	4.208000000000e-02	0	0.000000000000e+00	5.749756600000e-01	-8.883174900000e-05	0.000000000000e+00
500	4.124000000000e-02	0	6.103560000000e-05	5.763219370000e-01	-8.403044750000e-05	0.000000000000e+00
500	4.030000000000e-02	0	6.103560000000e-05	5.756287150000e-01	-9.088944970000e-05	0.000000000000e+00
500	3.958000000000e-02	0	6.103560000000e-05	5.762125170000e-01	-8.951764920000e-05	0.000000000000e+00
500	3.867000000000e-02	0	1.220710000000e-04	5.761030980000e-01	-8.814584880000e-05	0.000000000000e+00
500	3.781000000000e-02	0	6.103560000000e-05	5.765186150000e-01	-9.157534990000e-05	0.000000000000e+00
500	3.689000000000e-02	0	0.000000000000e+00	5.771668230000e-01	-8.951764920000e-05	0.000000000000e+00
500	3.605000000000e-02	0	6.103560000000e-05	5.774410640000e-01	-9.294715030000e-05	0.000000000000e+00
500	3.517000000000e-02	0	1.220710000000e-04	5.772921700000e-01	-9.431895080000e-05	0.000000000000e+00
500	3.428000000000e-02	0	1.220710000000e-04	5.769805320000e-01	-9.431895080000e-05	0.000000000000e+00
500	3.349000000000e-02	0	6.103560000000e-05	5.759306580000e-01	-9.294715030000e-05	0.000000000000e+00
500	3.265000000000e-02	0	6.103560000000e-05	5.773981270000e-01	-8.471634770000e-05	0.000000000000e+00
500	3.175000000000e-02	0	0.000000000000e+00	5.758849510000e-01	-9.157534990000e-05	0.000000000000e+00
500	3.088000000000e-02	0	6.103560000000e-05	5.758877210000e-01	-8.745994860000e-05	0.000000000000e+00
500	3.001000000000e-02	0	1.220710000000e-04	5.759368910000e-01	-9.088944970000e-05	0.000000000000e+00
500	2.913000000000e-02	0	1.220710000000e-04	5.755158330000e-01	-9.020354950000e-05	0.000000000000e+00
500	2.821000000000e-02	0	0.000000000000e+00	5.759168070000e-01	-9.020354950000e-05	0.000000000000e+00
500	2.747000000000e-02	0	6.103560000000e-05	5.777977170000e-01	-8.814584880000e-05	0.000000000000e+00
500	2.660000000000e-02	0	0.000000000000e+00	5.757028160000e-01	-9.088944970000e-05	0.000000000000e+00
500	2.568000000000e-02	0	0.000000000000e+00	5.777035330000e-01	-8.540224790000e-05	0.000000000000e+00
500	2.484000000000e-02	0	6.103560000000e-05	5.757035080000e-01	-9.088944970000e-05	0.000000000000e+00
500	2.393000000000e-02	0	0.000000000000e+00	5.761127930000e-01	-8.745994860000e-05	0.000000000000e+00
500	2.308000000000e-02	0	6.103560000000e-05	5.774874640000e-01	-8.677404830000e-05	0.000000000000e+00
500	2.229000000000e-02	0	0.000000000000e+00	5.741771740000e-01	-8.745994860000e-05	0.000000000000e+00
500	2.140000000000e-02	0	6.103560000000e-05	5.770213910000e-01	-8.745994860000e-05	0.000000000000e+00
500	2.055000000000e-02	0	0.000000000000e+00	5.766605840000e-01	-8.814584880000e-05	0.000000000000e+00
500	1.963000000000e-02	0	6.103560000000e-05	5.760400770000e-01	-8.540224790000e-05	0.000000000000e+00
500	1.879000000000e-02	0	1.220710000000e-04	5.759105750000e-01	-8.677404830000e-05	0.000000000000e+00
500	1.790000000000e-02	0	6.103560000000e-05	5.763316320000e-01	-8.677404830000e-05	0.000000000000e+00
500	1.712000000000e-02	0	1.220710000000e-04	5.762152870000e-01	-9.088944970000e-05	0.000000000000e+00
500	1.624000000000e-02	0	6.103560000000e-05	5.777603200000e-01	-8.677404830000e-05	0.000000000000e+00
500	1.540000000000e-02	0	6.103560000000e-05	5.764715230000e-01	-8.745994860000e-05	0.000000000000e+00
500	1.450000000000e-02	0	6.103560000000e-05	5.769486760000e-01	-8.608814810000e-05	0.000000000000e+00
500	1.359000000000e-02	0	0.000000000000e+00	5.764895290000e-01	-9.226125010000e-05	0.000000000000e+00
500	1.272000000000e-02	0	6.103560000000e-05	5.761640400000e-01	-8.128684660000e-05	0.000000000000e+00
500	1.188000000000e-02	0	6.103560000000e-05	5.773468800000e-01	-8.745994860000e-05	0.000000000000e+00
500	1.107000000000e-02	0	6.103560000000e-05	5.771259630000e-01	-8.814584880000e-05	0.000000000000e+00
500	1.021000000000e-02	0	0.000000000000e+00	5.777353890000e-01	-8.951764920000e-05	0.000000000000e+00
500	9.320000000000e-03	0	6.103560000000e-05	5.769694520000e-01	-8.883174900000e-05	0.000000000000e+00
500	8.450000000000e-03	0	6.103560000000e-05	5.764929920000e-01	-8.265864700000e-05	0.000000000000e+00
500	7.580000000000e-03	0	1.220710000000e-04	5.769597560000e-01	-8.540224790000e-05	0.000000000000e+00
500	6.680000000000e-03	0	6.103560000000e-05	5.756515690000e-01	-8.197274680000e-05	0.000000000000e+00
500	5.830000000000e-03	0	0.000000000000e+00	5.758323190000e-01	-8.883174900000e-05	0.000000000000e+00
500	5.040000000000e-03	0	0.000000000000e+00	5.767575380000e-01	-9.020354950000e-05	0.000000000000e+00
500	4.140000000000e-03	0	6.103560000000e-05	5.756460280000e-01	-8.951764920000e-05	0.000000000000e+00
500	3.250000000000e-03	0	6.103560000000e-05	5.769535240000e-01	-8.677404830000e-05	0.000000000000e+00
500	2.390000000000e-03	0	0.000000000000e+00	5.765276180000e-01	-8.334454720000e-05	0.000000000000e+00
500	1.530000000000e-03	0	0.000000000000e+00	5.758260860000e-01	-8.745994860000e-05	0.000000000000e+00
500	7.100000000000e-04	0	1.220710000000e-04	5.758454770000e-01	-8.403044750000e-05	0.000000000000e+00
500	-1.200000000000e-04	0	0.000000000000e+00	5.755497670000e-01	-8.334454720000e-05	0.000000000000e+00
500	-9.800000000000e-04	0	6.103560000000e-05	5.757305170000e-01	-8.540224790000e-05	0.000000000000e+00
500	-1.920000000000e-03	0	0.000000000000e+00	5.760123760000e-01	-9.088944970000e-05	0.000000000000e+00
500	-2.770000000000e-03	0	0.000000000000e+00	5.756120940000e-01	-8.883174900000e-05	0.000000000000e+00
500	-3.630000000000e-03	0	0.000000000000e+00	5.762388330000e-01	-8.540224790000e-05	0.000000000000e+00
500	-4.510000000000e-03	0	6.103560000000e-05	5.765657070000e-01	-8.814584880000e-05	0.000000000000e+00
500	-5.310000000000e-03	0	0.000000000000e+00	5.762907730000e-01	-8.334454720000e-05	0.000000000000e+00
500	-6.150000000000e-03	0	6.103560000000e-05	5.770975700000e-01	-8.745994860000e-05	0.000000000000e+00
500	-7.060000000000e-03	0	0.000000000000e+00	5.777485470000e-01	-8.471634770000e-05	0.000000000000e+00
500	-7.940000000000e-03	0	1.220710000000e-04	5.755102930000e-01	-8.951764920000e-05	0.000000000000e+00
500	-8.840000000000e-03	0	6.103560000000e-05	5.759126520000e-01	-8.608814810000e-05	0.000000000000e+00
500	-9.700000000000e-03	0	0.000000000000e+00	5.767416100000e-01	-8.334454720000e-05	0.000000000000e+00
500	-1.059000000000e-02	0	6.103560000000e-05	5.757048930000e-01	-8.197274680000e-05	0.000000000000e+00
500	-1.147000000000e-02	0	6.103560000000e-05	5.783621280000e-01	-8.745994860000e-05	0.000000000000e+00
500	-1.224000000000e-02	0	6.103560000000e-05	5.767575380000e-01	-8.471634770000e-05	0.000000000000e+00
500	-1.308000000000e-02	0	6.103560000000e-05	5.768579540000e-01	-8.540224790000e-05	0.000000000000e+00
500	-1.398000000000e-02	0	1.220710000000e-04	5.769562940000e-01	-8.540224790000e-05	0.000000000000e+00
500	-1.489000000000e-02	0	6.103560000000e-05	5.785982800000e-01	-8.265864700000e-05	0.000000000000e+00
500	-1.576000000000e-02	0	6.103560000000e-05	5.778711250000e-01	-8.677404830000e-05	0.000000000000e+00
500	-1.663000000000e-02	0	0.000000000000e+00	5.768856560000e-01	-8.128684660000e-05	0.000000000000e+00
500	-1.753000000000e-02	0	1.220710000000e-04	5.772229170000e-01	-8.197274680000e-05	0.000000000000e+00
500	-1.837000000000e-02	0	1.220710000000e-04	5.770809490000e-01	-8.951764920000e-05	0.000000000000e+00
500	-1.925000000000e-02	0	0.000000000000e+00	5.772866300000e-01	-8.403044750000e-05	0.000000000000e+00
500	-2.004000000000e-02	0	0.000000000000e+00	5.772741650000e-01	-8.540224790000e-05	0.000000000000e+00
500	-2.090000000000e-02	0	6.103560000000e-05	5.770082330000e-01	-8.540224790000e-05	0.000000000000e+00
500	-2.179000000000e-02	0	0.000000000000e+00	5.768330230000e-01	-8.677404830000e-05	0.000000000000e+00
500	-2.270000000000e-02	0	0.000000000000e+00	5.770761010000e-01	-8.540224790000e-05	0.000000000000e+00
500	-2.359000000000e-02	0	6.103560000000e-05	5.767963190000e-01	-8.745994860000e-05	0.000000000000e+00
500	-2.443000000000e-02	0	6.103560000000e-05	5.774722280000e-01	-8.608814810000e-05	0.000000000000e+00
500	-2.523000000000e-02	0	0.000000000000e+00	5.767506120000e-01	-7.854324570000e-05	0.000000000000e+00
500	-2.612000000000e-02	0	6.103560000000e-05	5.772450780000e-01	-8.060094640000e-05	0.000000000000e+00
500	-2.696000000000e-02	0	6.103560000000e-05	5.772817820000e-01	-8.540224790000e-05	0.000000000000e+00
500	-2.783000000000e-02	0	0.000000000000e+00	5.774382940000e-01	-8.403044750000e-05	0.000000000000e+00
500	-2.874000000000e-02	0	6.103560000000e-05	5.770947990000e-01	-8.677404830000e-05	0.000000000000e+00
500	-2.963000000000e-02	0	6.103560000000e-05	5.761114080000e-01	-8.060094640000e-05	0.000000000000e+00
500	-3.048000000000e-02	0	0.000000000000e+00	5.765096120000e-01	-8.608814810000e-05	0.000000000000e+00
500	-3.124000000000e-02	0	6.103560000000e-05	5.768572620000e-01	-8.334454720000e-05	0.000000000000e+00
500	-3.215000000000e-02	0	0.000000000000e+00	5.763745690000e-01	-8.060094640000e-05	0.000000000000e+00
500	-3.301000000000e-02	0	0.000000000000e+00	5.778191850000e-01	-8.608814810000e-05	0.000000000000e+00
500	-3.388000000000e-02	0	0.000000000000e+00	5.766910550000e-01	-8.334454720000e-05	0.000000000000e+00
500	-3.480000000000e-02	0	6.103560000000e-05	5.772970180000e-01	-8.677404830000e-05	0.000000000000e+00
500	-3.555000000000e-02	0	6.103560000000e-05	5.758343960000e-01	-8.471634770000e-05	0.000000000000e+00
500	-3.643000000000e-02	0	6.103560000000e-05	5.766065660000e-01	-8.677404830000e-05	0.000000000000e+00
500	-3.729000000000e-02	0	6.103560000000e-05	5.765878680000e-01	-8.334454720000e-05	0.000000000000e+00
500	-3.818000000000e-02	0	0.000000000000e+00	5.763018540000e-01	-8.814584880000e-05	0.000000000000e+00
500	-3.907000000000e-02	0	6.103560000000e-05	5.758330110000e-01	-9.088944970000e-05	0.000000000000e+00
500	-3.992000000000e-02	0	6.103560000000e-05	5.756245600000e-01	-8.608814810000e-05	0.000000000000e+00
500	-4.083000000000e-02	0	6.103560000000e-05	5.764424370000e-01	-8.128684660000e-05	0.000000000000e+00
500	-4.170000000000e-02	0	1.220710000000e-04	5.751605650000e-01	-8.608814810000e-05	0.000000000000e+00
500	-4.247000000000e-02	0	1.220710000000e-04	5.724313080000e-01	-8.951764920000e-05	0.000000000000e+00
500	-4.334000000000e-02	0	0.000000000000e+00	5.723932190000e-01	-8.814584880000e-05	0.000000000000e+00
500	-4.428000000000e-02	0	6.103560000000e-05	5.740885300000e-01	-8.883174900000e-05	0.000000000000e+00
500	-4.513000000000e-02	0	0.000000000000e+00	5.741245420000e-01	-8.471634770000e-05	0.000000000000e+00
500	-4.597000000000e-02	0	0.000000000000e+00	5.729001500000e-01	-8.745994860000e-05	0.000000000000e+00
500	-4.690000000000e-02	0	0.000000000000e+00	5.725732760000e-01	-8.608814810000e-05	0.000000000000e+00
500	-4.765000000000e-02	0	0.000000000000e+00	5.728371300000e-01	-8.883174900000e-05	0.000000000000e+00
500	-4.852000000000e-02	0	0.000000000000e+00	5.735241190000e-01	-8.403044750000e-05	0.000000000000e+00
500	-4.936000000000e-02	0	0.000000000000e+00	5.729555520000e-01	-8.745994860000e-05	0.000000000000e+00
500	-5.030000000000e-02	0	1.220710000000e-04	5.726016700000e-01	-8.951764920000e-05	0.000000000000e+00
500	-5.117000000000e-02	0	0.000000000000e+00	5.723087300000e-01	-8.608814810000e-05	0.000000000000e+00
500	-5.203000000000e-02	0	6.103560000000e-05	5.723530520000e-01	-8.677404830000e-05	0.000000000000e+00
500	-5.292000000000e-02	0	0.000000000000e+00	5.717152330000e-01	-8.197274680000e-05	0.000000000000e+00
500	-5.369000000000e-02	0	6.103560000000e-05	5.728239720000e-01	-8.951764920000e-05	0.000000000000e+00
500	-5.458000000000e-02	0	6.103560000000e-05	5.727741100000e-01	-8.471634770000e-05	0.000000000000e+00
500	-5.543000000000e-02	0	6.103560000000e-05	5.714776950000e-01	-8.608814810000e-05	0.000000000000e+00
500	-5.635000000000e-02	0	6.103560000000e-05	5.709825370000e-01	-8.540224790000e-05	0.000000000000e+00
500	-5.721000000000e-02	0	6.103560000000e-05	5.716328220000e-01	-8.883174900000e-05	0.000000000000e+00
500	-5.810000000000e-02	0	6.103560000000e-05	5.714735400000e-01	-8.677404830000e-05	0.000000000000e+00
500	-5.896000000000e-02	0	6.103560000000e-05	5.715213240000e-01	-8.540224790000e-05	0.000000000000e+00
500	-5.970000000000e-02	0	6.103560000000e-05	5.722692560000e-01	-8.608814810000e-05	0.000000000000e+00
500	-6.062000000000e-02	0	0.000000000000e+00	5.716605230000e-01	-8.540224790000e-05	0.000000000000e+00
500	-6.150000000000e-02	0	0.000000000000e+00	5.740088890000e-01	-8.814584880000e-05	0.000000000000e+00
500	-6.237000000000e-02	0	6.103560000000e-05	5.728468250000e-01	-8.814584880000e-05	0.000000000000e+00
500	-6.326000000000e-02	0	6.103560000000e-05	5.749742750000e-01	-8.334454720000e-05	0.000000000000e+00
500	-6.410000000000e-02	0	6.103560000000e-05	5.753149990000e-01	-8.471634770000e-05	0.000000000000e+00
500	-6.501000000000e-02	0	6.103560000000e-05	5.750289850000e-01	-9.020354950000e-05	0.000000000000e+00
500	-6.577000000000e-02	0	6.103560000000e-05	5.767942420000e-01	-8.677404830000e-05	0.000000000000e+00
500	-6.665000000000e-02	0	6.103560000000e-05	5.755490740000e-01	-8.677404830000e-05	0.000000000000e+00
500	-6.755000000000e-02	0	6.103560000000e-05	5.755206810000e-01	-8.608814810000e-05	0.000000000000e+00
500	-6.842000000000e-02	0	6.103560000000e-05	5.760663940000e-01	-8.334454720000e-05	0.000000000000e+00
500	-6.931000000000e-02	0	6.103560000000e-05	5.762215200000e-01	-8.745994860000e-05	0.000000000000e+00
500	-7.017000000000e-02	0	1.220710000000e-04	5.750712290000e-01	-8.745994860000e-05	0.000000000000e+00
500	-7.107000000000e-02	0	6.103560000000e-05	5.760061440000e-01	-8.608814810000e-05	0.000000000000e+00
500	-7.193000000000e-02	0	6.103560000000e-05	5.750733070000e-01	-8.471634770000e-05	0.000000000000e+00
500	-7.282000000000e-02	0	6.103560000000e-05	5.761979740000e-01	-8.334454720000e-05	0.000000000000e+00
500	-7.359000000000e-02	0	0.000000000000e+00	5.758323190000e-01	-8.608814810000e-05	0.000000000000e+00
500	-7.448000000000e-02	0	6.103560000000e-05	5.766266500000e-01	-9.157534990000e-05	0.000000000000e+00
500	-7.538000000000e-02	0	6.103560000000e-05	5.754673560000e-01	-8.608814810000e-05	0.000000000000e+00
500	-7.623000000000e-02	0	0.000000000000e+00	5.763427130000e-01	-8.334454720000e-05	0.000000000000e+00
500	-7.714000000000e-02	0	0.000000000000e+00	5.755407640000e-01	-8.471634770000e-05	0.000000000000e+00
500	-7.800000000000e-02	0	0.000000000000e+00	5.755539220000e-01	-8.951764920000e-05	0.000000000000e+00
500	-7.875000000000e-02	0	6.103560000000e-05	5.754168010000e-01	-9.157534990000e-05	0.000000000000e+00
500	-7.960000000000e-02	0	0.000000000000e+00	5.751474070000e-01	-8.745994860000e-05	0.000000000000e+00
500	-8.054000000000e-02	0	0.000000000000e+00	5.763447900000e-01	-8.883174900000e-05	0.000000000000e+00
500	-8.141000000000e-02	0	6.103560000000e-05	5.754514280000e-01	-8.677404830000e-05	0.000000000000e+00
500	-8.229000000000e-02	0	1.220710000000e-04	5.758821810000e-01	-9.157534990000e-05	0.000000000000e+00
500	-8.318000000000e-02	0	0.000000000000e+00	5.751792640000e-01	-8.883174900000e-05	0.000000000000e+00
500	-8.406000000000e-02	0	6.103560000000e-05	5.754735890000e-01	-8.745994860000e-05	0.000000000000e+00
500	-8.493000000000e-02	0	6.103560000000e-05	5.753246950000e-01	-8.883174900000e-05	0.000000000000e+00
500	-8.570000000000e-02	0	0.000000000000e+00	5.753371600000e-01	-8.677404830000e-05	0.000000000000e+00
500	-8.655000000000e-02	0	0.000000000000e+00	5.756792700000e-01	-8.951764920000e-05	0.000000000000e+00
500	-8.746000000000e-02	0	6.103560000000e-05	5.753918700000e-01	-9.294715030000e-05	0.000000000000e+00
500	-8.827000000000e-02	0	0.000000000000e+00	5.752478240000e-01	-8.677404830000e-05	0.000000000000e+00
500	-8.923000000000e-02	0	0.000000000000e+00	5.752651370000e-01	-9.431895080000e-05	0.000000000000e+00
500	-8.998000000000e-02	0	6.103560000000e-05	5.760850920000e-01	-9.157534990000e-05	0.000000000000e+00
500	-9.085000000000e-02	0	0.000000000000e+00	5.754735890000e-01	-9.020354950000e-05	0.000000000000e+00
500	-9.175000000000e-02	0	0.000000000000e+00	5.767547680000e-01	-9.363305060000e-05	0.000000000000e+00
500	-9.264000000000e-02	0	0.000000000000e+00	5.755518440000e-01	-9.226125010000e-05	0.000000000000e+00
500	-9.351000000000e-02	0	0.000000000000e+00	5.757402120000e-01	-9.363305060000e-05	0.000000000000e+00
500	-9.436000000000e-02	0	6.103560000000e-05	5.764999170000e-01	-9.226125010000e-05	0.000000000000e+00
500	-9.517000000000e-02	0	6.103560000000e-05	5.761384170000e-01	-9.157534990000e-05	0.000000000000e+00
500	-9.604000000000e-02	0	1.220710000000e-04	5.759299650000e-01	-9.431895080000e-05	0.000000000000e+00
500	-9.692000000000e-02	0	6.103560000000e-05	5.754812060000e-01	-9.637665140000e-05	0.000000000000e+00
500	-9.777000000000e-02	0	6.103560000000e-05	5.767769290000e-01	-9.431895080000e-05	0.000000000000e+00
500	-9.869000000000e-02	0	6.103560000000e-05	5.758295490000e-01	-8.814584880000e-05	0.000000000000e+00
500	-9.955000000000e-02	0	6.103560000000e-05	5.767409170000e-01	-8.745994860000e-05	0.000000000000e+00
500	-1.004400000000e-01	0	6.103560000000e-05	5.766252650000e-01	-9.157534990000e-05	0.000000000000e+00
500	-1.013500000000e-01	0	6.103560000000e-05	5.759195770000e-01	-9.294715030000e-05	0.000000000000e+00
500	-1.020900000000e-01	0	6.103560000000e-05	5.767713880000e-01	-8.608814810000e-05	0.000000000000e+00
500	-1.029500000000e-01	0	6.103560000000e-05	5.768579540000e-01	-9.088944970000e-05	0.000000000000e+00
500	-1.038300000000e-01	0	0.000000000000e+00	5.758551720000e-01	-9.500485100000e-05	0.000000000000e+00
500	-1.047300000000e-01	0	6.103560000000e-05	5.758537870000e-01	-9.637665140000e-05	0.000000000000e+00
500	-1.056000000000e-01	0	6.103560000000e-05	5.775643340000e-01	-9.912025230000e-05	0.000000000000e+00
500	-1.064800000000e-01	0	6.103560000000e-05	5.757547550000e-01	-9.020354950000e-05	0.000000000000e+00
500	-1.073800000000e-01	0	0.000000000000e+00	5.760560060000e-01	-9.637665140000e-05	0.000000000000e+00
500	-1.081300000000e-01	0	0.000000000000e+00	5.759521260000e-01	-9.294715030000e-05	0.000000000000e+00
500	-1.090300000000e-01	0	6.103560000000e-05	5.760186090000e-01	-9.294715030000e-05	0.000000000000e+00
500	-1.099000000000e-01	0	6.103560000000e-05	5.760456180000e-01	-9.843435210000e-05	0.000000000000e+00
500	-1.107900000000e-01	0	6.103560000000e-05	5.761702730000e-01	-9.363305060000e-05	0.000000000000e+00
500	-1.116700000000e-01	0	0.000000000000e+00	5.759812120000e-01	-9.569075120000e-05	0.000000000000e+00
500	-1.125100000000e-01	0	6.103560000000e-05	5.769389800000e-01	-8.883174900000e-05	0.000000000000e+00
500	-1.133100000000e-01	0	0.000000000000e+00	5.763669510000e-01	-9.431895080000e-05	0.000000000000e+00
500	-1.141900000000e-01	0	6.103560000000e-05	5.762464510000e-01	-9.569075120000e-05	0.000000000000e+00
500	-1.150500000000e-01	0	0.000000000000e+00	5.774417570000e-01	-9.431895080000e-05	0.000000000000e+00
500	-1.159200000000e-01	0	6.103560000000e-05	5.761661180000e-01	-9.569075120000e-05	0.000000000000e+00
500	-1.168200000000e-01	0	6.103560000000e-05	5.760608530000e-01	-9.157534990000e-05	0.000000000000e+00
500	-1.176900000000e-01	0	0.000000000000e+00	5.769590640000e-01	-9.363305060000e-05	0.000000000000e+00
500	-1.185700000000e-01	0	0.000000000000e+00	5.771550500000e-01	-9.569075120000e-05	0.000000000000e+00
500	-1.193300000000e-01	0	0.000000000000e+00	5.776626730000e-01	-9.088944970000e-05	0.000000000000e+00
500	-1.202400000000e-01	0	0.000000000000e+00	5.762637640000e-01	-9.294715030000e-05	0.000000000000e+00
500	-1.211300000000e-01	0	0.000000000000e+00	5.756584940000e-01	-9.774845190000e-05	0.000000000000e+00
500	-1.219900000000e-01	0	0.000000000000e+00	5.762284450000e-01	-9.088944970000e-05	0.000000000000e+00
500	-1.228800000000e-01	0	0.000000000000e+00	5.751321720000e-01	-9.363305060000e-05	0.000000000000e+00
500	-1.236500000000e-01	0	0.000000000000e+00	5.757007380000e-01	-9.774845190000e-05	0.000000000000e+00
500	-1.245000000000e-01	0	0.000000000000e+00	5.772374600000e-01	-9.157534990000e-05	0.000000000000e+00
500	-1.254200000000e-01	0	0.000000000000e+00	5.761730430000e-01	-9.363305060000e-05	0.000000000000e+00
500	-1.262800000000e-01	0	6.103560000000e-05	5.763219370000e-01	-9.774845190000e-05	0.000000000000e+00
500	-1.271600000000e-01	0	0.000000000000e+00	5.762623790000e-01	-9.500485100000e-05	0.000000000000e+00
500	-1.280500000000e-01	0	6.103560000000e-05	5.767727730000e-01	-9.020354950000e-05	0.000000000000e+00
500	-1.288300000000e-01	0	6.103560000000e-05	5.770075410000e-01	-9.431895080000e-05	0.000000000000e+00
500	-1.297000000000e-01	0	6.103560000000e-05	5.766522730000e-01	-9.157534990000e-05	0.000000000000e+00
500	-1.305900000000e-01	0	6.103560000000e-05	5.765033800000e-01	-9.500485100000e-05	0.000000000000e+00
500	-1.314700000000e-01	0	6.103560000000e-05	5.777651680000e-01	-9.569075120000e-05	0.000000000000e+00
500	-1.323500000000e-01	0	6.103560000000e-05	5.771121130000e-01	-9.294715030000e-05	0.000000000000e+00
500	-1.331800000000e-01	0	0.000000000000e+00	5.775795700000e-01	-9.637665140000e-05	0.000000000000e+00
500	-1.340700000000e-01	0	0.000000000000e+00	5.782824870000e-01	-9.706255170000e-05	0.000000000000e+00
500	-1.349600000000e-01	0	6.103560000000e-05	5.771197310000e-01	-9.363305060000e-05	0.000000000000e+00
500	-1.357300000000e-01	0	0.000000000000e+00	5.765580890000e-01	-9.774845190000e-05	0.000000000000e+00
500	-1.366100000000e-01	0	0.000000000000e+00	5.781086620000e-01	-9.500485100000e-05	0.000000000000e+00
500	-1.375100000000e-01	0	0.000000000000e+00	5.775941130000e-01	-9.431895080000e-05	0.000000000000e+00
500	-1.383700000000e-01	0	6.103560000000e-05	5.774043600000e-01	-9.912025230000e-05	0.000000000000e+00
500	-1.392300000000e-01	0	6.103560000000e-05	5.758184680000e-01	-9.431895080000e-05	0.000000000000e+00
500	-1.401100000000e-01	0	6.103560000000e-05	5.783974470000e-01	-9.157534990000e-05	0.000000000000e+00
500	-1.409500000000e-01	0	0.000000000000e+00	5.774403720000e-01	-9.157534990000e-05	0.000000000000e+00
500	-1.417800000000e-01	0	0.000000000000e+00	5.774244430000e-01	-9.912025230000e-05	0.000000000000e+00
500	-1.426300000000e-01	0	6.103560000000e-05	5.776093490000e-01	-9.431895080000e-05	0.000000000000e+00
500	-1.435400000000e-01	0	0.000000000000e+00	5.791412230000e-01	-9.294715030000e-05	0.000000000000e+00
500	-1.444200000000e-01	0	0.000000000000e+00	5.771065720000e-01	-9.774845190000e-05	0.000000000000e+00
500	-1.453100000000e-01	0	1.220710000000e-04	5.774029750000e-01	-9.363305060000e-05	0.000000000000e+00
500	-1.461600000000e-01	0	6.103560000000e-05	5.779479950000e-01	-9.912025230000e-05	0.000000000000e+00
500	-1.469400000000e-01	0	6.103560000000e-05	5.787104700000e-01	-9.706255170000e-05	0.000000000000e+00
500	-1.478400000000e-01	0	6.103560000000e-05	5.781481360000e-01	-9.569075120000e-05	0.000000000000e+00
500	-1.487000000000e-01	0	1.220710000000e-04	5.782513230000e-01	-9.363305060000e-05	0.000000000000e+00
500	-1.495900000000e-01	0	1.220710000000e-04	5.797949710000e-01	-9.706255170000e-05	0.000000000000e+00
500	-1.504600000000e-01	0	6.103560000000e-05	5.794203130000e-01	-9.843435210000e-05	0.000000000000e+00
500	-1.513800000000e-01	0	0.000000000000e+00	5.787464820000e-01	-9.431895080000e-05	0.000000000000e+00
500	-1.522100000000e-01	0	6.103560000000e-05	5.788898350000e-01	-9.912025230000e-05	0.000000000000e+00
500	-1.530100000000e-01	0	0.000000000000e+00	5.784791650000e-01	-9.294715030000e-05	0.000000000000e+00
500	-1.538800000000e-01	0	0.000000000000e+00	5.783718230000e-01	-9.569075120000e-05	0.000000000000e+00
500	-1.547600000000e-01	0	1.220710000000e-04	5.789667060000e-01	-9.157534990000e-05	0.000000000000e+00
500	-1.556300000000e-01	0	6.103560000000e-05	5.789445450000e-01	-9.500485100000e-05	0.000000000000e+00
500	-1.565200000000e-01	0	6.103560000000e-05	5.794189270000e-01	-9.226125010000e-05	0.000000000000e+00
500	-1.574000000000e-01	0	1.220710000000e-04	5.803025950000e-01	-9.226125010000e-05	0.000000000000e+00
500	-1.582800000000e-01	0	1.220710000000e-04	5.807465060000e-01	-9.569075120000e-05	0.000000000000e+00
500	-1.590700000000e-01	0	6.103560000000e-05	5.804390230000e-01	-9.363305060000e-05	0.000000000000e+00
500	-1.598900000000e-01	0	6.103560000000e-05	5.810733800000e-01	-9.569075120000e-05	0.000000000000e+00
500	-1.608300000000e-01	0	0.000000000000e+00	5.796100660000e-01	-9.706255170000e-05	0.000000000000e+00
500	-1.617200000000e-01	0	6.103560000000e-05	5.801079940000e-01	-9.706255170000e-05	0.000000000000e+00
500	-1.625800000000e-01	0	0.000000000000e+00	5.808067560000e-01	-9.431895080000e-05	0.000000000000e+00
500	-1.634400000000e-01	0	6.103560000000e-05	5.799050830000e-01	-9.706255170000e-05	0.000000000000e+00
500	-1.643200000000e-01	0	0.000000000000e+00	5.799514820000e-01	-9.774845190000e-05	0.000000000000e+00
500	-1.650900000000e-01	0	0.000000000000e+00	5.814861270000e-01	-9.706255170000e-05	0.000000000000e+00
500	-1.659900000000e-01	0	6.103560000000e-05	5.803773880000e-01	-9.569075120000e-05	0.000000000000e+00
500	-1.668500000000e-01	0	6.103560000000e-05	5.815706160000e-01	-9.363305060000e-05	0.000000000000e+00
500	-1.677700000000e-01	0	0.000000000000e+00	5.803884680000e-01	-9.294715030000e-05	0.000000000000e+00
500	-1.686100000000e-01	0	0.000000000000e+00	5.818753290000e-01	-9.294715030000e-05	0.000000000000e+00
500	-1.694700000000e-01	0	1.220710000000e-04	5.812014980000e-01	-9.843435210000e-05	0.000000000000e+00
500	-1.703900000000e-01	0	1.220710000000e-04	5.825567770000e-01	-9.226125010000e-05	0.000000000000e+00
500	-1.711400000000e-01	0	6.103560000000e-05	5.806516290000e-01	-9.637665140000e-05	0.000000000000e+00
500	-1.720300000000e-01	0	6.103560000000e-05	5.821897370000e-01	-9.637665140000e-05	0.000000000000e+00
500	-1.729200000000e-01	0	1.220710000000e-04	5.816627220000e-01	-9.637665140000e-05	0.000000000000e+00
500	-1.737900000000e-01	0	0.000000000000e+00	5.829979180000e-01	-9.843435210000e-05	0.000000000000e+00
500	-1.746800000000e-01	0	6.103560000000e-05	5.811177020000e-01	-1.004920530000e-04	0.000000000000e+00
500	-1.755300000000e-01	0	6.103560000000e-05	5.823247800000e-01	-9.843435210000e-05	0.000000000000e+00
500	-1.764200000000e-01	0	0.000000000000e+00	5.823871080000e-01	-1.018638530000e-04	0.000000000000e+00
500	-1.772200000000e-01	0	6.103560000000e-05	5.816744950000e-01	-1.004920530000e-04	0.000000000000e+00
500	-1.780700000000e-01	0	0.000000000000e+00	5.817846070000e-01	-9.912025230000e-05	0.000000000000e+00
500	-1.789500000000e-01	0	0.000000000000e+00	5.831973670000e-01	-1.025497530000e-04	0.000000000000e+00
500	-1.798400000000e-01	0	0.000000000000e+00	5.828317110000e-01	-9.843435210000e-05	0.000000000000e+00
500	-1.807200000000e-01	0	6.103560000000e-05	5.834743790000e-01	-9.706255170000e-05	0.000000000000e+00
500	-1.816000000000e-01	0	0.000000000000e+00	5.830096910000e-01	-9.569075120000e-05	0.000000000000e+00
500	-1.824600000000e-01	0	0.000000000000e+00	5.820041390000e-01	-1.004920530000e-04	0.000000000000e+00
500	-1.832700000000e-01	0	6.103560000000e-05	5.836059590000e-01	-9.980615260000e-05	0.000000000000e+00
500	-1.841400000000e-01	0	0.000000000000e+00	5.830650940000e-01	-9.706255170000e-05	0.000000000000e+00
500	-1.849900000000e-01	0	6.103560000000e-05	5.843275750000e-01	-9.637665140000e-05	0.000000000000e+00
500	-1.859000000000e-01	0	6.103560000000e-05	5.841045800000e-01	-9.637665140000e-05	0.000000000000e+00
500	-1.867800000000e-01	0	6.103560000000e-05	5.836572060000e-01	-9.843435210000e-05	0.000000000000e+00
500	-1.876600000000e-01	0	0.000000000000e+00	5.843158020000e-01	-9.912025230000e-05	0.000000000000e+00
500	-1.885000000000e-01	0	6.103560000000e-05	5.836205020000e-01	-9.706255170000e-05	0.000000000000e+00
500	-1.893100000000e-01	0	0.000000000000e+00	5.830782520000e-01	-1.011779530000e-04	0.000000000000e+00
500	-1.901700000000e-01	0	0.000000000000e+00	5.843019510000e-01	-9.912025230000e-05	0.000000000000e+00
500	-1.910400000000e-01	0	0.000000000000e+00	5.833074790000e-01	-1.004920530000e-04	0.000000000000e+00
500	-1.919600000000e-01	0	6.103560000000e-05	5.832347630000e-01	-9.157534990000e-05	0.000000000000e+00
500	-1.928200000000e-01	0	0.000000000000e+00	5.830789440000e-01	-1.018638530000e-04	0.000000000000e+00
500	-1.936900000000e-01	0	0.000000000000e+00	5.849563910000e-01	-9.706255170000e-05	0.000000000000e+00
500	-1.944500000000e-01	0	6.103560000000e-05	5.842687100000e-01	-1.011779530000e-04	0.000000000000e+00
500	-1.953600000000e-01	0	0.000000000000e+00	5.845256380000e-01	-1.011779530000e-04	0.000000000000e+00
500	-1.962100000000e-01	0	0.000000000000e+00	5.843899020000e-01	-1.018638530000e-04	0.000000000000e+00
500	-1.970800000000e-01	0	6.103560000000e-05	5.843926720000e-01	-1.011779530000e-04	0.000000000000e+00
500	-1.979900000000e-01	0	6.103560000000e-05	5.847541730000e-01	-9.912025230000e-05	0.000000000000e+00
500	-1.988500000000e-01	0	0.000000000000e+00	5.845602640000e-01	-9.774845190000e-05	0.000000000000e+00
500	-1.996000000000e-01	0	6.103560000000e-05	5.840872670000e-01	-9.912025230000e-05	0.000000000000e+00
500	-1.998200000000e-01	0	0.000000000000e+00	5.847264710000e-01	-9.912025230000e-05	0.000000000000e+00
500	-1.999200000000e-01	0	0.000000000000e+00	5.854750950000e-01	-9.980615260000e-05	0.000000000000e+00

