# Filename: data_3344.dat
# Timestamp: Tue May 22 17:57:47 2018

# Column 1:
#	end: -10.0
#	name: dac2 (Vbias)
#	size: 1
#	start: -10.0
#	type: coordinate
# Column 2:
#	end: 0.5
#	name: magnet (B(T))
#	size: 401
#	start: -0.5
#	type: coordinate
# Column 3:
#	end: 0
#	name: z_parameter (none)
#	size: 1
#	start: 0
#	type: coordinate
# Column 4:
#	name: processed data1
#	type: value
# Column 5:
#	name: Keithley 1
#	type: value
# Column 6:
#	name: processed data2
#	type: value
# Column 7:
#	name: Keithley 2
#	type: value

-1.000000000000e+01	-5.000000000000e-01	0	4.768577828000e+00	6.285778280000e-03	0	0

-1.000000000000e+01	-4.975000000000e-01	0	4.770030561000e+00	6.300305610000e-03	0	0

-1.000000000000e+01	-4.950000000000e-01	0	4.772313428000e+00	6.323134280000e-03	0	0

-1.000000000000e+01	-4.925000000000e-01	0	4.773904518000e+00	6.339045180000e-03	0	0

-1.000000000000e+01	-4.900000000000e-01	0	4.767747694000e+00	6.277476940000e-03	0	0

-1.000000000000e+01	-4.875000000000e-01	0	4.771760006000e+00	6.317600060000e-03	0	0

-1.000000000000e+01	-4.850000000000e-01	0	4.771552473000e+00	6.315524730000e-03	0	0

-1.000000000000e+01	-4.825000000000e-01	0	4.772520962000e+00	6.325209620000e-03	0	0

-1.000000000000e+01	-4.800000000000e-01	0	4.773074384000e+00	6.330743840000e-03	0	0

-1.000000000000e+01	-4.775000000000e-01	0	4.775979851000e+00	6.359798510000e-03	0	0

-1.000000000000e+01	-4.750000000000e-01	0	4.773489451000e+00	6.334894510000e-03	0	0

-1.000000000000e+01	-4.725000000000e-01	0	4.776809985000e+00	6.368099850000e-03	0	0

-1.000000000000e+01	-4.700000000000e-01	0	4.778262718000e+00	6.382627180000e-03	0	0

-1.000000000000e+01	-4.675000000000e-01	0	4.779853808000e+00	6.398538080000e-03	0	0

-1.000000000000e+01	-4.650000000000e-01	0	4.775426429000e+00	6.354264290000e-03	0	0

-1.000000000000e+01	-4.625000000000e-01	0	4.779092852000e+00	6.390928520000e-03	0	0

-1.000000000000e+01	-4.600000000000e-01	0	4.776394918000e+00	6.363949180000e-03	0	0

-1.000000000000e+01	-4.575000000000e-01	0	4.779922985000e+00	6.399229850000e-03	0	0

-1.000000000000e+01	-4.550000000000e-01	0	4.783381875000e+00	6.433818750000e-03	0	0

-1.000000000000e+01	-4.525000000000e-01	0	4.782690097000e+00	6.426900970000e-03	0	0

-1.000000000000e+01	-4.500000000000e-01	0	4.783935297000e+00	6.439352970000e-03	0	0

-1.000000000000e+01	-4.475000000000e-01	0	4.783312697000e+00	6.433126970000e-03	0	0

-1.000000000000e+01	-4.450000000000e-01	0	4.788362676000e+00	6.483626760000e-03	0	0

-1.000000000000e+01	-4.425000000000e-01	0	4.785595564000e+00	6.455955640000e-03	0	0

-1.000000000000e+01	-4.400000000000e-01	0	4.781514075000e+00	6.415140750000e-03	0	0

-1.000000000000e+01	-4.375000000000e-01	0	4.785180498000e+00	6.451804980000e-03	0	0

-1.000000000000e+01	-4.350000000000e-01	0	4.785388031000e+00	6.453880310000e-03	0	0

-1.000000000000e+01	-4.325000000000e-01	0	4.786702409000e+00	6.467024090000e-03	0	0

-1.000000000000e+01	-4.300000000000e-01	0	4.786218164000e+00	6.462181640000e-03	0	0

-1.000000000000e+01	-4.275000000000e-01	0	4.789400343000e+00	6.494003430000e-03	0	0

-1.000000000000e+01	-4.250000000000e-01	0	4.786079809000e+00	6.460798090000e-03	0	0

-1.000000000000e+01	-4.225000000000e-01	0	4.790161299000e+00	6.501612990000e-03	0	0

-1.000000000000e+01	-4.200000000000e-01	0	4.791752388000e+00	6.517523880000e-03	0	0

-1.000000000000e+01	-4.175000000000e-01	0	4.790161299000e+00	6.501612990000e-03	0	0

-1.000000000000e+01	-4.150000000000e-01	0	4.789815410000e+00	6.498154100000e-03	0	0

-1.000000000000e+01	-4.125000000000e-01	0	4.789538698000e+00	6.495386980000e-03	0	0

-1.000000000000e+01	-4.100000000000e-01	0	4.791406499000e+00	6.514064990000e-03	0	0

-1.000000000000e+01	-4.075000000000e-01	0	4.793412655000e+00	6.534126550000e-03	0	0

-1.000000000000e+01	-4.050000000000e-01	0	4.792444166000e+00	6.524441660000e-03	0	0

-1.000000000000e+01	-4.025000000000e-01	0	4.791959921000e+00	6.519599210000e-03	0	0

-1.000000000000e+01	-4.000000000000e-01	0	4.792790055000e+00	6.527900550000e-03	0	0

-1.000000000000e+01	-3.975000000000e-01	0	4.795626344000e+00	6.556263440000e-03	0	0

-1.000000000000e+01	-3.950000000000e-01	0	4.799915367000e+00	6.599153670000e-03	0	0

-1.000000000000e+01	-3.925000000000e-01	0	4.794311966000e+00	6.543119660000e-03	0	0

-1.000000000000e+01	-3.900000000000e-01	0	4.796041411000e+00	6.560414110000e-03	0	0

-1.000000000000e+01	-3.875000000000e-01	0	4.796664011000e+00	6.566640110000e-03	0	0

-1.000000000000e+01	-3.850000000000e-01	0	4.796871544000e+00	6.568715440000e-03	0	0

-1.000000000000e+01	-3.825000000000e-01	0	4.793896899000e+00	6.538968990000e-03	0	0

-1.000000000000e+01	-3.800000000000e-01	0	4.794311966000e+00	6.543119660000e-03	0	0

-1.000000000000e+01	-3.775000000000e-01	0	4.795211277000e+00	6.552112770000e-03	0	0

-1.000000000000e+01	-3.750000000000e-01	0	4.792444166000e+00	6.524441660000e-03	0	0

-1.000000000000e+01	-3.725000000000e-01	0	4.793827722000e+00	6.538277220000e-03	0	0

-1.000000000000e+01	-3.700000000000e-01	0	4.790783899000e+00	6.507838990000e-03	0	0

-1.000000000000e+01	-3.675000000000e-01	0	4.790161299000e+00	6.501612990000e-03	0	0

-1.000000000000e+01	-3.650000000000e-01	0	4.788085965000e+00	6.480859650000e-03	0	0

-1.000000000000e+01	-3.625000000000e-01	0	4.788431854000e+00	6.484318540000e-03	0	0

-1.000000000000e+01	-3.600000000000e-01	0	4.788431854000e+00	6.484318540000e-03	0	0

-1.000000000000e+01	-3.575000000000e-01	0	4.788501032000e+00	6.485010320000e-03	0	0

-1.000000000000e+01	-3.550000000000e-01	0	4.789261987000e+00	6.492619870000e-03	0	0

-1.000000000000e+01	-3.525000000000e-01	0	4.794104433000e+00	6.541044330000e-03	0	0

-1.000000000000e+01	-3.500000000000e-01	0	4.784281186000e+00	6.442811860000e-03	0	0

-1.000000000000e+01	-3.475000000000e-01	0	4.789538698000e+00	6.495386980000e-03	0	0

-1.000000000000e+01	-3.450000000000e-01	0	4.783381875000e+00	6.433818750000e-03	0	0

-1.000000000000e+01	-3.425000000000e-01	0	4.785664742000e+00	6.456647420000e-03	0	0

-1.000000000000e+01	-3.400000000000e-01	0	4.787601720000e+00	6.476017200000e-03	0	0

-1.000000000000e+01	-3.375000000000e-01	0	4.784696253000e+00	6.446962530000e-03	0	0

-1.000000000000e+01	-3.350000000000e-01	0	4.784627075000e+00	6.446270750000e-03	0	0

-1.000000000000e+01	-3.325000000000e-01	0	4.785111320000e+00	6.451113200000e-03	0	0

-1.000000000000e+01	-3.300000000000e-01	0	4.788155143000e+00	6.481551430000e-03	0	0

-1.000000000000e+01	-3.275000000000e-01	0	4.784696253000e+00	6.446962530000e-03	0	0

-1.000000000000e+01	-3.250000000000e-01	0	4.784142831000e+00	6.441428310000e-03	0	0

-1.000000000000e+01	-3.225000000000e-01	0	4.783381875000e+00	6.433818750000e-03	0	0

-1.000000000000e+01	-3.200000000000e-01	0	4.780891475000e+00	6.408914750000e-03	0	0

-1.000000000000e+01	-3.175000000000e-01	0	4.782413386000e+00	6.424133860000e-03	0	0

-1.000000000000e+01	-3.150000000000e-01	0	4.780476408000e+00	6.404764080000e-03	0	0

-1.000000000000e+01	-3.125000000000e-01	0	4.781998319000e+00	6.419983190000e-03	0	0

-1.000000000000e+01	-3.100000000000e-01	0	4.775149718000e+00	6.351497180000e-03	0	0

-1.000000000000e+01	-3.075000000000e-01	0	4.778954496000e+00	6.389544960000e-03	0	0

-1.000000000000e+01	-3.050000000000e-01	0	4.772175073000e+00	6.321750730000e-03	0	0

-1.000000000000e+01	-3.025000000000e-01	0	4.775149718000e+00	6.351497180000e-03	0	0

-1.000000000000e+01	-3.000000000000e-01	0	4.774803829000e+00	6.348038290000e-03	0	0

-1.000000000000e+01	-2.975000000000e-01	0	4.777709296000e+00	6.377092960000e-03	0	0

-1.000000000000e+01	-2.950000000000e-01	0	4.774665473000e+00	6.346654730000e-03	0	0

-1.000000000000e+01	-2.925000000000e-01	0	4.772590140000e+00	6.325901400000e-03	0	0

-1.000000000000e+01	-2.900000000000e-01	0	4.773351095000e+00	6.333510950000e-03	0	0

-1.000000000000e+01	-2.875000000000e-01	0	4.771621650000e+00	6.316216500000e-03	0	0

-1.000000000000e+01	-2.850000000000e-01	0	4.770376450000e+00	6.303764500000e-03	0	0

-1.000000000000e+01	-2.825000000000e-01	0	4.769753850000e+00	6.297538500000e-03	0	0

-1.000000000000e+01	-2.800000000000e-01	0	4.767816872000e+00	6.278168720000e-03	0	0

-1.000000000000e+01	-2.775000000000e-01	0	4.772520962000e+00	6.325209620000e-03	0	0

-1.000000000000e+01	-2.750000000000e-01	0	4.769684672000e+00	6.296846720000e-03	0	0

-1.000000000000e+01	-2.725000000000e-01	0	4.773143562000e+00	6.331435620000e-03	0	0

-1.000000000000e+01	-2.700000000000e-01	0	4.770514806000e+00	6.305148060000e-03	0	0

-1.000000000000e+01	-2.675000000000e-01	0	4.774457940000e+00	6.344579400000e-03	0	0

-1.000000000000e+01	-2.650000000000e-01	0	4.770514806000e+00	6.305148060000e-03	0	0

-1.000000000000e+01	-2.625000000000e-01	0	4.772866851000e+00	6.328668510000e-03	0	0

-1.000000000000e+01	-2.600000000000e-01	0	4.776256562000e+00	6.362565620000e-03	0	0

-1.000000000000e+01	-2.575000000000e-01	0	4.773143562000e+00	6.331435620000e-03	0	0

-1.000000000000e+01	-2.550000000000e-01	0	4.771344939000e+00	6.313449390000e-03	0	0

-1.000000000000e+01	-2.525000000000e-01	0	4.773627806000e+00	6.336278060000e-03	0	0

-1.000000000000e+01	-2.500000000000e-01	0	4.773005206000e+00	6.330052060000e-03	0	0

-1.000000000000e+01	-2.475000000000e-01	0	4.774042873000e+00	6.340428730000e-03	0	0

-1.000000000000e+01	-2.450000000000e-01	0	4.771483295000e+00	6.314832950000e-03	0	0

-1.000000000000e+01	-2.425000000000e-01	0	4.772936028000e+00	6.329360280000e-03	0	0

-1.000000000000e+01	-2.400000000000e-01	0	4.771068228000e+00	6.310682280000e-03	0	0

-1.000000000000e+01	-2.375000000000e-01	0	4.772175073000e+00	6.321750730000e-03	0	0

-1.000000000000e+01	-2.350000000000e-01	0	4.765534005000e+00	6.255340050000e-03	0	0

-1.000000000000e+01	-2.325000000000e-01	0	4.779507919000e+00	6.395079190000e-03	0	0

-1.000000000000e+01	-2.300000000000e-01	0	4.773351095000e+00	6.333510950000e-03	0	0

-1.000000000000e+01	-2.275000000000e-01	0	4.774181229000e+00	6.341812290000e-03	0	0

-1.000000000000e+01	-2.250000000000e-01	0	4.775772318000e+00	6.357723180000e-03	0	0

-1.000000000000e+01	-2.225000000000e-01	0	4.782690097000e+00	6.426900970000e-03	0	0

-1.000000000000e+01	-2.200000000000e-01	0	4.778677785000e+00	6.386777850000e-03	0	0

-1.000000000000e+01	-2.175000000000e-01	0	4.779853808000e+00	6.398538080000e-03	0	0

-1.000000000000e+01	-2.150000000000e-01	0	4.777294229000e+00	6.372942290000e-03	0	0

-1.000000000000e+01	-2.125000000000e-01	0	4.781790786000e+00	6.417907860000e-03	0	0

-1.000000000000e+01	-2.100000000000e-01	0	4.778193541000e+00	6.381935410000e-03	0	0

-1.000000000000e+01	-2.075000000000e-01	0	4.778470252000e+00	6.384702520000e-03	0	0

-1.000000000000e+01	-2.050000000000e-01	0	4.782344208000e+00	6.423442080000e-03	0	0

-1.000000000000e+01	-2.025000000000e-01	0	4.780407230000e+00	6.404072300000e-03	0	0

-1.000000000000e+01	-2.000000000000e-01	0	4.783312697000e+00	6.433126970000e-03	0	0

-1.000000000000e+01	-1.975000000000e-01	0	4.781514075000e+00	6.415140750000e-03	0	0

-1.000000000000e+01	-1.950000000000e-01	0	4.782620919000e+00	6.426209190000e-03	0	0

-1.000000000000e+01	-1.925000000000e-01	0	4.784972964000e+00	6.449729640000e-03	0	0

-1.000000000000e+01	-1.900000000000e-01	0	4.795833877000e+00	6.558338770000e-03	0	0

-1.000000000000e+01	-1.875000000000e-01	0	4.793343477000e+00	6.533434770000e-03	0	0

-1.000000000000e+01	-1.850000000000e-01	0	4.787532542000e+00	6.475325420000e-03	0	0

-1.000000000000e+01	-1.825000000000e-01	0	4.794934566000e+00	6.549345660000e-03	0	0

-1.000000000000e+01	-1.800000000000e-01	0	4.791821566000e+00	6.518215660000e-03	0	0

-1.000000000000e+01	-1.775000000000e-01	0	4.793551010000e+00	6.535510100000e-03	0	0

-1.000000000000e+01	-1.750000000000e-01	0	4.797286611000e+00	6.572866110000e-03	0	0

-1.000000000000e+01	-1.725000000000e-01	0	4.803028368000e+00	6.630283680000e-03	0	0

-1.000000000000e+01	-1.700000000000e-01	0	4.800122901000e+00	6.601229010000e-03	0	0

-1.000000000000e+01	-1.675000000000e-01	0	4.807524924000e+00	6.675249240000e-03	0	0

-1.000000000000e+01	-1.650000000000e-01	0	4.803166723000e+00	6.631667230000e-03	0	0

-1.000000000000e+01	-1.625000000000e-01	0	4.807870813000e+00	6.678708130000e-03	0	0

-1.000000000000e+01	-1.600000000000e-01	0	4.812920792000e+00	6.729207920000e-03	0	0

-1.000000000000e+01	-1.575000000000e-01	0	4.811260525000e+00	6.712605250000e-03	0	0

-1.000000000000e+01	-1.550000000000e-01	0	4.809946147000e+00	6.699461470000e-03	0	0

-1.000000000000e+01	-1.525000000000e-01	0	4.811468058000e+00	6.714680580000e-03	0	0

-1.000000000000e+01	-1.500000000000e-01	0	4.812021481000e+00	6.720214810000e-03	0	0

-1.000000000000e+01	-1.475000000000e-01	0	4.813266681000e+00	6.732666810000e-03	0	0

-1.000000000000e+01	-1.450000000000e-01	0	4.814165992000e+00	6.741659920000e-03	0	0

-1.000000000000e+01	-1.425000000000e-01	0	4.814719415000e+00	6.747194150000e-03	0	0

-1.000000000000e+01	-1.400000000000e-01	0	4.813889281000e+00	6.738892810000e-03	0	0

-1.000000000000e+01	-1.375000000000e-01	0	4.818039949000e+00	6.780399490000e-03	0	0

-1.000000000000e+01	-1.350000000000e-01	0	4.821222127000e+00	6.812221270000e-03	0	0

-1.000000000000e+01	-1.325000000000e-01	0	4.820253638000e+00	6.802536380000e-03	0	0

-1.000000000000e+01	-1.300000000000e-01	0	4.821498838000e+00	6.814988380000e-03	0	0

-1.000000000000e+01	-1.275000000000e-01	0	4.823020750000e+00	6.830207500000e-03	0	0

-1.000000000000e+01	-1.250000000000e-01	0	4.820046105000e+00	6.800461050000e-03	0	0

-1.000000000000e+01	-1.225000000000e-01	0	4.827517306000e+00	6.875173060000e-03	0	0

-1.000000000000e+01	-1.200000000000e-01	0	4.830007706000e+00	6.900077060000e-03	0	0

-1.000000000000e+01	-1.175000000000e-01	0	4.828001551000e+00	6.880015510000e-03	0	0

-1.000000000000e+01	-1.150000000000e-01	0	4.824127594000e+00	6.841275940000e-03	0	0

-1.000000000000e+01	-1.125000000000e-01	0	4.830630307000e+00	6.906303070000e-03	0	0

-1.000000000000e+01	-1.100000000000e-01	0	4.834850152000e+00	6.948501520000e-03	0	0

-1.000000000000e+01	-1.075000000000e-01	0	4.832705640000e+00	6.927056400000e-03	0	0

-1.000000000000e+01	-1.050000000000e-01	0	4.833189885000e+00	6.931898850000e-03	0	0

-1.000000000000e+01	-1.025000000000e-01	0	4.840176842000e+00	7.001768420000e-03	0	0

-1.000000000000e+01	-1.000000000000e-01	0	4.841006975000e+00	7.010069750000e-03	0	0

-1.000000000000e+01	-9.750000000000e-02	0	4.842252176000e+00	7.022521760000e-03	0	0

-1.000000000000e+01	-9.500000000000e-02	0	4.847648043000e+00	7.076480430000e-03	0	0

-1.000000000000e+01	-9.250000000000e-02	0	4.845088465000e+00	7.050884650000e-03	0	0

-1.000000000000e+01	-9.000000000000e-02	0	4.849239133000e+00	7.092391330000e-03	0	0

-1.000000000000e+01	-8.750000000000e-02	0	4.852974733000e+00	7.129747330000e-03	0	0

-1.000000000000e+01	-8.500000000000e-02	0	4.853943222000e+00	7.139432220000e-03	0	0

-1.000000000000e+01	-8.250000000000e-02	0	4.855257600000e+00	7.152576000000e-03	0	0

-1.000000000000e+01	-8.000000000000e-02	0	4.858854846000e+00	7.188548460000e-03	0	0

-1.000000000000e+01	-7.750000000000e-02	0	4.856571978000e+00	7.165719780000e-03	0	0

-1.000000000000e+01	-7.500000000000e-02	0	4.861068535000e+00	7.210685350000e-03	0	0

-1.000000000000e+01	-7.250000000000e-02	0	4.863766469000e+00	7.237664690000e-03	0	0

-1.000000000000e+01	-7.000000000000e-02	0	4.858854846000e+00	7.188548460000e-03	0	0

-1.000000000000e+01	-6.750000000000e-02	0	4.863766469000e+00	7.237664690000e-03	0	0

-1.000000000000e+01	-6.500000000000e-02	0	4.864181535000e+00	7.241815350000e-03	0	0

-1.000000000000e+01	-6.250000000000e-02	0	4.868263025000e+00	7.282630250000e-03	0	0

-1.000000000000e+01	-6.000000000000e-02	0	4.863766469000e+00	7.237664690000e-03	0	0

-1.000000000000e+01	-5.750000000000e-02	0	4.865980158000e+00	7.259801580000e-03	0	0

-1.000000000000e+01	-5.500000000000e-02	0	4.859615801000e+00	7.196158010000e-03	0	0

-1.000000000000e+01	-5.250000000000e-02	0	4.858370601000e+00	7.183706010000e-03	0	0

-1.000000000000e+01	-5.000000000000e-02	0	4.866118514000e+00	7.261185140000e-03	0	0

-1.000000000000e+01	-4.750000000000e-02	0	4.861621957000e+00	7.216219570000e-03	0	0

-1.000000000000e+01	-4.500000000000e-02	0	4.861137713000e+00	7.211377130000e-03	0	0

-1.000000000000e+01	-4.250000000000e-02	0	4.860307579000e+00	7.203075790000e-03	0	0

-1.000000000000e+01	-4.000000000000e-02	0	4.860861001000e+00	7.208610010000e-03	0	0

-1.000000000000e+01	-3.750000000000e-02	0	4.858508957000e+00	7.185089570000e-03	0	0

-1.000000000000e+01	-3.500000000000e-02	0	4.857125401000e+00	7.171254010000e-03	0	0

-1.000000000000e+01	-3.250000000000e-02	0	4.866187691000e+00	7.261876910000e-03	0	0

-1.000000000000e+01	-3.000000000000e-02	0	4.864596602000e+00	7.245966020000e-03	0	0

-1.000000000000e+01	-2.750000000000e-02	0	4.864804136000e+00	7.248041360000e-03	0	0

-1.000000000000e+01	-2.500000000000e-02	0	4.867017825000e+00	7.270178250000e-03	0	0

-1.000000000000e+01	-2.250000000000e-02	0	4.860169224000e+00	7.201692240000e-03	0	0

-1.000000000000e+01	-2.000000000000e-02	0	4.862728802000e+00	7.227288020000e-03	0	0

-1.000000000000e+01	-1.750000000000e-02	0	4.862106202000e+00	7.221062020000e-03	0	0

-1.000000000000e+01	-1.500000000000e-02	0	4.860930179000e+00	7.209301790000e-03	0	0

-1.000000000000e+01	-1.250000000000e-02	0	4.855811023000e+00	7.158110230000e-03	0	0

-1.000000000000e+01	-1.000000000000e-02	0	4.855257600000e+00	7.152576000000e-03	0	0

-1.000000000000e+01	-7.500000000000e-03	0	4.853528156000e+00	7.135281560000e-03	0	0

-1.000000000000e+01	-5.000000000000e-03	0	4.851798711000e+00	7.117987110000e-03	0	0

-1.000000000000e+01	-2.500000000000e-03	0	4.845987776000e+00	7.059877760000e-03	0	0

-1.000000000000e+01	0.000000000000e+00	0	4.857125401000e+00	7.171254010000e-03	0	0

-1.000000000000e+01	2.500000000000e-03	0	4.847786399000e+00	7.077863990000e-03	0	0

-1.000000000000e+01	5.000000000000e-03	0	4.848962421000e+00	7.089624210000e-03	0	0

-1.000000000000e+01	7.500000000000e-03	0	4.847232977000e+00	7.072329770000e-03	0	0

-1.000000000000e+01	1.000000000000e-02	0	4.839485064000e+00	6.994850640000e-03	0	0

-1.000000000000e+01	1.250000000000e-02	0	4.842113820000e+00	7.021138200000e-03	0	0

-1.000000000000e+01	1.500000000000e-02	0	4.839692597000e+00	6.996925970000e-03	0	0

-1.000000000000e+01	1.750000000000e-02	0	4.839415886000e+00	6.994158860000e-03	0	0

-1.000000000000e+01	2.000000000000e-02	0	4.839139175000e+00	6.991391750000e-03	0	0

-1.000000000000e+01	2.250000000000e-02	0	4.837409730000e+00	6.974097300000e-03	0	0

-1.000000000000e+01	2.500000000000e-02	0	4.837409730000e+00	6.974097300000e-03	0	0

-1.000000000000e+01	2.750000000000e-02	0	4.843843265000e+00	7.038432650000e-03	0	0

-1.000000000000e+01	3.000000000000e-02	0	4.832152218000e+00	6.921522180000e-03	0	0

-1.000000000000e+01	3.250000000000e-02	0	4.835126863000e+00	6.951268630000e-03	0	0

-1.000000000000e+01	3.500000000000e-02	0	4.825580328000e+00	6.855803280000e-03	0	0

-1.000000000000e+01	3.750000000000e-02	0	4.831252907000e+00	6.912529070000e-03	0	0

-1.000000000000e+01	4.000000000000e-02	0	4.824265950000e+00	6.842659500000e-03	0	0

-1.000000000000e+01	4.250000000000e-02	0	4.825511150000e+00	6.855111500000e-03	0	0

-1.000000000000e+01	4.500000000000e-02	0	4.818870082000e+00	6.788700820000e-03	0	0

-1.000000000000e+01	4.750000000000e-02	0	4.823089927000e+00	6.830899270000e-03	0	0

-1.000000000000e+01	5.000000000000e-02	0	4.819492682000e+00	6.794926820000e-03	0	0

-1.000000000000e+01	5.250000000000e-02	0	4.823020750000e+00	6.830207500000e-03	0	0

-1.000000000000e+01	5.500000000000e-02	0	4.847371332000e+00	7.073713320000e-03	0	0

-1.000000000000e+01	5.750000000000e-02	0	4.846056954000e+00	7.060569540000e-03	0	0

-1.000000000000e+01	6.000000000000e-02	0	4.855534312000e+00	7.155343120000e-03	0	0

-1.000000000000e+01	6.250000000000e-02	0	4.849654199000e+00	7.096541990000e-03	0	0

-1.000000000000e+01	6.500000000000e-02	0	4.850484333000e+00	7.104843330000e-03	0	0

-1.000000000000e+01	6.750000000000e-02	0	4.849723377000e+00	7.097233770000e-03	0	0

-1.000000000000e+01	7.000000000000e-02	0	4.848201466000e+00	7.082014660000e-03	0	0

-1.000000000000e+01	7.250000000000e-02	0	4.853528156000e+00	7.135281560000e-03	0	0

-1.000000000000e+01	7.500000000000e-02	0	4.846956265000e+00	7.069562650000e-03	0	0

-1.000000000000e+01	7.750000000000e-02	0	4.845780243000e+00	7.057802430000e-03	0	0

-1.000000000000e+01	8.000000000000e-02	0	4.851867889000e+00	7.118678890000e-03	0	0

-1.000000000000e+01	8.250000000000e-02	0	4.851452822000e+00	7.114528220000e-03	0	0

-1.000000000000e+01	8.500000000000e-02	0	4.842459709000e+00	7.024597090000e-03	0	0

-1.000000000000e+01	8.750000000000e-02	0	4.840107664000e+00	7.001076640000e-03	0	0

-1.000000000000e+01	9.000000000000e-02	0	4.844742576000e+00	7.047425760000e-03	0	0

-1.000000000000e+01	9.250000000000e-02	0	4.846472021000e+00	7.064720210000e-03	0	0

-1.000000000000e+01	9.500000000000e-02	0	4.841767931000e+00	7.017679310000e-03	0	0

-1.000000000000e+01	9.750000000000e-02	0	4.841975464000e+00	7.019754640000e-03	0	0

-1.000000000000e+01	1.000000000000e-01	0	4.843082309000e+00	7.030823090000e-03	0	0

-1.000000000000e+01	1.025000000000e-01	0	4.843359020000e+00	7.033590200000e-03	0	0

-1.000000000000e+01	1.050000000000e-01	0	4.841076153000e+00	7.010761530000e-03	0	0

-1.000000000000e+01	1.075000000000e-01	0	4.836164530000e+00	6.961645300000e-03	0	0

-1.000000000000e+01	1.100000000000e-01	0	4.840730264000e+00	7.007302640000e-03	0	0

-1.000000000000e+01	1.125000000000e-01	0	4.840453553000e+00	7.004535530000e-03	0	0

-1.000000000000e+01	1.150000000000e-01	0	4.839554242000e+00	6.995542420000e-03	0	0

-1.000000000000e+01	1.175000000000e-01	0	4.837063841000e+00	6.970638410000e-03	0	0

-1.000000000000e+01	1.200000000000e-01	0	4.833328240000e+00	6.933282400000e-03	0	0

-1.000000000000e+01	1.225000000000e-01	0	4.833604952000e+00	6.936049520000e-03	0	0

-1.000000000000e+01	1.250000000000e-01	0	4.830353595000e+00	6.903535950000e-03	0	0

-1.000000000000e+01	1.275000000000e-01	0	4.829661818000e+00	6.896618180000e-03	0	0

-1.000000000000e+01	1.300000000000e-01	0	4.826479639000e+00	6.864796390000e-03	0	0

-1.000000000000e+01	1.325000000000e-01	0	4.824473483000e+00	6.844734830000e-03	0	0

-1.000000000000e+01	1.350000000000e-01	0	4.823297461000e+00	6.832974610000e-03	0	0

-1.000000000000e+01	1.375000000000e-01	0	4.824196772000e+00	6.841967720000e-03	0	0

-1.000000000000e+01	1.400000000000e-01	0	4.817555704000e+00	6.775557040000e-03	0	0

-1.000000000000e+01	1.425000000000e-01	0	4.820876238000e+00	6.808762380000e-03	0	0

-1.000000000000e+01	1.450000000000e-01	0	4.821014594000e+00	6.810145940000e-03	0	0

-1.000000000000e+01	1.475000000000e-01	0	4.818039949000e+00	6.780399490000e-03	0	0

-1.000000000000e+01	1.500000000000e-01	0	4.815618726000e+00	6.756187260000e-03	0	0

-1.000000000000e+01	1.525000000000e-01	0	4.815826259000e+00	6.758262590000e-03	0	0

-1.000000000000e+01	1.550000000000e-01	0	4.814857770000e+00	6.748577700000e-03	0	0

-1.000000000000e+01	1.575000000000e-01	0	4.809461902000e+00	6.694619020000e-03	0	0

-1.000000000000e+01	1.600000000000e-01	0	4.809392725000e+00	6.693927250000e-03	0	0

-1.000000000000e+01	1.625000000000e-01	0	4.817624882000e+00	6.776248820000e-03	0	0

-1.000000000000e+01	1.650000000000e-01	0	4.806902324000e+00	6.669023240000e-03	0	0

-1.000000000000e+01	1.675000000000e-01	0	4.807663280000e+00	6.676632800000e-03	0	0

-1.000000000000e+01	1.700000000000e-01	0	4.812298192000e+00	6.722981920000e-03	0	0

-1.000000000000e+01	1.725000000000e-01	0	4.806902324000e+00	6.669023240000e-03	0	0

-1.000000000000e+01	1.750000000000e-01	0	4.808770124000e+00	6.687701240000e-03	0	0

-1.000000000000e+01	1.775000000000e-01	0	4.810084503000e+00	6.700845030000e-03	0	0

-1.000000000000e+01	1.800000000000e-01	0	4.807939991000e+00	6.679399910000e-03	0	0

-1.000000000000e+01	1.825000000000e-01	0	4.807594102000e+00	6.675941020000e-03	0	0

-1.000000000000e+01	1.850000000000e-01	0	4.801229745000e+00	6.612297450000e-03	0	0

-1.000000000000e+01	1.875000000000e-01	0	4.803581790000e+00	6.635817900000e-03	0	0

-1.000000000000e+01	1.900000000000e-01	0	4.799154411000e+00	6.591544110000e-03	0	0

-1.000000000000e+01	1.925000000000e-01	0	4.799292767000e+00	6.592927670000e-03	0	0

-1.000000000000e+01	1.950000000000e-01	0	4.799707834000e+00	6.597078340000e-03	0	0

-1.000000000000e+01	1.975000000000e-01	0	4.803512612000e+00	6.635126120000e-03	0	0

-1.000000000000e+01	2.000000000000e-01	0	4.800883856000e+00	6.608838560000e-03	0	0

-1.000000000000e+01	2.025000000000e-01	0	4.800745501000e+00	6.607455010000e-03	0	0

-1.000000000000e+01	2.050000000000e-01	0	4.796041411000e+00	6.560414110000e-03	0	0

-1.000000000000e+01	2.075000000000e-01	0	4.796318122000e+00	6.563181220000e-03	0	0

-1.000000000000e+01	2.100000000000e-01	0	4.794519499000e+00	6.545194990000e-03	0	0

-1.000000000000e+01	2.125000000000e-01	0	4.797217433000e+00	6.572174330000e-03	0	0

-1.000000000000e+01	2.150000000000e-01	0	4.791890743000e+00	6.518907430000e-03	0	0

-1.000000000000e+01	2.175000000000e-01	0	4.793481833000e+00	6.534818330000e-03	0	0

-1.000000000000e+01	2.200000000000e-01	0	4.796594833000e+00	6.565948330000e-03	0	0

-1.000000000000e+01	2.225000000000e-01	0	4.791060610000e+00	6.510606100000e-03	0	0

-1.000000000000e+01	2.250000000000e-01	0	4.791406499000e+00	6.514064990000e-03	0	0

-1.000000000000e+01	2.275000000000e-01	0	4.800261256000e+00	6.602612560000e-03	0	0

-1.000000000000e+01	2.300000000000e-01	0	4.799569478000e+00	6.595694780000e-03	0	0

-1.000000000000e+01	2.325000000000e-01	0	4.798946878000e+00	6.589468780000e-03	0	0

-1.000000000000e+01	2.350000000000e-01	0	4.797217433000e+00	6.572174330000e-03	0	0

-1.000000000000e+01	2.375000000000e-01	0	4.799361945000e+00	6.593619450000e-03	0	0

-1.000000000000e+01	2.400000000000e-01	0	4.799846189000e+00	6.598461890000e-03	0	0

-1.000000000000e+01	2.425000000000e-01	0	4.800676323000e+00	6.606763230000e-03	0	0

-1.000000000000e+01	2.450000000000e-01	0	4.798877700000e+00	6.588777000000e-03	0	0

-1.000000000000e+01	2.475000000000e-01	0	4.801229745000e+00	6.612297450000e-03	0	0

-1.000000000000e+01	2.500000000000e-01	0	4.800399612000e+00	6.603996120000e-03	0	0

-1.000000000000e+01	2.525000000000e-01	0	4.804965346000e+00	6.649653460000e-03	0	0

-1.000000000000e+01	2.550000000000e-01	0	4.804204390000e+00	6.642043900000e-03	0	0

-1.000000000000e+01	2.575000000000e-01	0	4.800745501000e+00	6.607455010000e-03	0	0

-1.000000000000e+01	2.600000000000e-01	0	4.799707834000e+00	6.597078340000e-03	0	0

-1.000000000000e+01	2.625000000000e-01	0	4.800399612000e+00	6.603996120000e-03	0	0

-1.000000000000e+01	2.650000000000e-01	0	4.803097546000e+00	6.630975460000e-03	0	0

-1.000000000000e+01	2.675000000000e-01	0	4.804619457000e+00	6.646194570000e-03	0	0

-1.000000000000e+01	2.700000000000e-01	0	4.802544123000e+00	6.625441230000e-03	0	0

-1.000000000000e+01	2.725000000000e-01	0	4.807732458000e+00	6.677324580000e-03	0	0

-1.000000000000e+01	2.750000000000e-01	0	4.801852345000e+00	6.618523450000e-03	0	0

-1.000000000000e+01	2.775000000000e-01	0	4.807386569000e+00	6.673865690000e-03	0	0

-1.000000000000e+01	2.800000000000e-01	0	4.810430391000e+00	6.704303910000e-03	0	0

-1.000000000000e+01	2.825000000000e-01	0	4.809669436000e+00	6.696694360000e-03	0	0

-1.000000000000e+01	2.850000000000e-01	0	4.807317391000e+00	6.673173910000e-03	0	0

-1.000000000000e+01	2.875000000000e-01	0	4.802682479000e+00	6.626824790000e-03	0	0

-1.000000000000e+01	2.900000000000e-01	0	4.811260525000e+00	6.712605250000e-03	0	0

-1.000000000000e+01	2.925000000000e-01	0	4.805380413000e+00	6.653804130000e-03	0	0

-1.000000000000e+01	2.950000000000e-01	0	4.810499569000e+00	6.704995690000e-03	0	0

-1.000000000000e+01	2.975000000000e-01	0	4.812298192000e+00	6.722981920000e-03	0	0

-1.000000000000e+01	3.000000000000e-01	0	4.808493413000e+00	6.684934130000e-03	0	0

-1.000000000000e+01	3.025000000000e-01	0	4.809392725000e+00	6.693927250000e-03	0	0

-1.000000000000e+01	3.050000000000e-01	0	4.814096814000e+00	6.740968140000e-03	0	0

-1.000000000000e+01	3.075000000000e-01	0	4.811398881000e+00	6.713988810000e-03	0	0

-1.000000000000e+01	3.100000000000e-01	0	4.805795479000e+00	6.657954790000e-03	0	0

-1.000000000000e+01	3.125000000000e-01	0	4.814304348000e+00	6.743043480000e-03	0	0

-1.000000000000e+01	3.150000000000e-01	0	4.810499569000e+00	6.704995690000e-03	0	0

-1.000000000000e+01	3.175000000000e-01	0	4.808631769000e+00	6.686317690000e-03	0	0

-1.000000000000e+01	3.200000000000e-01	0	4.810292036000e+00	6.702920360000e-03	0	0

-1.000000000000e+01	3.225000000000e-01	0	4.815826259000e+00	6.758262590000e-03	0	0

-1.000000000000e+01	3.250000000000e-01	0	4.811744770000e+00	6.717447700000e-03	0	0

-1.000000000000e+01	3.275000000000e-01	0	4.812367370000e+00	6.723673700000e-03	0	0

-1.000000000000e+01	3.300000000000e-01	0	4.808631769000e+00	6.686317690000e-03	0	0

-1.000000000000e+01	3.325000000000e-01	0	4.816033793000e+00	6.760337930000e-03	0	0

-1.000000000000e+01	3.350000000000e-01	0	4.813543392000e+00	6.735433920000e-03	0	0

-1.000000000000e+01	3.375000000000e-01	0	4.811813947000e+00	6.718139470000e-03	0	0

-1.000000000000e+01	3.400000000000e-01	0	4.814442703000e+00	6.744427030000e-03	0	0

-1.000000000000e+01	3.425000000000e-01	0	4.813474214000e+00	6.734742140000e-03	0	0

-1.000000000000e+01	3.450000000000e-01	0	4.811883125000e+00	6.718831250000e-03	0	0

-1.000000000000e+01	3.475000000000e-01	0	4.811883125000e+00	6.718831250000e-03	0	0

-1.000000000000e+01	3.500000000000e-01	0	4.819285149000e+00	6.792851490000e-03	0	0

-1.000000000000e+01	3.525000000000e-01	0	4.818178304000e+00	6.781783040000e-03	0	0

-1.000000000000e+01	3.550000000000e-01	0	4.814442703000e+00	6.744427030000e-03	0	0

-1.000000000000e+01	3.575000000000e-01	0	4.819976927000e+00	6.799769270000e-03	0	0

-1.000000000000e+01	3.600000000000e-01	0	4.818385838000e+00	6.783858380000e-03	0	0

-1.000000000000e+01	3.625000000000e-01	0	4.822536505000e+00	6.825365050000e-03	0	0

-1.000000000000e+01	3.650000000000e-01	0	4.816448859000e+00	6.764488590000e-03	0	0

-1.000000000000e+01	3.675000000000e-01	0	4.812505725000e+00	6.725057250000e-03	0	0

-1.000000000000e+01	3.700000000000e-01	0	4.819146793000e+00	6.791467930000e-03	0	0

-1.000000000000e+01	3.725000000000e-01	0	4.820322816000e+00	6.803228160000e-03	0	0

-1.000000000000e+01	3.750000000000e-01	0	4.812851614000e+00	6.728516140000e-03	0	0

-1.000000000000e+01	3.775000000000e-01	0	4.816033793000e+00	6.760337930000e-03	0	0

-1.000000000000e+01	3.800000000000e-01	0	4.817694060000e+00	6.776940600000e-03	0	0

-1.000000000000e+01	3.825000000000e-01	0	4.817694060000e+00	6.776940600000e-03	0	0

-1.000000000000e+01	3.850000000000e-01	0	4.819354327000e+00	6.793543270000e-03	0	0

-1.000000000000e+01	3.875000000000e-01	0	4.816863926000e+00	6.768639260000e-03	0	0

-1.000000000000e+01	3.900000000000e-01	0	4.813681748000e+00	6.736817480000e-03	0	0

-1.000000000000e+01	3.925000000000e-01	0	4.812920792000e+00	6.729207920000e-03	0	0

-1.000000000000e+01	3.950000000000e-01	0	4.816933104000e+00	6.769331040000e-03	0	0

-1.000000000000e+01	3.975000000000e-01	0	4.816656393000e+00	6.766563930000e-03	0	0

-1.000000000000e+01	4.000000000000e-01	0	4.812021481000e+00	6.720214810000e-03	0	0

-1.000000000000e+01	4.025000000000e-01	0	4.815203659000e+00	6.752036590000e-03	0	0

-1.000000000000e+01	4.050000000000e-01	0	4.816725571000e+00	6.767255710000e-03	0	0

-1.000000000000e+01	4.075000000000e-01	0	4.813335859000e+00	6.733358590000e-03	0	0

-1.000000000000e+01	4.100000000000e-01	0	4.813750925000e+00	6.737509250000e-03	0	0

-1.000000000000e+01	4.125000000000e-01	0	4.811813947000e+00	6.718139470000e-03	0	0

-1.000000000000e+01	4.150000000000e-01	0	4.815411192000e+00	6.754111920000e-03	0	0

-1.000000000000e+01	4.175000000000e-01	0	4.810568747000e+00	6.705687470000e-03	0	0

-1.000000000000e+01	4.200000000000e-01	0	4.811052992000e+00	6.710529920000e-03	0	0

-1.000000000000e+01	4.225000000000e-01	0	4.811813947000e+00	6.718139470000e-03	0	0

-1.000000000000e+01	4.250000000000e-01	0	4.809876969000e+00	6.698769690000e-03	0	0

-1.000000000000e+01	4.275000000000e-01	0	4.808770124000e+00	6.687701240000e-03	0	0

-1.000000000000e+01	4.300000000000e-01	0	4.811744770000e+00	6.717447700000e-03	0	0

-1.000000000000e+01	4.325000000000e-01	0	4.811883125000e+00	6.718831250000e-03	0	0

-1.000000000000e+01	4.350000000000e-01	0	4.810430391000e+00	6.704303910000e-03	0	0

-1.000000000000e+01	4.375000000000e-01	0	4.801990701000e+00	6.619907010000e-03	0	0

-1.000000000000e+01	4.400000000000e-01	0	4.803650968000e+00	6.636509680000e-03	0	0

-1.000000000000e+01	4.425000000000e-01	0	4.805311235000e+00	6.653112350000e-03	0	0

-1.000000000000e+01	4.450000000000e-01	0	4.802613301000e+00	6.626133010000e-03	0	0

-1.000000000000e+01	4.475000000000e-01	0	4.804619457000e+00	6.646194570000e-03	0	0

-1.000000000000e+01	4.500000000000e-01	0	4.803028368000e+00	6.630283680000e-03	0	0

-1.000000000000e+01	4.525000000000e-01	0	4.801368101000e+00	6.613681010000e-03	0	0

-1.000000000000e+01	4.550000000000e-01	0	4.802198234000e+00	6.621982340000e-03	0	0

-1.000000000000e+01	4.575000000000e-01	0	4.796871544000e+00	6.568715440000e-03	0	0

-1.000000000000e+01	4.600000000000e-01	0	4.792029099000e+00	6.520290990000e-03	0	0

-1.000000000000e+01	4.625000000000e-01	0	4.800607145000e+00	6.606071450000e-03	0	0

-1.000000000000e+01	4.650000000000e-01	0	4.794173610000e+00	6.541736100000e-03	0	0

-1.000000000000e+01	4.675000000000e-01	0	4.796871544000e+00	6.568715440000e-03	0	0

-1.000000000000e+01	4.700000000000e-01	0	4.796318122000e+00	6.563181220000e-03	0	0

-1.000000000000e+01	4.725000000000e-01	0	4.793689366000e+00	6.536893660000e-03	0	0

-1.000000000000e+01	4.750000000000e-01	0	4.794519499000e+00	6.545194990000e-03	0	0

-1.000000000000e+01	4.775000000000e-01	0	4.797148256000e+00	6.571482560000e-03	0	0

-1.000000000000e+01	4.800000000000e-01	0	4.795833877000e+00	6.558338770000e-03	0	0

-1.000000000000e+01	4.825000000000e-01	0	4.787601720000e+00	6.476017200000e-03	0	0

-1.000000000000e+01	4.850000000000e-01	0	4.785872275000e+00	6.458722750000e-03	0	0

-1.000000000000e+01	4.875000000000e-01	0	4.787117476000e+00	6.471174760000e-03	0	0

-1.000000000000e+01	4.900000000000e-01	0	4.787878431000e+00	6.478784310000e-03	0	0

-1.000000000000e+01	4.925000000000e-01	0	4.780130519000e+00	6.401305190000e-03	0	0

-1.000000000000e+01	4.950000000000e-01	0	4.779577096000e+00	6.395770960000e-03	0	0

-1.000000000000e+01	4.975000000000e-01	0	4.785872275000e+00	6.458722750000e-03	0	0

-1.000000000000e+01	5.000000000000e-01	0	4.786010631000e+00	6.460106310000e-03	0	0

