# Filename: data_3332.dat
# Timestamp: Tue May 22 13:48:52 2018

# Column 1:
#	end: -10.0
#	name: dac2 (Vbias)
#	size: 1
#	start: -10.0
#	type: coordinate
# Column 2:
#	end: 0.5
#	name: magnet (B(T))
#	size: 401
#	start: -0.5
#	type: coordinate
# Column 3:
#	end: 0
#	name: z_parameter (none)
#	size: 1
#	start: 0
#	type: coordinate
# Column 4:
#	name: processed data1
#	type: value
# Column 5:
#	name: Keithley 1
#	type: value
# Column 6:
#	name: processed data2
#	type: value
# Column 7:
#	name: Keithley 2
#	type: value

-1.000000000000e+01	-5.000000000000e-01	0	4.757855270000e+00	6.178552700000e-03	0	0

-1.000000000000e+01	-4.975000000000e-01	0	4.754603914000e+00	6.146039140000e-03	0	0

-1.000000000000e+01	-4.950000000000e-01	0	4.753427891000e+00	6.134278910000e-03	0	0

-1.000000000000e+01	-4.925000000000e-01	0	4.757509381000e+00	6.175093810000e-03	0	0

-1.000000000000e+01	-4.900000000000e-01	0	4.756195003000e+00	6.161950030000e-03	0	0

-1.000000000000e+01	-4.875000000000e-01	0	4.751283380000e+00	6.112833800000e-03	0	0

-1.000000000000e+01	-4.850000000000e-01	0	4.756402536000e+00	6.164025360000e-03	0	0

-1.000000000000e+01	-4.825000000000e-01	0	4.757094314000e+00	6.170943140000e-03	0	0

-1.000000000000e+01	-4.800000000000e-01	0	4.751283380000e+00	6.112833800000e-03	0	0

-1.000000000000e+01	-4.775000000000e-01	0	4.754188847000e+00	6.141888470000e-03	0	0

-1.000000000000e+01	-4.750000000000e-01	0	4.750660780000e+00	6.106607800000e-03	0	0

-1.000000000000e+01	-4.725000000000e-01	0	4.750799135000e+00	6.107991350000e-03	0	0

-1.000000000000e+01	-4.700000000000e-01	0	4.753912136000e+00	6.139121360000e-03	0	0

-1.000000000000e+01	-4.675000000000e-01	0	4.753566247000e+00	6.135662470000e-03	0	0

-1.000000000000e+01	-4.650000000000e-01	0	4.753289536000e+00	6.132895360000e-03	0	0

-1.000000000000e+01	-4.625000000000e-01	0	4.750245713000e+00	6.102457130000e-03	0	0

-1.000000000000e+01	-4.600000000000e-01	0	4.748101201000e+00	6.081012010000e-03	0	0

-1.000000000000e+01	-4.575000000000e-01	0	4.750384068000e+00	6.103840680000e-03	0	0

-1.000000000000e+01	-4.550000000000e-01	0	4.744158067000e+00	6.041580670000e-03	0	0

-1.000000000000e+01	-4.525000000000e-01	0	4.746579290000e+00	6.065792900000e-03	0	0

-1.000000000000e+01	-4.500000000000e-01	0	4.745541623000e+00	6.055416230000e-03	0	0

-1.000000000000e+01	-4.475000000000e-01	0	4.744849845000e+00	6.048498450000e-03	0	0

-1.000000000000e+01	-4.450000000000e-01	0	4.742428622000e+00	6.024286220000e-03	0	0

-1.000000000000e+01	-4.425000000000e-01	0	4.743743000000e+00	6.037430000000e-03	0	0

-1.000000000000e+01	-4.400000000000e-01	0	4.746233401000e+00	6.062334010000e-03	0	0

-1.000000000000e+01	-4.375000000000e-01	0	4.739938222000e+00	5.999382220000e-03	0	0

-1.000000000000e+01	-4.350000000000e-01	0	4.737932066000e+00	5.979320660000e-03	0	0

-1.000000000000e+01	-4.325000000000e-01	0	4.741252600000e+00	6.012526000000e-03	0	0

-1.000000000000e+01	-4.300000000000e-01	0	4.739246444000e+00	5.992464440000e-03	0	0

-1.000000000000e+01	-4.275000000000e-01	0	4.740560822000e+00	6.005608220000e-03	0	0

-1.000000000000e+01	-4.250000000000e-01	0	4.737032755000e+00	5.970327550000e-03	0	0

-1.000000000000e+01	-4.225000000000e-01	0	4.735649199000e+00	5.956491990000e-03	0	0

-1.000000000000e+01	-4.200000000000e-01	0	4.733781398000e+00	5.937813980000e-03	0	0

-1.000000000000e+01	-4.175000000000e-01	0	4.744019712000e+00	6.040197120000e-03	0	0

-1.000000000000e+01	-4.150000000000e-01	0	4.738070422000e+00	5.980704220000e-03	0	0

-1.000000000000e+01	-4.125000000000e-01	0	4.740422466000e+00	6.004224660000e-03	0	0

-1.000000000000e+01	-4.100000000000e-01	0	4.736894399000e+00	5.968943990000e-03	0	0

-1.000000000000e+01	-4.075000000000e-01	0	4.739246444000e+00	5.992464440000e-03	0	0

-1.000000000000e+01	-4.050000000000e-01	0	4.737586177000e+00	5.975861770000e-03	0	0

-1.000000000000e+01	-4.025000000000e-01	0	4.735164954000e+00	5.951649540000e-03	0	0

-1.000000000000e+01	-4.000000000000e-01	0	4.739108088000e+00	5.991080880000e-03	0	0

-1.000000000000e+01	-3.975000000000e-01	0	4.734403999000e+00	5.944039990000e-03	0	0

-1.000000000000e+01	-3.950000000000e-01	0	4.735856732000e+00	5.958567320000e-03	0	0

-1.000000000000e+01	-3.925000000000e-01	0	4.737724533000e+00	5.977245330000e-03	0	0

-1.000000000000e+01	-3.900000000000e-01	0	4.732190309000e+00	5.921903090000e-03	0	0

-1.000000000000e+01	-3.875000000000e-01	0	4.732190309000e+00	5.921903090000e-03	0	0

-1.000000000000e+01	-3.850000000000e-01	0	4.732259487000e+00	5.922594870000e-03	0	0

-1.000000000000e+01	-3.825000000000e-01	0	4.734542354000e+00	5.945423540000e-03	0	0

-1.000000000000e+01	-3.800000000000e-01	0	4.735026599000e+00	5.950265990000e-03	0	0

-1.000000000000e+01	-3.775000000000e-01	0	4.735787554000e+00	5.957875540000e-03	0	0

-1.000000000000e+01	-3.750000000000e-01	0	4.731636887000e+00	5.916368870000e-03	0	0

-1.000000000000e+01	-3.725000000000e-01	0	4.728593064000e+00	5.885930640000e-03	0	0

-1.000000000000e+01	-3.700000000000e-01	0	4.732328665000e+00	5.923286650000e-03	0	0

-1.000000000000e+01	-3.675000000000e-01	0	4.731290998000e+00	5.912909980000e-03	0	0

-1.000000000000e+01	-3.650000000000e-01	0	4.734334821000e+00	5.943348210000e-03	0	0

-1.000000000000e+01	-3.625000000000e-01	0	4.733435510000e+00	5.934355100000e-03	0	0

-1.000000000000e+01	-3.600000000000e-01	0	4.730045798000e+00	5.900457980000e-03	0	0

-1.000000000000e+01	-3.575000000000e-01	0	4.732467020000e+00	5.924670200000e-03	0	0

-1.000000000000e+01	-3.550000000000e-01	0	4.733435510000e+00	5.934355100000e-03	0	0

-1.000000000000e+01	-3.525000000000e-01	0	4.729423198000e+00	5.894231980000e-03	0	0

-1.000000000000e+01	-3.500000000000e-01	0	4.732051954000e+00	5.920519540000e-03	0	0

-1.000000000000e+01	-3.475000000000e-01	0	4.727417042000e+00	5.874170420000e-03	0	0

-1.000000000000e+01	-3.450000000000e-01	0	4.730253331000e+00	5.902533310000e-03	0	0

-1.000000000000e+01	-3.425000000000e-01	0	4.731221820000e+00	5.912218200000e-03	0	0

-1.000000000000e+01	-3.400000000000e-01	0	4.733089621000e+00	5.930896210000e-03	0	0

-1.000000000000e+01	-3.375000000000e-01	0	4.729354020000e+00	5.893540200000e-03	0	0

-1.000000000000e+01	-3.350000000000e-01	0	4.732121131000e+00	5.921211310000e-03	0	0

-1.000000000000e+01	-3.325000000000e-01	0	4.731290998000e+00	5.912909980000e-03	0	0

-1.000000000000e+01	-3.300000000000e-01	0	4.729907442000e+00	5.899074420000e-03	0	0

-1.000000000000e+01	-3.275000000000e-01	0	4.729146486000e+00	5.891464860000e-03	0	0

-1.000000000000e+01	-3.250000000000e-01	0	4.732536198000e+00	5.925361980000e-03	0	0

-1.000000000000e+01	-3.225000000000e-01	0	4.727071153000e+00	5.870711530000e-03	0	0

-1.000000000000e+01	-3.200000000000e-01	0	4.728108820000e+00	5.881088200000e-03	0	0

-1.000000000000e+01	-3.175000000000e-01	0	4.731290998000e+00	5.912909980000e-03	0	0

-1.000000000000e+01	-3.150000000000e-01	0	4.730530042000e+00	5.905300420000e-03	0	0

-1.000000000000e+01	-3.125000000000e-01	0	4.734819065000e+00	5.948190650000e-03	0	0

-1.000000000000e+01	-3.100000000000e-01	0	4.737793710000e+00	5.977937100000e-03	0	0

-1.000000000000e+01	-3.075000000000e-01	0	4.732397843000e+00	5.923978430000e-03	0	0

-1.000000000000e+01	-3.050000000000e-01	0	4.733573865000e+00	5.935738650000e-03	0	0

-1.000000000000e+01	-3.025000000000e-01	0	4.736202621000e+00	5.962026210000e-03	0	0

-1.000000000000e+01	-3.000000000000e-01	0	4.732674554000e+00	5.926745540000e-03	0	0

-1.000000000000e+01	-2.975000000000e-01	0	4.734680710000e+00	5.946807100000e-03	0	0

-1.000000000000e+01	-2.950000000000e-01	0	4.735995088000e+00	5.959950880000e-03	0	0

-1.000000000000e+01	-2.925000000000e-01	0	4.737862888000e+00	5.978628880000e-03	0	0

-1.000000000000e+01	-2.900000000000e-01	0	4.735372488000e+00	5.953724880000e-03	0	0

-1.000000000000e+01	-2.875000000000e-01	0	4.738554666000e+00	5.985546660000e-03	0	0

-1.000000000000e+01	-2.850000000000e-01	0	4.738001244000e+00	5.980012440000e-03	0	0

-1.000000000000e+01	-2.825000000000e-01	0	4.738485488000e+00	5.984854880000e-03	0	0

-1.000000000000e+01	-2.800000000000e-01	0	4.737240288000e+00	5.972402880000e-03	0	0

-1.000000000000e+01	-2.775000000000e-01	0	4.734196465000e+00	5.941964650000e-03	0	0

-1.000000000000e+01	-2.750000000000e-01	0	4.741390956000e+00	6.013909560000e-03	0	0

-1.000000000000e+01	-2.725000000000e-01	0	4.748170379000e+00	6.081703790000e-03	0	0

-1.000000000000e+01	-2.700000000000e-01	0	4.744088889000e+00	6.040888890000e-03	0	0

-1.000000000000e+01	-2.675000000000e-01	0	4.742359445000e+00	6.023594450000e-03	0	0

-1.000000000000e+01	-2.650000000000e-01	0	4.745334090000e+00	6.053340900000e-03	0	0

-1.000000000000e+01	-2.625000000000e-01	0	4.744019712000e+00	6.040197120000e-03	0	0

-1.000000000000e+01	-2.600000000000e-01	0	4.745126556000e+00	6.051265560000e-03	0	0

-1.000000000000e+01	-2.575000000000e-01	0	4.749000513000e+00	6.090005130000e-03	0	0

-1.000000000000e+01	-2.550000000000e-01	0	4.748585446000e+00	6.085854460000e-03	0	0

-1.000000000000e+01	-2.525000000000e-01	0	4.750314891000e+00	6.103148910000e-03	0	0

-1.000000000000e+01	-2.500000000000e-01	0	4.753635425000e+00	6.136354250000e-03	0	0

-1.000000000000e+01	-2.475000000000e-01	0	4.752182691000e+00	6.121826910000e-03	0	0

-1.000000000000e+01	-2.450000000000e-01	0	4.755572403000e+00	6.155724030000e-03	0	0

-1.000000000000e+01	-2.425000000000e-01	0	4.751283380000e+00	6.112833800000e-03	0	0

-1.000000000000e+01	-2.400000000000e-01	0	4.750314891000e+00	6.103148910000e-03	0	0

-1.000000000000e+01	-2.375000000000e-01	0	4.752390224000e+00	6.123902240000e-03	0	0

-1.000000000000e+01	-2.350000000000e-01	0	4.756886781000e+00	6.168867810000e-03	0	0

-1.000000000000e+01	-2.325000000000e-01	0	4.753704602000e+00	6.137046020000e-03	0	0

-1.000000000000e+01	-2.300000000000e-01	0	4.757025136000e+00	6.170251360000e-03	0	0

-1.000000000000e+01	-2.275000000000e-01	0	4.755088158000e+00	6.150881580000e-03	0	0

-1.000000000000e+01	-2.250000000000e-01	0	4.759861426000e+00	6.198614260000e-03	0	0

-1.000000000000e+01	-2.225000000000e-01	0	4.755710758000e+00	6.157107580000e-03	0	0

-1.000000000000e+01	-2.200000000000e-01	0	4.758339514000e+00	6.183395140000e-03	0	0

-1.000000000000e+01	-2.175000000000e-01	0	4.760553204000e+00	6.205532040000e-03	0	0

-1.000000000000e+01	-2.150000000000e-01	0	4.755572403000e+00	6.155724030000e-03	0	0

-1.000000000000e+01	-2.125000000000e-01	0	4.760276493000e+00	6.202764930000e-03	0	0

-1.000000000000e+01	-2.100000000000e-01	0	4.761452515000e+00	6.214525150000e-03	0	0

-1.000000000000e+01	-2.075000000000e-01	0	4.758547048000e+00	6.185470480000e-03	0	0

-1.000000000000e+01	-2.050000000000e-01	0	4.758892937000e+00	6.188929370000e-03	0	0

-1.000000000000e+01	-2.025000000000e-01	0	4.758962115000e+00	6.189621150000e-03	0	0

-1.000000000000e+01	-2.000000000000e-01	0	4.764081271000e+00	6.240812710000e-03	0	0

-1.000000000000e+01	-1.975000000000e-01	0	4.767886050000e+00	6.278860500000e-03	0	0

-1.000000000000e+01	-1.950000000000e-01	0	4.766502494000e+00	6.265024940000e-03	0	0

-1.000000000000e+01	-1.925000000000e-01	0	4.761314160000e+00	6.213141600000e-03	0	0

-1.000000000000e+01	-1.900000000000e-01	0	4.763873738000e+00	6.238737380000e-03	0	0

-1.000000000000e+01	-1.875000000000e-01	0	4.764565516000e+00	6.245655160000e-03	0	0

-1.000000000000e+01	-1.850000000000e-01	0	4.763804560000e+00	6.238045600000e-03	0	0

-1.000000000000e+01	-1.825000000000e-01	0	4.763389493000e+00	6.233894930000e-03	0	0

-1.000000000000e+01	-1.800000000000e-01	0	4.762351826000e+00	6.223518260000e-03	0	0

-1.000000000000e+01	-1.775000000000e-01	0	4.761660048000e+00	6.216600480000e-03	0	0

-1.000000000000e+01	-1.750000000000e-01	0	4.766294960000e+00	6.262949600000e-03	0	0

-1.000000000000e+01	-1.725000000000e-01	0	4.766571672000e+00	6.265716720000e-03	0	0

-1.000000000000e+01	-1.700000000000e-01	0	4.766156605000e+00	6.261566050000e-03	0	0

-1.000000000000e+01	-1.675000000000e-01	0	4.768923717000e+00	6.289237170000e-03	0	0

-1.000000000000e+01	-1.650000000000e-01	0	4.767470983000e+00	6.274709830000e-03	0	0

-1.000000000000e+01	-1.625000000000e-01	0	4.769892206000e+00	6.298922060000e-03	0	0

-1.000000000000e+01	-1.600000000000e-01	0	4.768992894000e+00	6.289928940000e-03	0	0

-1.000000000000e+01	-1.575000000000e-01	0	4.770238095000e+00	6.302380950000e-03	0	0

-1.000000000000e+01	-1.550000000000e-01	0	4.775564785000e+00	6.355647850000e-03	0	0

-1.000000000000e+01	-1.525000000000e-01	0	4.768785361000e+00	6.287853610000e-03	0	0

-1.000000000000e+01	-1.500000000000e-01	0	4.772244251000e+00	6.322442510000e-03	0	0

-1.000000000000e+01	-1.475000000000e-01	0	4.774596295000e+00	6.345962950000e-03	0	0

-1.000000000000e+01	-1.450000000000e-01	0	4.770722339000e+00	6.307223390000e-03	0	0

-1.000000000000e+01	-1.425000000000e-01	0	4.776187385000e+00	6.361873850000e-03	0	0

-1.000000000000e+01	-1.400000000000e-01	0	4.770168917000e+00	6.301689170000e-03	0	0

-1.000000000000e+01	-1.375000000000e-01	0	4.776464096000e+00	6.364640960000e-03	0	0

-1.000000000000e+01	-1.350000000000e-01	0	4.777225052000e+00	6.372250520000e-03	0	0

-1.000000000000e+01	-1.325000000000e-01	0	4.780753119000e+00	6.407531190000e-03	0	0

-1.000000000000e+01	-1.300000000000e-01	0	4.784350364000e+00	6.443503640000e-03	0	0

-1.000000000000e+01	-1.275000000000e-01	0	4.784488720000e+00	6.444887200000e-03	0	0

-1.000000000000e+01	-1.250000000000e-01	0	4.781998319000e+00	6.419983190000e-03	0	0

-1.000000000000e+01	-1.225000000000e-01	0	4.783105164000e+00	6.431051640000e-03	0	0

-1.000000000000e+01	-1.200000000000e-01	0	4.786079809000e+00	6.460798090000e-03	0	0

-1.000000000000e+01	-1.175000000000e-01	0	4.784765431000e+00	6.447654310000e-03	0	0

-1.000000000000e+01	-1.150000000000e-01	0	4.786840765000e+00	6.468407650000e-03	0	0

-1.000000000000e+01	-1.125000000000e-01	0	4.782275030000e+00	6.422750300000e-03	0	0

-1.000000000000e+01	-1.100000000000e-01	0	4.784142831000e+00	6.441428310000e-03	0	0

-1.000000000000e+01	-1.075000000000e-01	0	4.789054454000e+00	6.490544540000e-03	0	0

-1.000000000000e+01	-1.050000000000e-01	0	4.788224320000e+00	6.482243200000e-03	0	0

-1.000000000000e+01	-1.025000000000e-01	0	4.785595564000e+00	6.455955640000e-03	0	0

-1.000000000000e+01	-1.000000000000e-01	0	4.792305810000e+00	6.523058100000e-03	0	0

-1.000000000000e+01	-9.750000000000e-02	0	4.793896899000e+00	6.538968990000e-03	0	0

-1.000000000000e+01	-9.500000000000e-02	0	4.792997588000e+00	6.529975880000e-03	0	0

-1.000000000000e+01	-9.250000000000e-02	0	4.791683210000e+00	6.516832100000e-03	0	0

-1.000000000000e+01	-9.000000000000e-02	0	4.792305810000e+00	6.523058100000e-03	0	0

-1.000000000000e+01	-8.750000000000e-02	0	4.787740076000e+00	6.477400760000e-03	0	0

-1.000000000000e+01	-8.500000000000e-02	0	4.790853076000e+00	6.508530760000e-03	0	0

-1.000000000000e+01	-8.250000000000e-02	0	4.796594833000e+00	6.565948330000e-03	0	0

-1.000000000000e+01	-8.000000000000e-02	0	4.790161299000e+00	6.501612990000e-03	0	0

-1.000000000000e+01	-7.750000000000e-02	0	4.794934566000e+00	6.549345660000e-03	0	0

-1.000000000000e+01	-7.500000000000e-02	0	4.798255100000e+00	6.582551000000e-03	0	0

-1.000000000000e+01	-7.250000000000e-02	0	4.797148256000e+00	6.571482560000e-03	0	0

-1.000000000000e+01	-7.000000000000e-02	0	4.795764700000e+00	6.557647000000e-03	0	0

-1.000000000000e+01	-6.750000000000e-02	0	4.798393456000e+00	6.583934560000e-03	0	0

-1.000000000000e+01	-6.500000000000e-02	0	4.799638656000e+00	6.596386560000e-03	0	0

-1.000000000000e+01	-6.250000000000e-02	0	4.794796211000e+00	6.547962110000e-03	0	0

-1.000000000000e+01	-6.000000000000e-02	0	4.797978389000e+00	6.579783890000e-03	0	0

-1.000000000000e+01	-5.750000000000e-02	0	4.799154411000e+00	6.591544110000e-03	0	0

-1.000000000000e+01	-5.500000000000e-02	0	4.798531811000e+00	6.585318110000e-03	0	0

-1.000000000000e+01	-5.250000000000e-02	0	4.808700947000e+00	6.687009470000e-03	0	0

-1.000000000000e+01	-5.000000000000e-02	0	4.801229745000e+00	6.612297450000e-03	0	0

-1.000000000000e+01	-4.750000000000e-02	0	4.803443435000e+00	6.634434350000e-03	0	0

-1.000000000000e+01	-4.500000000000e-02	0	4.812436547000e+00	6.724365470000e-03	0	0

-1.000000000000e+01	-4.250000000000e-02	0	4.808562591000e+00	6.685625910000e-03	0	0

-1.000000000000e+01	-4.000000000000e-02	0	4.807663280000e+00	6.676632800000e-03	0	0

-1.000000000000e+01	-3.750000000000e-02	0	4.812644081000e+00	6.726440810000e-03	0	0

-1.000000000000e+01	-3.500000000000e-02	0	4.812644081000e+00	6.726440810000e-03	0	0

-1.000000000000e+01	-3.250000000000e-02	0	4.814373526000e+00	6.743735260000e-03	0	0

-1.000000000000e+01	-3.000000000000e-02	0	4.809185191000e+00	6.691851910000e-03	0	0

-1.000000000000e+01	-2.750000000000e-02	0	4.811329703000e+00	6.713297030000e-03	0	0

-1.000000000000e+01	-2.500000000000e-02	0	4.815964615000e+00	6.759646150000e-03	0	0

-1.000000000000e+01	-2.250000000000e-02	0	4.808009169000e+00	6.680091690000e-03	0	0

-1.000000000000e+01	-2.000000000000e-02	0	4.816725571000e+00	6.767255710000e-03	0	0

-1.000000000000e+01	-1.750000000000e-02	0	4.822121438000e+00	6.821214380000e-03	0	0

-1.000000000000e+01	-1.500000000000e-02	0	4.826064572000e+00	6.860645720000e-03	0	0

-1.000000000000e+01	-1.250000000000e-02	0	4.827863195000e+00	6.878631950000e-03	0	0

-1.000000000000e+01	-1.000000000000e-02	0	4.833328240000e+00	6.933282400000e-03	0	0

-1.000000000000e+01	-7.500000000000e-03	0	4.833950841000e+00	6.939508410000e-03	0	0

-1.000000000000e+01	-5.000000000000e-03	0	4.834711796000e+00	6.947117960000e-03	0	0

-1.000000000000e+01	-2.500000000000e-03	0	4.843289842000e+00	7.032898420000e-03	0	0

-1.000000000000e+01	0.000000000000e+00	0	4.844119976000e+00	7.041199760000e-03	0	0

-1.000000000000e+01	2.500000000000e-03	0	4.851798711000e+00	7.117987110000e-03	0	0

-1.000000000000e+01	5.000000000000e-03	0	4.856710334000e+00	7.167103340000e-03	0	0

-1.000000000000e+01	7.500000000000e-03	0	4.858301423000e+00	7.183014230000e-03	0	0

-1.000000000000e+01	1.000000000000e-02	0	4.855395956000e+00	7.153959560000e-03	0	0

-1.000000000000e+01	1.250000000000e-02	0	4.866602758000e+00	7.266027580000e-03	0	0

-1.000000000000e+01	1.500000000000e-02	0	4.867571247000e+00	7.275712470000e-03	0	0

-1.000000000000e+01	1.750000000000e-02	0	4.875734227000e+00	7.357342270000e-03	0	0

-1.000000000000e+01	2.000000000000e-02	0	4.877325316000e+00	7.373253160000e-03	0	0

-1.000000000000e+01	2.250000000000e-02	0	4.873520537000e+00	7.335205370000e-03	0	0

-1.000000000000e+01	2.500000000000e-02	0	4.877394494000e+00	7.373944940000e-03	0	0

-1.000000000000e+01	2.750000000000e-02	0	4.879469827000e+00	7.394698270000e-03	0	0

-1.000000000000e+01	3.000000000000e-02	0	4.878155449000e+00	7.381554490000e-03	0	0

-1.000000000000e+01	3.250000000000e-02	0	4.880576672000e+00	7.405766720000e-03	0	0

-1.000000000000e+01	3.500000000000e-02	0	4.867294536000e+00	7.272945360000e-03	0	0

-1.000000000000e+01	3.750000000000e-02	0	4.861483602000e+00	7.214836020000e-03	0	0

-1.000000000000e+01	4.000000000000e-02	0	4.832636463000e+00	6.926364630000e-03	0	0

-1.000000000000e+01	4.250000000000e-02	0	4.828970040000e+00	6.889700400000e-03	0	0

-1.000000000000e+01	4.500000000000e-02	0	4.820461171000e+00	6.804611710000e-03	0	0

-1.000000000000e+01	4.750000000000e-02	0	4.817140637000e+00	6.771406370000e-03	0	0

-1.000000000000e+01	5.000000000000e-02	0	4.817209815000e+00	6.772098150000e-03	0	0

-1.000000000000e+01	5.250000000000e-02	0	4.815411192000e+00	6.754111920000e-03	0	0

-1.000000000000e+01	5.500000000000e-02	0	4.806348902000e+00	6.663489020000e-03	0	0

-1.000000000000e+01	5.750000000000e-02	0	4.808285880000e+00	6.682858800000e-03	0	0

-1.000000000000e+01	6.000000000000e-02	0	4.808216702000e+00	6.682167020000e-03	0	0

-1.000000000000e+01	6.250000000000e-02	0	4.803650968000e+00	6.636509680000e-03	0	0

-1.000000000000e+01	6.500000000000e-02	0	4.802267412000e+00	6.622674120000e-03	0	0

-1.000000000000e+01	6.750000000000e-02	0	4.798600989000e+00	6.586009890000e-03	0	0

-1.000000000000e+01	7.000000000000e-02	0	4.798808523000e+00	6.588085230000e-03	0	0

-1.000000000000e+01	7.250000000000e-02	0	4.800468790000e+00	6.604687900000e-03	0	0

-1.000000000000e+01	7.500000000000e-02	0	4.799846189000e+00	6.598461890000e-03	0	0

-1.000000000000e+01	7.750000000000e-02	0	4.802336590000e+00	6.623365900000e-03	0	0

-1.000000000000e+01	8.000000000000e-02	0	4.792444166000e+00	6.524441660000e-03	0	0

-1.000000000000e+01	8.250000000000e-02	0	4.798047567000e+00	6.580475670000e-03	0	0

-1.000000000000e+01	8.500000000000e-02	0	4.797494144000e+00	6.574941440000e-03	0	0

-1.000000000000e+01	8.750000000000e-02	0	4.795211277000e+00	6.552112770000e-03	0	0

-1.000000000000e+01	9.000000000000e-02	0	4.794173610000e+00	6.541736100000e-03	0	0

-1.000000000000e+01	9.250000000000e-02	0	4.789815410000e+00	6.498154100000e-03	0	0

-1.000000000000e+01	9.500000000000e-02	0	4.792029099000e+00	6.520290990000e-03	0	0

-1.000000000000e+01	9.750000000000e-02	0	4.791475677000e+00	6.514756770000e-03	0	0

-1.000000000000e+01	1.000000000000e-01	0	4.788708565000e+00	6.487085650000e-03	0	0

-1.000000000000e+01	1.025000000000e-01	0	4.789538698000e+00	6.495386980000e-03	0	0

-1.000000000000e+01	1.050000000000e-01	0	4.791406499000e+00	6.514064990000e-03	0	0

-1.000000000000e+01	1.075000000000e-01	0	4.790783899000e+00	6.507838990000e-03	0	0

-1.000000000000e+01	1.100000000000e-01	0	4.784212008000e+00	6.442120080000e-03	0	0

-1.000000000000e+01	1.125000000000e-01	0	4.792720877000e+00	6.527208770000e-03	0	0

-1.000000000000e+01	1.150000000000e-01	0	4.784696253000e+00	6.446962530000e-03	0	0

-1.000000000000e+01	1.175000000000e-01	0	4.786840765000e+00	6.468407650000e-03	0	0

-1.000000000000e+01	1.200000000000e-01	0	4.787255831000e+00	6.472558310000e-03	0	0

-1.000000000000e+01	1.225000000000e-01	0	4.788224320000e+00	6.482243200000e-03	0	0

-1.000000000000e+01	1.250000000000e-01	0	4.785664742000e+00	6.456647420000e-03	0	0

-1.000000000000e+01	1.275000000000e-01	0	4.784004475000e+00	6.440044750000e-03	0	0

-1.000000000000e+01	1.300000000000e-01	0	4.780753119000e+00	6.407531190000e-03	0	0

-1.000000000000e+01	1.325000000000e-01	0	4.782828453000e+00	6.428284530000e-03	0	0

-1.000000000000e+01	1.350000000000e-01	0	4.779092852000e+00	6.390928520000e-03	0	0

-1.000000000000e+01	1.375000000000e-01	0	4.783727764000e+00	6.437277640000e-03	0	0

-1.000000000000e+01	1.400000000000e-01	0	4.783520231000e+00	6.435202310000e-03	0	0

-1.000000000000e+01	1.425000000000e-01	0	4.776948340000e+00	6.369483400000e-03	0	0

-1.000000000000e+01	1.450000000000e-01	0	4.780545586000e+00	6.405455860000e-03	0	0

-1.000000000000e+01	1.475000000000e-01	0	4.775633962000e+00	6.356339620000e-03	0	0

-1.000000000000e+01	1.500000000000e-01	0	4.775772318000e+00	6.357723180000e-03	0	0

-1.000000000000e+01	1.525000000000e-01	0	4.775011362000e+00	6.350113620000e-03	0	0

-1.000000000000e+01	1.550000000000e-01	0	4.775149718000e+00	6.351497180000e-03	0	0

-1.000000000000e+01	1.575000000000e-01	0	4.772382606000e+00	6.323826060000e-03	0	0

-1.000000000000e+01	1.600000000000e-01	0	4.770168917000e+00	6.301689170000e-03	0	0

-1.000000000000e+01	1.625000000000e-01	0	4.767470983000e+00	6.274709830000e-03	0	0

-1.000000000000e+01	1.650000000000e-01	0	4.768647005000e+00	6.286470050000e-03	0	0

-1.000000000000e+01	1.675000000000e-01	0	4.768301116000e+00	6.283011160000e-03	0	0

-1.000000000000e+01	1.700000000000e-01	0	4.767609339000e+00	6.276093390000e-03	0	0

-1.000000000000e+01	1.725000000000e-01	0	4.767263450000e+00	6.272634500000e-03	0	0

-1.000000000000e+01	1.750000000000e-01	0	4.768992894000e+00	6.289928940000e-03	0	0

-1.000000000000e+01	1.775000000000e-01	0	4.764150449000e+00	6.241504490000e-03	0	0

-1.000000000000e+01	1.800000000000e-01	0	4.768577828000e+00	6.285778280000e-03	0	0

-1.000000000000e+01	1.825000000000e-01	0	4.762559360000e+00	6.225593600000e-03	0	0

-1.000000000000e+01	1.850000000000e-01	0	4.757025136000e+00	6.170251360000e-03	0	0

-1.000000000000e+01	1.875000000000e-01	0	4.757163492000e+00	6.171634920000e-03	0	0

-1.000000000000e+01	1.900000000000e-01	0	4.755088158000e+00	6.150881580000e-03	0	0

-1.000000000000e+01	1.925000000000e-01	0	4.755226514000e+00	6.152265140000e-03	0	0

-1.000000000000e+01	1.950000000000e-01	0	4.753082002000e+00	6.130820020000e-03	0	0

-1.000000000000e+01	1.975000000000e-01	0	4.754534736000e+00	6.145347360000e-03	0	0

-1.000000000000e+01	2.000000000000e-01	0	4.747686135000e+00	6.076861350000e-03	0	0

-1.000000000000e+01	2.025000000000e-01	0	4.755710758000e+00	6.157107580000e-03	0	0

-1.000000000000e+01	2.050000000000e-01	0	4.747132712000e+00	6.071327120000e-03	0	0

-1.000000000000e+01	2.075000000000e-01	0	4.743466289000e+00	6.034662890000e-03	0	0

-1.000000000000e+01	2.100000000000e-01	0	4.743535467000e+00	6.035354670000e-03	0	0

-1.000000000000e+01	2.125000000000e-01	0	4.747132712000e+00	6.071327120000e-03	0	0

-1.000000000000e+01	2.150000000000e-01	0	4.742566978000e+00	6.025669780000e-03	0	0

-1.000000000000e+01	2.175000000000e-01	0	4.742566978000e+00	6.025669780000e-03	0	0

-1.000000000000e+01	2.200000000000e-01	0	4.742428622000e+00	6.024286220000e-03	0	0

-1.000000000000e+01	2.225000000000e-01	0	4.738623844000e+00	5.986238440000e-03	0	0

-1.000000000000e+01	2.250000000000e-01	0	4.741390956000e+00	6.013909560000e-03	0	0

-1.000000000000e+01	2.275000000000e-01	0	4.742290267000e+00	6.022902670000e-03	0	0

-1.000000000000e+01	2.300000000000e-01	0	4.734957421000e+00	5.949574210000e-03	0	0

-1.000000000000e+01	2.325000000000e-01	0	4.741321778000e+00	6.013217780000e-03	0	0

-1.000000000000e+01	2.350000000000e-01	0	4.738139599000e+00	5.981395990000e-03	0	0

-1.000000000000e+01	2.375000000000e-01	0	4.738900555000e+00	5.989005550000e-03	0	0

-1.000000000000e+01	2.400000000000e-01	0	4.735164954000e+00	5.951649540000e-03	0	0

-1.000000000000e+01	2.425000000000e-01	0	4.736410155000e+00	5.964101550000e-03	0	0

-1.000000000000e+01	2.450000000000e-01	0	4.733850576000e+00	5.938505760000e-03	0	0

-1.000000000000e+01	2.475000000000e-01	0	4.730114976000e+00	5.901149760000e-03	0	0

-1.000000000000e+01	2.500000000000e-01	0	4.734058110000e+00	5.940581100000e-03	0	0

-1.000000000000e+01	2.525000000000e-01	0	4.733158798000e+00	5.931587980000e-03	0	0

-1.000000000000e+01	2.550000000000e-01	0	4.730460864000e+00	5.904608640000e-03	0	0

-1.000000000000e+01	2.575000000000e-01	0	4.724649930000e+00	5.846499300000e-03	0	0

-1.000000000000e+01	2.600000000000e-01	0	4.729492375000e+00	5.894923750000e-03	0	0

-1.000000000000e+01	2.625000000000e-01	0	4.729838264000e+00	5.898382640000e-03	0	0

-1.000000000000e+01	2.650000000000e-01	0	4.727486219000e+00	5.874862190000e-03	0	0

-1.000000000000e+01	2.675000000000e-01	0	4.727417042000e+00	5.874170420000e-03	0	0

-1.000000000000e+01	2.700000000000e-01	0	4.729976620000e+00	5.899766200000e-03	0	0

-1.000000000000e+01	2.725000000000e-01	0	4.727278686000e+00	5.872786860000e-03	0	0

-1.000000000000e+01	2.750000000000e-01	0	4.723128019000e+00	5.831280190000e-03	0	0

-1.000000000000e+01	2.775000000000e-01	0	4.728800597000e+00	5.888005970000e-03	0	0

-1.000000000000e+01	2.800000000000e-01	0	4.730045798000e+00	5.900457980000e-03	0	0

-1.000000000000e+01	2.825000000000e-01	0	4.722574596000e+00	5.825745960000e-03	0	0

-1.000000000000e+01	2.850000000000e-01	0	4.726033486000e+00	5.860334860000e-03	0	0

-1.000000000000e+01	2.875000000000e-01	0	4.726586908000e+00	5.865869080000e-03	0	0

-1.000000000000e+01	2.900000000000e-01	0	4.729354020000e+00	5.893540200000e-03	0	0

-1.000000000000e+01	2.925000000000e-01	0	4.726863619000e+00	5.868636190000e-03	0	0

-1.000000000000e+01	2.950000000000e-01	0	4.723404730000e+00	5.834047300000e-03	0	0

-1.000000000000e+01	2.975000000000e-01	0	4.729976620000e+00	5.899766200000e-03	0	0

-1.000000000000e+01	3.000000000000e-01	0	4.730322509000e+00	5.903225090000e-03	0	0

-1.000000000000e+01	3.025000000000e-01	0	4.731636887000e+00	5.916368870000e-03	0	0

-1.000000000000e+01	3.050000000000e-01	0	4.731913598000e+00	5.919135980000e-03	0	0

-1.000000000000e+01	3.075000000000e-01	0	4.730184153000e+00	5.901841530000e-03	0	0

-1.000000000000e+01	3.100000000000e-01	0	4.728385531000e+00	5.883855310000e-03	0	0

-1.000000000000e+01	3.125000000000e-01	0	4.729423198000e+00	5.894231980000e-03	0	0

-1.000000000000e+01	3.150000000000e-01	0	4.731636887000e+00	5.916368870000e-03	0	0

-1.000000000000e+01	3.175000000000e-01	0	4.724649930000e+00	5.846499300000e-03	0	0

-1.000000000000e+01	3.200000000000e-01	0	4.728731420000e+00	5.887314200000e-03	0	0

-1.000000000000e+01	3.225000000000e-01	0	4.726379375000e+00	5.863793750000e-03	0	0

-1.000000000000e+01	3.250000000000e-01	0	4.728731420000e+00	5.887314200000e-03	0	0

-1.000000000000e+01	3.275000000000e-01	0	4.734888243000e+00	5.948882430000e-03	0	0

-1.000000000000e+01	3.300000000000e-01	0	4.732121131000e+00	5.921211310000e-03	0	0

-1.000000000000e+01	3.325000000000e-01	0	4.726448553000e+00	5.864485530000e-03	0	0

-1.000000000000e+01	3.350000000000e-01	0	4.731913598000e+00	5.919135980000e-03	0	0

-1.000000000000e+01	3.375000000000e-01	0	4.734127287000e+00	5.941272870000e-03	0	0

-1.000000000000e+01	3.400000000000e-01	0	4.735372488000e+00	5.953724880000e-03	0	0

-1.000000000000e+01	3.425000000000e-01	0	4.731775243000e+00	5.917752430000e-03	0	0

-1.000000000000e+01	3.450000000000e-01	0	4.734265643000e+00	5.942656430000e-03	0	0

-1.000000000000e+01	3.475000000000e-01	0	4.732121131000e+00	5.921211310000e-03	0	0

-1.000000000000e+01	3.500000000000e-01	0	4.729769087000e+00	5.897690870000e-03	0	0

-1.000000000000e+01	3.525000000000e-01	0	4.730253331000e+00	5.902533310000e-03	0	0

-1.000000000000e+01	3.550000000000e-01	0	4.730945109000e+00	5.909451090000e-03	0	0

-1.000000000000e+01	3.575000000000e-01	0	4.734819065000e+00	5.948190650000e-03	0	0

-1.000000000000e+01	3.600000000000e-01	0	4.735095777000e+00	5.950957770000e-03	0	0

-1.000000000000e+01	3.625000000000e-01	0	4.732536198000e+00	5.925361980000e-03	0	0

-1.000000000000e+01	3.650000000000e-01	0	4.728385531000e+00	5.883855310000e-03	0	0

-1.000000000000e+01	3.675000000000e-01	0	4.726794442000e+00	5.867944420000e-03	0	0

-1.000000000000e+01	3.700000000000e-01	0	4.725618419000e+00	5.856184190000e-03	0	0

-1.000000000000e+01	3.725000000000e-01	0	4.729354020000e+00	5.893540200000e-03	0	0

-1.000000000000e+01	3.750000000000e-01	0	4.726102664000e+00	5.861026640000e-03	0	0

-1.000000000000e+01	3.775000000000e-01	0	4.724580752000e+00	5.845807520000e-03	0	0

-1.000000000000e+01	3.800000000000e-01	0	4.726171841000e+00	5.861718410000e-03	0	0

-1.000000000000e+01	3.825000000000e-01	0	4.727832108000e+00	5.878321080000e-03	0	0

-1.000000000000e+01	3.850000000000e-01	0	4.728316353000e+00	5.883163530000e-03	0	0

-1.000000000000e+01	3.875000000000e-01	0	4.729077309000e+00	5.890773090000e-03	0	0

-1.000000000000e+01	3.900000000000e-01	0	4.726725264000e+00	5.867252640000e-03	0	0

-1.000000000000e+01	3.925000000000e-01	0	4.724580752000e+00	5.845807520000e-03	0	0

-1.000000000000e+01	3.950000000000e-01	0	4.727486219000e+00	5.874862190000e-03	0	0

-1.000000000000e+01	3.975000000000e-01	0	4.731913598000e+00	5.919135980000e-03	0	0

-1.000000000000e+01	4.000000000000e-01	0	4.722989663000e+00	5.829896630000e-03	0	0

-1.000000000000e+01	4.025000000000e-01	0	4.729423198000e+00	5.894231980000e-03	0	0

-1.000000000000e+01	4.050000000000e-01	0	4.723819797000e+00	5.838197970000e-03	0	0

-1.000000000000e+01	4.075000000000e-01	0	4.731913598000e+00	5.919135980000e-03	0	0

-1.000000000000e+01	4.100000000000e-01	0	4.732190309000e+00	5.921903090000e-03	0	0

-1.000000000000e+01	4.125000000000e-01	0	4.728316353000e+00	5.883163530000e-03	0	0

-1.000000000000e+01	4.150000000000e-01	0	4.723543085000e+00	5.835430850000e-03	0	0

-1.000000000000e+01	4.175000000000e-01	0	4.728039642000e+00	5.880396420000e-03	0	0

-1.000000000000e+01	4.200000000000e-01	0	4.727832108000e+00	5.878321080000e-03	0	0

-1.000000000000e+01	4.225000000000e-01	0	4.727762931000e+00	5.877629310000e-03	0	0

-1.000000000000e+01	4.250000000000e-01	0	4.726241019000e+00	5.862410190000e-03	0	0

-1.000000000000e+01	4.275000000000e-01	0	4.731290998000e+00	5.912909980000e-03	0	0

-1.000000000000e+01	4.300000000000e-01	0	4.731014287000e+00	5.910142870000e-03	0	0

-1.000000000000e+01	4.325000000000e-01	0	4.729907442000e+00	5.899074420000e-03	0	0

-1.000000000000e+01	4.350000000000e-01	0	4.735649199000e+00	5.956491990000e-03	0	0

-1.000000000000e+01	4.375000000000e-01	0	4.728800597000e+00	5.888005970000e-03	0	0

-1.000000000000e+01	4.400000000000e-01	0	4.731844420000e+00	5.918444200000e-03	0	0

-1.000000000000e+01	4.425000000000e-01	0	4.730530042000e+00	5.905300420000e-03	0	0

-1.000000000000e+01	4.450000000000e-01	0	4.737793710000e+00	5.977937100000e-03	0	0

-1.000000000000e+01	4.475000000000e-01	0	4.734473176000e+00	5.944731760000e-03	0	0

-1.000000000000e+01	4.500000000000e-01	0	4.737447821000e+00	5.974478210000e-03	0	0

-1.000000000000e+01	4.525000000000e-01	0	4.737309466000e+00	5.973094660000e-03	0	0

-1.000000000000e+01	4.550000000000e-01	0	4.741114244000e+00	6.011142440000e-03	0	0

-1.000000000000e+01	4.575000000000e-01	0	4.739523155000e+00	5.995231550000e-03	0	0

-1.000000000000e+01	4.600000000000e-01	0	4.735164954000e+00	5.951649540000e-03	0	0

-1.000000000000e+01	4.625000000000e-01	0	4.741736845000e+00	6.017368450000e-03	0	0

-1.000000000000e+01	4.650000000000e-01	0	4.740768355000e+00	6.007683550000e-03	0	0

-1.000000000000e+01	4.675000000000e-01	0	4.744296423000e+00	6.042964230000e-03	0	0

-1.000000000000e+01	4.700000000000e-01	0	4.748447090000e+00	6.084470900000e-03	0	0

-1.000000000000e+01	4.725000000000e-01	0	4.747616957000e+00	6.076169570000e-03	0	0

-1.000000000000e+01	4.750000000000e-01	0	4.746994357000e+00	6.069943570000e-03	0	0

-1.000000000000e+01	4.775000000000e-01	0	4.744711490000e+00	6.047114900000e-03	0	0

-1.000000000000e+01	4.800000000000e-01	0	4.745749156000e+00	6.057491560000e-03	0	0

-1.000000000000e+01	4.825000000000e-01	0	4.745403267000e+00	6.054032670000e-03	0	0

-1.000000000000e+01	4.850000000000e-01	0	4.764150449000e+00	6.241504490000e-03	0	0

-1.000000000000e+01	4.875000000000e-01	0	4.764703871000e+00	6.247038710000e-03	0	0

-1.000000000000e+01	4.900000000000e-01	0	4.765672360000e+00	6.256723600000e-03	0	0

-1.000000000000e+01	4.925000000000e-01	0	4.767678516000e+00	6.276785160000e-03	0	0

-1.000000000000e+01	4.950000000000e-01	0	4.769546317000e+00	6.295463170000e-03	0	0

-1.000000000000e+01	4.975000000000e-01	0	4.763043604000e+00	6.230436040000e-03	0	0

-1.000000000000e+01	5.000000000000e-01	0	4.760276493000e+00	6.202764930000e-03	0	0

