# Filename: data_899.dat
# Timestamp: Thu Dec 12 23:05:23 2019

# Column 1:
#	end: -0.2
#	name: IPS120-10 (swept B(T))
#	size: 2
#	start: 0.2
#	type: coordinate
# Column 2:
#	end: 0
#	name: y_parameter (none)
#	size: 1
#	start: 0
#	type: coordinate
# Column 3:
#	end: 0
#	name: z_parameter (none)
#	size: 1
#	start: 0
#	type: coordinate
# Column 4:
#	name: lockin 1
#	type: value
# Column 5:
#	name: Keithley 1
#	type: value
# Column 6:
#	name: Keithley 2
#	type: value
# Column 7:
#	name: lockin 2
#	type: value

0	1.998200000000e-01	0	4.057910000000e-03	-4.307718860000e-03	6.508346650000e-06	8.016420000000e-06
0	1.991300000000e-01	0	4.051240000000e-03	-4.888751850000e-03	8.566041760000e-06	8.112340000000e-06
0	1.983500000000e-01	0	4.052190000000e-03	-4.187911100000e-03	1.199553360000e-05	8.071830000000e-06
0	1.975300000000e-01	0	4.052190000000e-03	-2.920580510000e-03	1.062373690000e-05	8.200820000000e-06
0	1.966400000000e-01	0	4.055050000000e-03	-4.054252740000e-03	1.405322870000e-05	7.972650000000e-06
0	1.959000000000e-01	0	4.045520000000e-03	-2.793847450000e-03	9.937838510000e-06	7.981960000000e-06
0	1.950100000000e-01	0	4.041700000000e-03	-4.000235370000e-03	1.199553360000e-05	8.104890000000e-06
0	1.941300000000e-01	0	4.058870000000e-03	-2.838169400000e-03	5.822448270000e-06	8.142150000000e-06
0	1.932200000000e-01	0	4.051240000000e-03	-3.714220330000e-03	1.268143200000e-05	8.012230000000e-06
0	1.923800000000e-01	0	4.065540000000e-03	-2.825703850000e-03	6.508346650000e-06	8.061120000000e-06
0	1.915000000000e-01	0	4.061730000000e-03	-3.733611180000e-03	7.194245020000e-06	8.078820000000e-06
0	1.906100000000e-01	0	4.058870000000e-03	-2.779304320000e-03	1.130963530000e-05	7.971250000000e-06
0	1.897200000000e-01	0	4.051240000000e-03	-4.530021110000e-03	9.937838510000e-06	7.953550000000e-06
0	1.888400000000e-01	0	4.070310000000e-03	-3.912976540000e-03	8.566041760000e-06	7.767750000000e-06
0	1.880100000000e-01	0	4.045520000000e-03	-4.947616930000e-03	7.194245020000e-06	7.834810000000e-06
0	1.870900000000e-01	0	4.030260000000e-03	-3.936522580000e-03	8.566041760000e-06	7.929340000000e-06
0	1.862100000000e-01	0	4.035030000000e-03	-5.004404420000e-03	9.251940140000e-06	8.063910000000e-06
0	1.853600000000e-01	0	4.079850000000e-03	-3.130417220000e-03	9.937838510000e-06	8.047620000000e-06
0	1.844500000000e-01	0	4.111320000000e-03	-3.962838730000e-03	9.937838510000e-06	8.087660000000e-06
0	1.837000000000e-01	0	4.124670000000e-03	-4.607584510000e-03	6.508346650000e-06	7.878580000000e-06
0	1.828300000000e-01	0	4.141840000000e-03	-4.680992730000e-03	1.268143200000e-05	7.845520000000e-06
0	1.819600000000e-01	0	4.150420000000e-03	-3.858959180000e-03	5.822448270000e-06	7.981960000000e-06
0	1.810400000000e-01	0	4.132300000000e-03	-4.971855490000e-03	1.130963530000e-05	7.974510000000e-06
0	1.801800000000e-01	0	4.171400000000e-03	-3.802864210000e-03	7.194245020000e-06	7.835740000000e-06
0	1.792800000000e-01	0	4.192380000000e-03	-5.130444950000e-03	5.136549900000e-06	7.842260000000e-06
0	1.784000000000e-01	0	4.221950000000e-03	-3.011301990000e-03	1.405322870000e-05	7.860890000000e-06
0	1.775400000000e-01	0	4.263910000000e-03	-4.539716540000e-03	9.251940140000e-06	7.741210000000e-06
0	1.766500000000e-01	0	4.255320000000e-03	-3.002991630000e-03	7.880143390000e-06	7.753780000000e-06
0	1.757800000000e-01	0	4.304920000000e-03	-4.599274150000e-03	9.251940140000e-06	7.581460000000e-06
0	1.748800000000e-01	0	4.326850000000e-03	-2.993296200000e-03	1.130963530000e-05	7.759840000000e-06
0	1.740200000000e-01	0	4.330660000000e-03	-5.012714780000e-03	7.194245020000e-06	7.716530000000e-06
0	1.731300000000e-01	0	4.354510000000e-03	-4.926841020000e-03	8.566041760000e-06	7.619180000000e-06
0	1.723500000000e-01	0	4.383120000000e-03	-5.077120110000e-03	4.450651530000e-06	7.722580000000e-06
0	1.714900000000e-01	0	4.405050000000e-03	-5.265488370000e-03	4.450651530000e-06	7.502760000000e-06
0	1.705800000000e-01	0	4.416500000000e-03	-4.874901240000e-03	1.199553360000e-05	7.668100000000e-06
0	1.697700000000e-01	0	4.435570000000e-03	-4.505090020000e-03	8.566041760000e-06	7.530700000000e-06
0	1.687800000000e-01	0	4.440340000000e-03	-3.292469330000e-03	9.937838510000e-06	7.435240000000e-06
0	1.679800000000e-01	0	4.457500000000e-03	-4.521710750000e-03	1.062373690000e-05	7.537220000000e-06
0	1.670900000000e-01	0	4.463230000000e-03	-3.373495380000e-03	7.880143390000e-06	7.316960000000e-06
0	1.661800000000e-01	0	4.467990000000e-03	-3.561863640000e-03	1.199553360000e-05	7.540480000000e-06
0	1.652900000000e-01	0	4.477530000000e-03	-4.426141550000e-03	9.251940140000e-06	7.410560000000e-06
0	1.644900000000e-01	0	4.479440000000e-03	-4.912297880000e-03	1.130963530000e-05	7.328610000000e-06
0	1.635800000000e-01	0	4.457500000000e-03	-4.807725790000e-03	7.194245020000e-06	7.364930000000e-06
0	1.626600000000e-01	0	4.444150000000e-03	-4.919223180000e-03	9.251940140000e-06	7.545600000000e-06
0	1.618100000000e-01	0	4.440340000000e-03	-5.367290340000e-03	3.078854780000e-06	7.371910000000e-06
0	1.609200000000e-01	0	4.440340000000e-03	-5.525879790000e-03	1.199553360000e-05	7.410560000000e-06
0	1.601700000000e-01	0	4.437480000000e-03	-4.344422970000e-03	7.194245020000e-06	7.369120000000e-06
0	1.592800000000e-01	0	4.423170000000e-03	-4.903294980000e-03	1.336733040000e-05	7.298800000000e-06
0	1.584200000000e-01	0	4.383120000000e-03	-3.221831230000e-03	1.268143200000e-05	7.317900000000e-06
0	1.575500000000e-01	0	4.404100000000e-03	-4.416446130000e-03	9.937838510000e-06	7.310910000000e-06
0	1.566300000000e-01	0	4.376440000000e-03	-3.099945880000e-03	9.937838510000e-06	7.261550000000e-06
0	1.557700000000e-01	0	4.347830000000e-03	-3.417817320000e-03	8.566041760000e-06	7.317900000000e-06
0	1.548900000000e-01	0	4.360230000000e-03	-3.398426470000e-03	1.268143200000e-05	7.241530000000e-06
0	1.539900000000e-01	0	4.337340000000e-03	-3.061856710000e-03	9.251940140000e-06	7.269000000000e-06
0	1.531000000000e-01	0	4.335430000000e-03	-4.415753600000e-03	8.566041760000e-06	7.101830000000e-06
0	1.522200000000e-01	0	4.334480000000e-03	-3.722530690000e-03	1.199553360000e-05	7.192630000000e-06
0	1.513900000000e-01	0	4.340200000000e-03	-5.307732720000e-03	1.405322870000e-05	7.089720000000e-06
0	1.505800000000e-01	0	4.291560000000e-03	-4.228770400000e-03	1.268143200000e-05	7.110210000000e-06
0	1.497000000000e-01	0	4.308730000000e-03	-5.306347660000e-03	1.130963530000e-05	7.098100000000e-06
0	1.487600000000e-01	0	4.281070000000e-03	-5.081275290000e-03	9.937838510000e-06	6.936990000000e-06
0	1.479300000000e-01	0	4.264860000000e-03	-4.890136910000e-03	1.611092390000e-05	6.931860000000e-06
0	1.470600000000e-01	0	4.277260000000e-03	-5.237094630000e-03	1.199553360000e-05	7.106950000000e-06
0	1.461900000000e-01	0	4.269630000000e-03	-3.629039090000e-03	1.268143200000e-05	7.050610000000e-06
0	1.453300000000e-01	0	4.264860000000e-03	-5.187924970000e-03	1.199553360000e-05	6.924410000000e-06
0	1.444000000000e-01	0	4.280120000000e-03	-3.066704420000e-03	1.679682220000e-05	6.766550000000e-06
0	1.435700000000e-01	0	4.261050000000e-03	-4.597889090000e-03	1.542502550000e-05	6.807070000000e-06
0	1.426500000000e-01	0	4.257230000000e-03	-3.838875790000e-03	8.566041760000e-06	6.872260000000e-06
0	1.417900000000e-01	0	4.241020000000e-03	-5.272413680000e-03	1.542502550000e-05	6.883900000000e-06
0	1.408900000000e-01	0	4.215270000000e-03	-4.973240550000e-03	1.130963530000e-05	6.833140000000e-06
0	1.400400000000e-01	0	4.202870000000e-03	-4.717004310000e-03	1.268143200000e-05	6.796360000000e-06
0	1.391600000000e-01	0	4.200970000000e-03	-5.215626180000e-03	1.268143200000e-05	6.815910000000e-06
0	1.383700000000e-01	0	4.202870000000e-03	-4.240543410000e-03	1.130963530000e-05	6.641290000000e-06
0	1.374800000000e-01	0	4.176170000000e-03	-4.936536440000e-03	1.611092390000e-05	6.705090000000e-06
0	1.366200000000e-01	0	4.180940000000e-03	-3.234989310000e-03	1.542502550000e-05	6.794960000000e-06
0	1.357400000000e-01	0	4.164730000000e-03	-4.403980580000e-03	1.748272060000e-05	6.767950000000e-06
0	1.348500000000e-01	0	4.160910000000e-03	-2.962132340000e-03	1.405322870000e-05	6.615210000000e-06
0	1.339800000000e-01	0	4.155190000000e-03	-3.876964960000e-03	1.748272060000e-05	6.618010000000e-06
0	1.331300000000e-01	0	4.141840000000e-03	-2.964902460000e-03	1.748272060000e-05	6.677610000000e-06
0	1.322200000000e-01	0	4.138020000000e-03	-3.342331510000e-03	1.473912710000e-05	6.543970000000e-06
0	1.313400000000e-01	0	4.128490000000e-03	-3.146345420000e-03	1.473912710000e-05	6.586810000000e-06
0	1.304800000000e-01	0	4.118950000000e-03	-4.264781980000e-03	1.885451730000e-05	6.562130000000e-06
0	1.295700000000e-01	0	4.109410000000e-03	-4.457997950000e-03	1.748272060000e-05	6.632910000000e-06
0	1.287000000000e-01	0	4.101780000000e-03	-4.280710170000e-03	1.268143200000e-05	6.676210000000e-06
0	1.278300000000e-01	0	4.090340000000e-03	-4.335420070000e-03	9.937838510000e-06	6.536980000000e-06
0	1.269500000000e-01	0	4.081760000000e-03	-4.583345950000e-03	1.611092390000e-05	6.460150000000e-06
0	1.261700000000e-01	0	4.081760000000e-03	-5.063962030000e-03	1.199553360000e-05	6.429880000000e-06
0	1.253300000000e-01	0	4.068400000000e-03	-4.275862460000e-03	1.679682220000e-05	6.557470000000e-06
0	1.244000000000e-01	0	4.063640000000e-03	-4.824346520000e-03	1.816861900000e-05	6.698570000000e-06
0	1.235200000000e-01	0	4.058870000000e-03	-3.174739160000e-03	1.885451730000e-05	6.574240000000e-06
0	1.226600000000e-01	0	4.053150000000e-03	-4.504397490000e-03	1.679682220000e-05	6.537910000000e-06
0	1.217700000000e-01	0	4.060780000000e-03	-2.969057640000e-03	1.473912710000e-05	6.463870000000e-06
0	1.209200000000e-01	0	4.041700000000e-03	-3.888737980000e-03	1.954041570000e-05	6.514630000000e-06
0	1.199900000000e-01	0	4.038840000000e-03	-2.923350640000e-03	1.130963530000e-05	6.489020000000e-06
0	1.191200000000e-01	0	4.035030000000e-03	-2.993988730000e-03	1.611092390000e-05	6.630580000000e-06
0	1.182400000000e-01	0	4.035030000000e-03	-3.466294450000e-03	1.816861900000e-05	6.631510000000e-06
0	1.173800000000e-01	0	4.035030000000e-03	-3.120721790000e-03	1.679682220000e-05	6.552350000000e-06
0	1.164600000000e-01	0	4.030260000000e-03	-4.492624470000e-03	1.199553360000e-05	6.542100000000e-06
0	1.156300000000e-01	0	4.032160000000e-03	-3.966301380000e-03	1.679682220000e-05	6.415910000000e-06
0	1.148300000000e-01	0	4.056960000000e-03	-5.106206380000e-03	1.542502550000e-05	6.456890000000e-06
0	1.139400000000e-01	0	4.041700000000e-03	-4.879748950000e-03	1.268143200000e-05	6.489020000000e-06
0	1.130600000000e-01	0	4.011180000000e-03	-4.404673110000e-03	2.022631410000e-05	6.443850000000e-06
0	1.122200000000e-01	0	4.047420000000e-03	-4.919915710000e-03	1.268143200000e-05	6.614280000000e-06
0	1.113200000000e-01	0	4.025490000000e-03	-3.334021150000e-03	1.268143200000e-05	6.500200000000e-06
0	1.104300000000e-01	0	4.011180000000e-03	-4.693458280000e-03	1.062373690000e-05	6.677610000000e-06
0	1.095900000000e-01	0	4.040750000000e-03	-3.106871190000e-03	1.679682220000e-05	6.450370000000e-06
0	1.086800000000e-01	0	4.043610000000e-03	-3.507846270000e-03	1.473912710000e-05	6.469000000000e-06
0	1.078200000000e-01	0	4.051240000000e-03	-4.906757640000e-03	1.199553360000e-05	6.469930000000e-06
0	1.069100000000e-01	0	4.061730000000e-03	-4.062563110000e-03	1.679682220000e-05	6.469930000000e-06
0	1.060800000000e-01	0	4.056960000000e-03	-4.836119540000e-03	1.268143200000e-05	6.589140000000e-06
0	1.051300000000e-01	0	4.052190000000e-03	-3.770315290000e-03	1.473912710000e-05	6.623130000000e-06
0	1.042900000000e-01	0	4.053150000000e-03	-5.157453630000e-03	1.473912710000e-05	6.526270000000e-06
0	1.034000000000e-01	0	4.051240000000e-03	-3.681671400000e-03	1.473912710000e-05	6.515100000000e-06
0	1.026500000000e-01	0	4.087480000000e-03	-3.440670830000e-03	1.611092390000e-05	6.635240000000e-06
0	1.017400000000e-01	0	4.083660000000e-03	-3.123491910000e-03	1.336733040000e-05	6.465740000000e-06
0	1.008800000000e-01	0	4.090340000000e-03	-4.331957420000e-03	1.473912710000e-05	6.636170000000e-06
0	9.998000000000e-02	0	4.115130000000e-03	-2.964209930000e-03	1.336733040000e-05	6.431740000000e-06
0	9.912000000000e-02	0	4.137070000000e-03	-4.430296740000e-03	1.611092390000e-05	6.540240000000e-06
0	9.825000000000e-02	0	4.137070000000e-03	-3.017534770000e-03	1.130963530000e-05	6.551880000000e-06
0	9.734000000000e-02	0	4.165680000000e-03	-4.133201200000e-03	1.611092390000e-05	6.606830000000e-06
0	9.646000000000e-02	0	4.162820000000e-03	-3.033462970000e-03	7.880143390000e-06	6.596120000000e-06
0	9.560000000000e-02	0	4.171400000000e-03	-3.825025190000e-03	1.611092390000e-05	6.582620000000e-06
0	9.473000000000e-02	0	4.148510000000e-03	-3.014764650000e-03	1.405322870000e-05	6.598920000000e-06
0	9.387000000000e-02	0	4.182850000000e-03	-4.105499990000e-03	1.748272060000e-05	6.601240000000e-06
0	9.296000000000e-02	0	4.174260000000e-03	-4.971855490000e-03	9.937838510000e-06	6.665040000000e-06
0	9.208000000000e-02	0	4.186660000000e-03	-4.809803380000e-03	1.268143200000e-05	6.672960000000e-06
0	9.119000000000e-02	0	4.176170000000e-03	-5.289034400000e-03	8.566041760000e-06	6.582620000000e-06
0	9.045000000000e-02	0	4.207640000000e-03	-4.494702060000e-03	1.199553360000e-05	6.483900000000e-06
0	8.956000000000e-02	0	4.193340000000e-03	-4.626282830000e-03	1.473912710000e-05	6.584010000000e-06
0	8.867000000000e-02	0	4.196200000000e-03	-3.130417220000e-03	1.679682220000e-05	6.524880000000e-06
0	8.782000000000e-02	0	4.199060000000e-03	-3.640812110000e-03	1.336733040000e-05	6.542570000000e-06
0	8.692000000000e-02	0	4.198100000000e-03	-3.176816750000e-03	1.199553360000e-05	6.406600000000e-06
0	8.603000000000e-02	0	4.210500000000e-03	-3.570174010000e-03	1.542502550000e-05	6.572370000000e-06
0	8.516000000000e-02	0	4.182850000000e-03	-3.915746670000e-03	1.748272060000e-05	6.467130000000e-06
0	8.427000000000e-02	0	4.209550000000e-03	-5.043878650000e-03	1.199553360000e-05	6.587270000000e-06
0	8.342000000000e-02	0	4.174260000000e-03	-3.762697450000e-03	1.130963530000e-05	6.760970000000e-06
0	8.253000000000e-02	0	4.196200000000e-03	-5.093048310000e-03	9.251940140000e-06	6.719520000000e-06
0	8.166000000000e-02	0	4.200970000000e-03	-3.466294450000e-03	7.194245020000e-06	6.671090000000e-06
0	8.087000000000e-02	0	4.182850000000e-03	-5.298729830000e-03	9.937838510000e-06	6.647340000000e-06
0	8.000000000000e-02	0	4.175220000000e-03	-3.059086590000e-03	1.268143200000e-05	6.638960000000e-06
0	7.911000000000e-02	0	4.171400000000e-03	-3.949680650000e-03	9.937838510000e-06	6.776800000000e-06
0	7.823000000000e-02	0	4.161860000000e-03	-3.687904170000e-03	1.268143200000e-05	6.679940000000e-06
0	7.734000000000e-02	0	4.142790000000e-03	-5.195542800000e-03	1.062373690000e-05	6.740940000000e-06
0	7.645000000000e-02	0	4.127530000000e-03	-4.169212780000e-03	1.130963530000e-05	6.706480000000e-06
0	7.558000000000e-02	0	4.117040000000e-03	-5.195542800000e-03	7.194245020000e-06	6.743270000000e-06
0	7.469000000000e-02	0	4.123720000000e-03	-4.580575830000e-03	7.880143390000e-06	6.686930000000e-06
0	7.384000000000e-02	0	4.103690000000e-03	-3.460061680000e-03	1.199553360000e-05	6.710670000000e-06
0	7.299000000000e-02	0	4.080800000000e-03	-4.976010670000e-03	7.880143390000e-06	6.812190000000e-06
0	7.205000000000e-02	0	4.082710000000e-03	-4.529328580000e-03	1.199553360000e-05	6.766550000000e-06
0	7.120000000000e-02	0	4.064590000000e-03	-5.024487800000e-03	7.880143390000e-06	6.680870000000e-06
0	7.030000000000e-02	0	4.053150000000e-03	-5.112439160000e-03	7.880143390000e-06	6.672490000000e-06
0	6.946000000000e-02	0	4.015950000000e-03	-4.063948170000e-03	1.473912710000e-05	6.672960000000e-06
0	6.865000000000e-02	0	3.998790000000e-03	-4.634593200000e-03	9.251940140000e-06	6.795420000000e-06
0	6.775000000000e-02	0	3.981620000000e-03	-3.071552140000e-03	1.336733040000e-05	6.853630000000e-06
0	6.693000000000e-02	0	3.969220000000e-03	-4.286250420000e-03	9.251940140000e-06	7.023600000000e-06
0	6.602000000000e-02	0	3.953960000000e-03	-2.891494240000e-03	9.937838510000e-06	6.804270000000e-06
0	6.514000000000e-02	0	3.949200000000e-03	-3.161581090000e-03	7.880143390000e-06	6.761900000000e-06
0	6.426000000000e-02	0	3.943470000000e-03	-3.045928510000e-03	8.566041760000e-06	6.790300000000e-06
0	6.339000000000e-02	0	3.941570000000e-03	-3.982922110000e-03	7.194245020000e-06	6.856890000000e-06
0	6.250000000000e-02	0	3.932980000000e-03	-4.468385910000e-03	9.251940140000e-06	6.931400000000e-06
0	6.162000000000e-02	0	3.923450000000e-03	-4.583345950000e-03	8.566041760000e-06	7.018940000000e-06
0	6.076000000000e-02	0	3.914860000000e-03	-3.688596700000e-03	1.611092390000e-05	6.878310000000e-06
0	5.988000000000e-02	0	3.914860000000e-03	-4.889444380000e-03	4.450651530000e-06	6.973770000000e-06
0	5.901000000000e-02	0	3.910090000000e-03	-4.399825400000e-03	6.508346650000e-06	6.809390000000e-06
0	5.812000000000e-02	0	3.911050000000e-03	-4.662294410000e-03	1.268143200000e-05	6.928140000000e-06
0	5.725000000000e-02	0	3.912000000000e-03	-4.878363890000e-03	7.880143390000e-06	6.860620000000e-06
0	5.644000000000e-02	0	3.916770000000e-03	-3.524467000000e-03	1.542502550000e-05	6.790770000000e-06
0	5.558000000000e-02	0	3.907230000000e-03	-4.077798770000e-03	9.937838510000e-06	6.841520000000e-06
0	5.471000000000e-02	0	3.910090000000e-03	-4.194143880000e-03	1.130963530000e-05	6.772610000000e-06
0	5.385000000000e-02	0	3.908190000000e-03	-4.670604780000e-03	4.450651530000e-06	6.851300000000e-06
0	5.291000000000e-02	0	3.907230000000e-03	-3.593720040000e-03	1.336733040000e-05	6.971910000000e-06
0	5.206000000000e-02	0	3.906280000000e-03	-4.808418320000e-03	1.199553360000e-05	6.876910000000e-06
0	5.118000000000e-02	0	3.902450000000e-03	-4.054252740000e-03	7.880143390000e-06	6.947700000000e-06
0	5.029000000000e-02	0	3.911050000000e-03	-4.726699740000e-03	1.542502550000e-05	6.852700000000e-06
0	4.943000000000e-02	0	3.917720000000e-03	-4.510630260000e-03	1.062373690000e-05	6.773540000000e-06
0	4.855000000000e-02	0	3.928210000000e-03	-4.565340160000e-03	3.764753160000e-06	6.798220000000e-06
0	4.765000000000e-02	0	3.949200000000e-03	-4.865205810000e-03	1.268143200000e-05	6.864340000000e-06
0	4.677000000000e-02	0	3.969220000000e-03	-3.543165320000e-03	1.336733040000e-05	6.842920000000e-06
0	4.588000000000e-02	0	3.953960000000e-03	-4.685147920000e-03	1.405322870000e-05	6.685990000000e-06
0	4.500000000000e-02	0	3.955870000000e-03	-2.785537090000e-03	1.954041570000e-05	6.711610000000e-06
0	4.420000000000e-02	0	3.973040000000e-03	-4.552182080000e-03	1.954041570000e-05	6.700900000000e-06
0	4.335000000000e-02	0	3.980670000000e-03	-2.805620470000e-03	1.130963530000e-05	6.806130000000e-06
0	4.250000000000e-02	0	3.966360000000e-03	-4.275169930000e-03	1.268143200000e-05	6.808460000000e-06
0	4.158000000000e-02	0	3.986390000000e-03	-2.901882190000e-03	1.405322870000e-05	6.766550000000e-06
0	4.072000000000e-02	0	3.990200000000e-03	-4.937921500000e-03	1.542502550000e-05	6.797750000000e-06
0	3.985000000000e-02	0	4.010230000000e-03	-2.856867720000e-03	1.679682220000e-05	6.738610000000e-06
0	3.899000000000e-02	0	4.011180000000e-03	-4.567417750000e-03	1.816861900000e-05	6.585880000000e-06
0	3.809000000000e-02	0	4.001650000000e-03	-3.068089480000e-03	1.405322870000e-05	6.679010000000e-06
0	3.720000000000e-02	0	4.006420000000e-03	-4.996094050000e-03	2.228400920000e-05	6.659920000000e-06
0	3.636000000000e-02	0	4.034070000000e-03	-3.083325150000e-03	1.954041570000e-05	6.704620000000e-06
0	3.546000000000e-02	0	4.025490000000e-03	-5.071579870000e-03	1.473912710000e-05	6.720920000000e-06
0	3.456000000000e-02	0	4.038840000000e-03	-3.533469900000e-03	1.336733040000e-05	6.746060000000e-06
0	3.370000000000e-02	0	4.038840000000e-03	-5.048033830000e-03	1.679682220000e-05	6.515560000000e-06
0	3.289000000000e-02	0	4.043610000000e-03	-4.062563110000e-03	1.199553360000e-05	6.638960000000e-06
0	3.205000000000e-02	0	4.046470000000e-03	-5.021717680000e-03	1.336733040000e-05	6.742340000000e-06
0	3.114000000000e-02	0	4.043610000000e-03	-4.852740270000e-03	1.268143200000e-05	6.591460000000e-06
0	3.031000000000e-02	0	4.067450000000e-03	-4.440684690000e-03	1.268143200000e-05	6.466670000000e-06
0	2.941000000000e-02	0	4.067450000000e-03	-4.969777900000e-03	1.473912710000e-05	6.556070000000e-06
0	2.850000000000e-02	0	4.075080000000e-03	-3.437900710000e-03	1.611092390000e-05	6.521620000000e-06
0	2.766000000000e-02	0	4.068400000000e-03	-4.582653420000e-03	1.611092390000e-05	6.628250000000e-06
0	2.675000000000e-02	0	4.068400000000e-03	-3.153963250000e-03	1.816861900000e-05	6.509040000000e-06
0	2.588000000000e-02	0	4.063640000000e-03	-4.259241730000e-03	2.091221250000e-05	6.475980000000e-06
0	2.501000000000e-02	0	4.062680000000e-03	-2.913655210000e-03	2.365580600000e-05	6.479240000000e-06
0	2.415000000000e-02	0	4.061730000000e-03	-4.947616930000e-03	2.296990760000e-05	6.509510000000e-06
0	2.335000000000e-02	0	4.051240000000e-03	-3.450366250000e-03	2.159811080000e-05	6.497400000000e-06
0	2.246000000000e-02	0	4.049330000000e-03	-4.995401520000e-03	2.159811080000e-05	6.551420000000e-06
0	2.159000000000e-02	0	4.045520000000e-03	-3.221831230000e-03	1.748272060000e-05	6.385640000000e-06
0	2.069000000000e-02	0	4.038840000000e-03	-4.785564820000e-03	1.679682220000e-05	6.370740000000e-06
0	1.982000000000e-02	0	4.037890000000e-03	-3.311167650000e-03	1.748272060000e-05	6.340940000000e-06
0	1.898000000000e-02	0	4.035980000000e-03	-4.905372580000e-03	1.611092390000e-05	6.446180000000e-06
0	1.811000000000e-02	0	4.035030000000e-03	-2.883876400000e-03	2.228400920000e-05	6.412650000000e-06
0	1.717000000000e-02	0	4.036930000000e-03	-4.503704960000e-03	2.296990760000e-05	6.412650000000e-06
0	1.631000000000e-02	0	4.045520000000e-03	-2.923350640000e-03	1.748272060000e-05	6.349790000000e-06
0	1.546000000000e-02	0	4.042660000000e-03	-3.853418930000e-03	2.228400920000e-05	6.262240000000e-06
0	1.456000000000e-02	0	4.048380000000e-03	-2.918502920000e-03	2.228400920000e-05	6.333490000000e-06
0	1.369000000000e-02	0	4.050280000000e-03	-3.375572970000e-03	2.159811080000e-05	6.383780000000e-06
0	1.278000000000e-02	0	4.059820000000e-03	-3.548013040000e-03	2.296990760000e-05	6.323710000000e-06
0	1.192000000000e-02	0	4.074130000000e-03	-3.545935440000e-03	2.022631410000e-05	6.333950000000e-06
0	1.113000000000e-02	0	4.086520000000e-03	-2.969057640000e-03	2.022631410000e-05	6.248270000000e-06
0	1.023000000000e-02	0	4.085570000000e-03	-2.959362220000e-03	1.679682220000e-05	6.171900000000e-06
0	9.380000000000e-03	0	4.107510000000e-03	-3.821562530000e-03	1.816861900000e-05	6.245480000000e-06
0	8.500000000000e-03	0	4.114180000000e-03	-3.063241770000e-03	2.022631410000e-05	6.246880000000e-06
0	7.630000000000e-03	0	4.141840000000e-03	-4.304948740000e-03	2.091221250000e-05	6.123940000000e-06
0	6.730000000000e-03	0	4.161860000000e-03	-3.151885660000e-03	1.679682220000e-05	6.146290000000e-06
0	5.880000000000e-03	0	4.167590000000e-03	-4.779332050000e-03	1.611092390000e-05	6.285060000000e-06
0	4.960000000000e-03	0	4.165680000000e-03	-3.502998560000e-03	1.885451730000e-05	6.313000000000e-06
0	4.100000000000e-03	0	4.196200000000e-03	-4.945539340000e-03	2.228400920000e-05	5.911130000000e-06
0	3.250000000000e-03	0	4.187610000000e-03	-4.689303100000e-03	2.228400920000e-05	6.027550000000e-06
0	2.360000000000e-03	0	4.208590000000e-03	-5.039030940000e-03	2.159811080000e-05	5.951650000000e-06
0	1.460000000000e-03	0	4.208590000000e-03	-3.617958600000e-03	2.502760270000e-05	6.128600000000e-06
0	6.800000000000e-04	0	4.208590000000e-03	-3.710757670000e-03	1.954041570000e-05	6.128600000000e-06
0	-1.500000000000e-04	0	4.238160000000e-03	-3.027230190000e-03	2.228400920000e-05	6.115560000000e-06
0	-1.080000000000e-03	0	4.221950000000e-03	-4.552874610000e-03	2.091221250000e-05	6.222200000000e-06
0	-1.950000000000e-03	0	4.231480000000e-03	-3.115181550000e-03	2.502760270000e-05	6.086690000000e-06
0	-2.810000000000e-03	0	4.224810000000e-03	-4.860358100000e-03	1.816861900000e-05	6.000540000000e-06
0	-3.700000000000e-03	0	4.229580000000e-03	-3.166428800000e-03	2.296990760000e-05	6.001940000000e-06
0	-4.580000000000e-03	0	4.220990000000e-03	-3.589564860000e-03	2.777119620000e-05	6.053630000000e-06
0	-5.470000000000e-03	0	4.213360000000e-03	-3.093713110000e-03	1.954041570000e-05	6.083890000000e-06
0	-6.360000000000e-03	0	4.207640000000e-03	-4.628360420000e-03	2.091221250000e-05	6.107640000000e-06
0	-7.200000000000e-03	0	4.209550000000e-03	-4.354118390000e-03	2.228400920000e-05	6.082960000000e-06
0	-8.070000000000e-03	0	4.197150000000e-03	-5.243327400000e-03	2.571350110000e-05	6.082960000000e-06
0	-8.980000000000e-03	0	4.192380000000e-03	-5.208008350000e-03	1.816861900000e-05	6.102520000000e-06
0	-9.860000000000e-03	0	4.177120000000e-03	-4.264089450000e-03	2.159811080000e-05	6.080170000000e-06
0	-1.064000000000e-02	0	4.163770000000e-03	-5.200390520000e-03	2.091221250000e-05	6.080630000000e-06
0	-1.152000000000e-02	0	4.163770000000e-03	-3.775855530000e-03	2.091221250000e-05	5.931620000000e-06
0	-1.235000000000e-02	0	4.150420000000e-03	-4.978088260000e-03	2.365580600000e-05	6.122540000000e-06
0	-1.329000000000e-02	0	4.144700000000e-03	-3.221831230000e-03	1.611092390000e-05	6.069920000000e-06
0	-1.415000000000e-02	0	4.137070000000e-03	-5.121442050000e-03	2.228400920000e-05	6.095070000000e-06
0	-1.502000000000e-02	0	4.136120000000e-03	-4.122120720000e-03	2.159811080000e-05	6.125340000000e-06
0	-1.591000000000e-02	0	4.131350000000e-03	-4.469078440000e-03	2.228400920000e-05	5.994950000000e-06
0	-1.677000000000e-02	0	4.134210000000e-03	-2.917810390000e-03	2.571350110000e-05	5.883660000000e-06
0	-1.766000000000e-02	0	4.136120000000e-03	-3.775855530000e-03	1.885451730000e-05	5.941400000000e-06
0	-1.853000000000e-02	0	4.138980000000e-03	-3.394963820000e-03	1.816861900000e-05	5.993560000000e-06
0	-1.945000000000e-02	0	4.143740000000e-03	-5.086815530000e-03	1.679682220000e-05	6.113700000000e-06
0	-2.030000000000e-02	0	4.143740000000e-03	-4.324339590000e-03	1.611092390000e-05	5.997280000000e-06
0	-2.117000000000e-02	0	4.149470000000e-03	-4.681685260000e-03	1.542502550000e-05	6.052690000000e-06
0	-2.195000000000e-02	0	4.159000000000e-03	-3.081940090000e-03	2.091221250000e-05	6.040120000000e-06
0	-2.282000000000e-02	0	4.172350000000e-03	-4.321569470000e-03	2.365580600000e-05	5.957230000000e-06
0	-2.370000000000e-02	0	4.172350000000e-03	-2.934431120000e-03	1.611092390000e-05	5.929290000000e-06
0	-2.457000000000e-02	0	4.182850000000e-03	-4.537638940000e-03	1.885451730000e-05	6.000540000000e-06
0	-2.547000000000e-02	0	4.192380000000e-03	-3.037618150000e-03	1.885451730000e-05	5.997280000000e-06
0	-2.634000000000e-02	0	4.196200000000e-03	-3.529314720000e-03	2.022631410000e-05	6.120680000000e-06
0	-2.723000000000e-02	0	4.202870000000e-03	-3.397733940000e-03	2.159811080000e-05	6.132790000000e-06
0	-2.813000000000e-02	0	4.206690000000e-03	-2.934431120000e-03	2.091221250000e-05	6.110440000000e-06
0	-2.900000000000e-02	0	4.211460000000e-03	-4.097189620000e-03	1.679682220000e-05	6.128130000000e-06
0	-2.987000000000e-02	0	4.214320000000e-03	-3.410199490000e-03	2.091221250000e-05	6.035930000000e-06
0	-3.073000000000e-02	0	4.219080000000e-03	-5.091663250000e-03	2.022631410000e-05	5.995420000000e-06
0	-3.162000000000e-02	0	4.219080000000e-03	-4.507167610000e-03	1.405322870000e-05	5.825450000000e-06
0	-3.249000000000e-02	0	4.222900000000e-03	-3.126262040000e-03	1.473912710000e-05	6.021960000000e-06
0	-3.337000000000e-02	0	4.222900000000e-03	-3.678208750000e-03	1.542502550000e-05	6.248270000000e-06
0	-3.416000000000e-02	0	4.214320000000e-03	-3.740536480000e-03	1.816861900000e-05	6.310670000000e-06
0	-3.503000000000e-02	0	4.216220000000e-03	-3.269615820000e-03	2.022631410000e-05	6.167250000000e-06
0	-3.593000000000e-02	0	4.212410000000e-03	-3.951065720000e-03	1.748272060000e-05	6.159800000000e-06
0	-3.678000000000e-02	0	4.199060000000e-03	-2.930968470000e-03	1.679682220000e-05	6.066660000000e-06
0	-3.768000000000e-02	0	4.192380000000e-03	-3.493303140000e-03	1.748272060000e-05	6.157000000000e-06
0	-3.855000000000e-02	0	4.184750000000e-03	-3.106871190000e-03	1.405322870000e-05	6.076910000000e-06
0	-3.943000000000e-02	0	4.173310000000e-03	-3.092328050000e-03	1.748272060000e-05	6.204500000000e-06
0	-4.034000000000e-02	0	4.162820000000e-03	-3.342331510000e-03	1.542502550000e-05	6.288780000000e-06
0	-4.118000000000e-02	0	4.153280000000e-03	-2.934431120000e-03	1.130963530000e-05	6.231970000000e-06
0	-4.206000000000e-02	0	4.137070000000e-03	-4.521018220000e-03	1.268143200000e-05	6.160260000000e-06
0	-4.296000000000e-02	0	4.127530000000e-03	-3.865191950000e-03	1.130963530000e-05	6.143030000000e-06
0	-4.376000000000e-02	0	4.121810000000e-03	-5.111746630000e-03	1.473912710000e-05	6.141640000000e-06
0	-4.470000000000e-02	0	4.107510000000e-03	-4.876978830000e-03	1.130963530000e-05	6.295770000000e-06
0	-4.557000000000e-02	0	4.098920000000e-03	-4.484314110000e-03	1.816861900000e-05	6.210550000000e-06
0	-4.638000000000e-02	0	4.085570000000e-03	-4.938614030000e-03	1.816861900000e-05	6.403340000000e-06
0	-4.724000000000e-02	0	4.072220000000e-03	-3.398426470000e-03	1.679682220000e-05	6.534650000000e-06
0	-4.811000000000e-02	0	4.061730000000e-03	-4.591656310000e-03	1.336733040000e-05	6.670630000000e-06
0	-4.899000000000e-02	0	4.050280000000e-03	-3.014764650000e-03	1.336733040000e-05	6.624990000000e-06
0	-4.987000000000e-02	0	4.043610000000e-03	-4.138048920000e-03	1.611092390000e-05	6.783780000000e-06
0	-5.075000000000e-02	0	4.035980000000e-03	-2.895649420000e-03	1.748272060000e-05	6.760970000000e-06
0	-5.162000000000e-02	0	4.028350000000e-03	-3.581254490000e-03	1.199553360000e-05	6.859220000000e-06
0	-5.255000000000e-02	0	4.012140000000e-03	-2.854097600000e-03	1.473912710000e-05	6.934190000000e-06
0	-5.338000000000e-02	0	4.011180000000e-03	-3.072937200000e-03	1.405322870000e-05	6.875980000000e-06
0	-5.423000000000e-02	0	4.004510000000e-03	-3.588179800000e-03	1.130963530000e-05	6.810330000000e-06
0	-5.517000000000e-02	0	4.001650000000e-03	-2.842324580000e-03	2.022631410000e-05	6.805200000000e-06
0	-5.595000000000e-02	0	4.003550000000e-03	-3.665743200000e-03	1.473912710000e-05	6.882970000000e-06
0	-5.680000000000e-02	0	3.994970000000e-03	-2.796617580000e-03	1.542502550000e-05	6.814980000000e-06
0	-5.769000000000e-02	0	3.981620000000e-03	-4.255086550000e-03	1.473912710000e-05	7.055260000000e-06
0	-5.859000000000e-02	0	3.981620000000e-03	-2.823626260000e-03	1.542502550000e-05	6.902990000000e-06
0	-5.945000000000e-02	0	3.981620000000e-03	-4.540409070000e-03	2.022631410000e-05	6.798220000000e-06
0	-6.031000000000e-02	0	3.978760000000e-03	-2.910192560000e-03	9.937838510000e-06	6.827090000000e-06
0	-6.122000000000e-02	0	3.973040000000e-03	-4.271707280000e-03	1.679682220000e-05	6.878310000000e-06
0	-6.209000000000e-02	0	3.967310000000e-03	-2.852020010000e-03	1.542502550000e-05	6.812190000000e-06
0	-6.297000000000e-02	0	3.973040000000e-03	-4.248853780000e-03	1.748272060000e-05	6.882040000000e-06
0	-6.383000000000e-02	0	3.973040000000e-03	-2.912962680000e-03	1.542502550000e-05	6.827090000000e-06
0	-6.472000000000e-02	0	3.976850000000e-03	-3.707295020000e-03	1.405322870000e-05	6.692050000000e-06
0	-6.563000000000e-02	0	3.986390000000e-03	-3.088865400000e-03	1.542502550000e-05	6.644550000000e-06
0	-6.647000000000e-02	0	3.990200000000e-03	-3.212135800000e-03	1.748272060000e-05	6.608230000000e-06
0	-6.725000000000e-02	0	3.996880000000e-03	-3.063241770000e-03	1.816861900000e-05	6.781450000000e-06
0	-6.813000000000e-02	0	4.008320000000e-03	-2.846479760000e-03	1.268143200000e-05	6.852230000000e-06
0	-6.901000000000e-02	0	4.026440000000e-03	-4.168520250000e-03	1.542502550000e-05	6.770280000000e-06
0	-6.988000000000e-02	0	4.032160000000e-03	-3.048698630000e-03	1.816861900000e-05	6.654330000000e-06
0	-7.076000000000e-02	0	4.050280000000e-03	-4.548719430000e-03	1.130963530000e-05	6.590530000000e-06
0	-7.166000000000e-02	0	4.057910000000e-03	-3.319478010000e-03	1.542502550000e-05	6.650140000000e-06
0	-7.253000000000e-02	0	4.078890000000e-03	-4.907450170000e-03	1.542502550000e-05	6.590070000000e-06
0	-7.341000000000e-02	0	4.092250000000e-03	-4.482236510000e-03	1.268143200000e-05	6.607300000000e-06
0	-7.429000000000e-02	0	4.127530000000e-03	-3.106871190000e-03	1.679682220000e-05	6.516960000000e-06
0	-7.517000000000e-02	0	4.143740000000e-03	-3.657432840000e-03	1.473912710000e-05	6.638960000000e-06
0	-7.605000000000e-02	0	4.169490000000e-03	-3.653970180000e-03	9.937838510000e-06	6.379120000000e-06
0	-7.686000000000e-02	0	4.160910000000e-03	-4.152592060000e-03	2.365580600000e-05	6.343270000000e-06
0	-7.773000000000e-02	0	4.199060000000e-03	-3.384575870000e-03	1.748272060000e-05	6.472260000000e-06
0	-7.860000000000e-02	0	4.221950000000e-03	-3.392886230000e-03	1.611092390000e-05	6.594260000000e-06
0	-7.945000000000e-02	0	4.211460000000e-03	-3.732918650000e-03	1.542502550000e-05	6.557010000000e-06
0	-8.034000000000e-02	0	4.244830000000e-03	-3.115874080000e-03	1.816861900000e-05	6.615210000000e-06
0	-8.122000000000e-02	0	4.241020000000e-03	-4.712156600000e-03	1.748272060000e-05	6.485290000000e-06
0	-8.208000000000e-02	0	4.275350000000e-03	-4.661601880000e-03	1.405322870000e-05	6.469930000000e-06
0	-8.298000000000e-02	0	4.291560000000e-03	-5.293882120000e-03	1.611092390000e-05	6.338140000000e-06
0	-8.385000000000e-02	0	4.303960000000e-03	-5.124212170000e-03	1.405322870000e-05	6.442920000000e-06
0	-8.478000000000e-02	0	4.285840000000e-03	-4.872823650000e-03	1.748272060000e-05	6.455490000000e-06
0	-8.565000000000e-02	0	4.309680000000e-03	-5.015484910000e-03	1.679682220000e-05	6.555610000000e-06
0	-8.651000000000e-02	0	4.292520000000e-03	-5.034183230000e-03	1.199553360000e-05	6.353050000000e-06
0	-8.738000000000e-02	0	4.261050000000e-03	-5.393606490000e-03	1.885451730000e-05	6.347920000000e-06
0	-8.826000000000e-02	0	4.269630000000e-03	-4.049405030000e-03	1.268143200000e-05	6.459220000000e-06
0	-8.902000000000e-02	0	4.272490000000e-03	-5.299422360000e-03	1.336733040000e-05	6.343270000000e-06
0	-8.992000000000e-02	0	4.281070000000e-03	-3.621421260000e-03	1.473912710000e-05	6.467600000000e-06
0	-9.077000000000e-02	0	4.276310000000e-03	-4.246776190000e-03	1.336733040000e-05	6.458290000000e-06
0	-9.164000000000e-02	0	4.232440000000e-03	-3.052853820000e-03	1.816861900000e-05	6.419640000000e-06
0	-9.256000000000e-02	0	4.241020000000e-03	-3.757849740000e-03	1.679682220000e-05	6.340010000000e-06
0	-9.341000000000e-02	0	4.239110000000e-03	-3.158810960000e-03	1.679682220000e-05	6.343270000000e-06
0	-9.430000000000e-02	0	4.199060000000e-03	-3.071552140000e-03	2.159811080000e-05	6.430350000000e-06
0	-9.520000000000e-02	0	4.209550000000e-03	-3.818099880000e-03	1.885451730000e-05	6.458290000000e-06
0	-9.609000000000e-02	0	4.202870000000e-03	-3.577791840000e-03	1.611092390000e-05	6.276680000000e-06
0	-9.694000000000e-02	0	4.195240000000e-03	-5.161608810000e-03	1.748272060000e-05	6.455030000000e-06
0	-9.783000000000e-02	0	4.182850000000e-03	-4.579883300000e-03	1.473912710000e-05	6.321380000000e-06
0	-9.868000000000e-02	0	4.182850000000e-03	-4.516863030000e-03	1.268143200000e-05	6.315330000000e-06
0	-9.958000000000e-02	0	4.175220000000e-03	-5.101358670000e-03	1.816861900000e-05	6.345600000000e-06
0	-1.004700000000e-01	0	4.160910000000e-03	-3.532084840000e-03	1.473912710000e-05	6.479710000000e-06
0	-1.012300000000e-01	0	4.145650000000e-03	-5.120056990000e-03	2.228400920000e-05	6.468530000000e-06
0	-1.021000000000e-01	0	4.137070000000e-03	-3.871424720000e-03	1.954041570000e-05	6.586810000000e-06
0	-1.029700000000e-01	0	4.111320000000e-03	-3.385960930000e-03	2.022631410000e-05	6.238960000000e-06
0	-1.038700000000e-01	0	4.065540000000e-03	-3.106871190000e-03	2.159811080000e-05	6.387970000000e-06
0	-1.047400000000e-01	0	4.048380000000e-03	-3.381805750000e-03	2.159811080000e-05	6.508110000000e-06
0	-1.056500000000e-01	0	4.041700000000e-03	-3.091635520000e-03	2.022631410000e-05	6.315330000000e-06
0	-1.065400000000e-01	0	4.030260000000e-03	-2.885261460000e-03	2.159811080000e-05	6.401010000000e-06
0	-1.073900000000e-01	0	4.023580000000e-03	-4.499549770000e-03	2.365580600000e-05	6.496940000000e-06
0	-1.082800000000e-01	0	4.013090000000e-03	-2.914347740000e-03	1.748272060000e-05	6.349320000000e-06
0	-1.091800000000e-01	0	4.016910000000e-03	-4.882519070000e-03	1.473912710000e-05	6.376330000000e-06
0	-1.100700000000e-01	0	4.021670000000e-03	-3.214905920000e-03	1.816861900000e-05	6.317190000000e-06
0	-1.109300000000e-01	0	4.023580000000e-03	-4.775176860000e-03	1.885451730000e-05	6.413580000000e-06
0	-1.116900000000e-01	0	4.048380000000e-03	-3.171276510000e-03	1.748272060000e-05	6.501590000000e-06
0	-1.125500000000e-01	0	4.018810000000e-03	-4.333342480000e-03	1.542502550000e-05	6.380520000000e-06
0	-1.134400000000e-01	0	4.026440000000e-03	-2.946204140000e-03	1.748272060000e-05	6.420570000000e-06
0	-1.143400000000e-01	0	4.030260000000e-03	-4.633900670000e-03	1.336733040000e-05	6.498330000000e-06
0	-1.152000000000e-01	0	4.032160000000e-03	-3.099945880000e-03	1.816861900000e-05	6.500660000000e-06
0	-1.161000000000e-01	0	4.023580000000e-03	-4.823653990000e-03	1.816861900000e-05	6.334420000000e-06
0	-1.169700000000e-01	0	4.030260000000e-03	-3.165043740000e-03	1.748272060000e-05	6.419640000000e-06
0	-1.178500000000e-01	0	4.030260000000e-03	-4.302178620000e-03	1.473912710000e-05	6.469000000000e-06
0	-1.187400000000e-01	0	4.037890000000e-03	-4.385282260000e-03	1.748272060000e-05	6.417310000000e-06
0	-1.196100000000e-01	0	4.041700000000e-03	-3.463524330000e-03	1.268143200000e-05	6.327900000000e-06
0	-1.204700000000e-01	0	4.041700000000e-03	-4.892907030000e-03	1.611092390000e-05	6.274350000000e-06
0	-1.213500000000e-01	0	4.045520000000e-03	-3.946218000000e-03	1.130963530000e-05	6.339540000000e-06
0	-1.221400000000e-01	0	4.047420000000e-03	-2.946896670000e-03	1.816861900000e-05	6.417770000000e-06
0	-1.230200000000e-01	0	4.058870000000e-03	-4.254394020000e-03	1.268143200000e-05	6.435000000000e-06
0	-1.238800000000e-01	0	4.060780000000e-03	-2.969057640000e-03	1.679682220000e-05	6.494610000000e-06
0	-1.247700000000e-01	0	4.072220000000e-03	-4.519633160000e-03	1.268143200000e-05	6.460610000000e-06
0	-1.256700000000e-01	0	4.071270000000e-03	-4.151899520000e-03	1.611092390000e-05	6.420570000000e-06
0	-1.265300000000e-01	0	4.075080000000e-03	-3.869347130000e-03	9.937838510000e-06	6.355370000000e-06
0	-1.274100000000e-01	0	4.082710000000e-03	-4.789027470000e-03	1.473912710000e-05	6.378660000000e-06
0	-1.283100000000e-01	0	4.091290000000e-03	-3.403274190000e-03	1.268143200000e-05	6.485290000000e-06
0	-1.291800000000e-01	0	4.097010000000e-03	-4.989168750000e-03	1.130963530000e-05	6.340940000000e-06
0	-1.300500000000e-01	0	4.104640000000e-03	-2.939278830000e-03	1.816861900000e-05	6.504850000000e-06
0	-1.309100000000e-01	0	4.109410000000e-03	-4.162287480000e-03	1.611092390000e-05	6.533260000000e-06
0	-1.318500000000e-01	0	4.123720000000e-03	-3.101330940000e-03	1.679682220000e-05	6.634310000000e-06
0	-1.326800000000e-01	0	4.122760000000e-03	-3.444826010000e-03	1.611092390000e-05	6.660380000000e-06
0	-1.335500000000e-01	0	4.132300000000e-03	-2.931661000000e-03	1.542502550000e-05	6.666900000000e-06
0	-1.343500000000e-01	0	4.142790000000e-03	-3.915054140000e-03	1.748272060000e-05	6.573770000000e-06
0	-1.352200000000e-01	0	4.143740000000e-03	-3.349256820000e-03	1.199553360000e-05	6.572840000000e-06
0	-1.360900000000e-01	0	4.150420000000e-03	-3.109641310000e-03	1.336733040000e-05	6.501590000000e-06
0	-1.369500000000e-01	0	4.160910000000e-03	-3.136649990000e-03	1.268143200000e-05	6.635700000000e-06
0	-1.378600000000e-01	0	4.143740000000e-03	-3.393578760000e-03	9.937838510000e-06	6.618470000000e-06
0	-1.387100000000e-01	0	4.146610000000e-03	-2.971827760000e-03	1.336733040000e-05	6.713000000000e-06
0	-1.396100000000e-01	0	4.157100000000e-03	-3.794553850000e-03	1.679682220000e-05	6.713000000000e-06
0	-1.405300000000e-01	0	4.163770000000e-03	-2.990526080000e-03	1.679682220000e-05	6.769810000000e-06
0	-1.413700000000e-01	0	4.194290000000e-03	-5.120056990000e-03	1.336733040000e-05	6.735350000000e-06
0	-1.422400000000e-01	0	4.211460000000e-03	-3.608955710000e-03	1.611092390000e-05	6.620800000000e-06
0	-1.431200000000e-01	0	4.212410000000e-03	-5.126289770000e-03	1.405322870000e-05	6.712540000000e-06
0	-1.439300000000e-01	0	4.217180000000e-03	-3.662973080000e-03	1.542502550000e-05	6.666900000000e-06
0	-1.448100000000e-01	0	4.196200000000e-03	-4.307026330000e-03	1.748272060000e-05	6.755380000000e-06
0	-1.456400000000e-01	0	4.210500000000e-03	-2.987063430000e-03	1.885451730000e-05	6.706020000000e-06
0	-1.465500000000e-01	0	4.213360000000e-03	-3.944832940000e-03	1.473912710000e-05	6.795890000000e-06
0	-1.474000000000e-01	0	4.199060000000e-03	-2.962132340000e-03	1.473912710000e-05	7.066900000000e-06
0	-1.482700000000e-01	0	4.200970000000e-03	-3.543857850000e-03	1.405322870000e-05	6.963530000000e-06
0	-1.491600000000e-01	0	4.223850000000e-03	-3.081247560000e-03	1.611092390000e-05	6.878310000000e-06
0	-1.500900000000e-01	0	4.218130000000e-03	-3.167813860000e-03	1.542502550000e-05	6.970980000000e-06
0	-1.509300000000e-01	0	4.242930000000e-03	-4.773099270000e-03	1.199553360000e-05	6.683200000000e-06
0	-1.518100000000e-01	0	4.235300000000e-03	-3.053546350000e-03	7.194245020000e-06	6.893210000000e-06
0	-1.527300000000e-01	0	4.258190000000e-03	-4.611047160000e-03	1.473912710000e-05	7.004510000000e-06
0	-1.535800000000e-01	0	4.280120000000e-03	-3.752309500000e-03	1.199553360000e-05	6.929530000000e-06
0	-1.544500000000e-01	0	4.282980000000e-03	-5.274491270000e-03	1.268143200000e-05	6.916500000000e-06
0	-1.553500000000e-01	0	4.276310000000e-03	-4.932381260000e-03	6.508346650000e-06	6.935120000000e-06
0	-1.561100000000e-01	0	4.294430000000e-03	-5.041108530000e-03	7.880143390000e-06	6.949560000000e-06
0	-1.569700000000e-01	0	4.309680000000e-03	-5.376985760000e-03	9.937838510000e-06	7.167950000000e-06
0	-1.578600000000e-01	0	4.311590000000e-03	-3.933059930000e-03	1.748272060000e-05	7.111140000000e-06
0	-1.587500000000e-01	0	4.329710000000e-03	-4.597196560000e-03	9.251940140000e-06	7.029190000000e-06
0	-1.596100000000e-01	0	4.331620000000e-03	-3.136649990000e-03	1.130963530000e-05	7.155380000000e-06
0	-1.605000000000e-01	0	4.336390000000e-03	-3.451058780000e-03	1.336733040000e-05	7.159570000000e-06
0	-1.613700000000e-01	0	4.369770000000e-03	-3.322248130000e-03	8.566041760000e-06	7.167950000000e-06
0	-1.622700000000e-01	0	4.366900000000e-03	-3.105486120000e-03	7.880143390000e-06	7.370980000000e-06
0	-1.631600000000e-01	0	4.380260000000e-03	-5.152605920000e-03	1.130963530000e-05	7.191700000000e-06
0	-1.640200000000e-01	0	4.390750000000e-03	-3.174739160000e-03	1.199553360000e-05	7.200080000000e-06
0	-1.649200000000e-01	0	4.397420000000e-03	-5.343051770000e-03	1.130963530000e-05	7.255960000000e-06
0	-1.658000000000e-01	0	4.408870000000e-03	-3.098560820000e-03	1.542502550000e-05	7.280180000000e-06
0	-1.666700000000e-01	0	4.400280000000e-03	-4.948309460000e-03	1.199553360000e-05	7.540950000000e-06
0	-1.674200000000e-01	0	4.402190000000e-03	-3.018227300000e-03	6.508346650000e-06	7.622900000000e-06
0	-1.683000000000e-01	0	4.403140000000e-03	-4.481543980000e-03	1.405322870000e-05	7.431520000000e-06
0	-1.691800000000e-01	0	4.395510000000e-03	-3.023075010000e-03	1.062373690000e-05	7.469240000000e-06
0	-1.700600000000e-01	0	4.385020000000e-03	-4.021703810000e-03	9.937838510000e-06	7.351420000000e-06
0	-1.709700000000e-01	0	4.390750000000e-03	-3.045235980000e-03	8.566041760000e-06	7.456200000000e-06
0	-1.718400000000e-01	0	4.371670000000e-03	-3.680286340000e-03	1.199553360000e-05	7.588910000000e-06
0	-1.727100000000e-01	0	4.355460000000e-03	-3.162966150000e-03	7.880143390000e-06	7.628030000000e-06
0	-1.736100000000e-01	0	4.344020000000e-03	-2.989833550000e-03	7.194245020000e-06	7.491590000000e-06
0	-1.744700000000e-01	0	4.331620000000e-03	-4.672682370000e-03	7.880143390000e-06	7.546070000000e-06
0	-1.753300000000e-01	0	4.318270000000e-03	-3.084710210000e-03	8.566041760000e-06	7.420340000000e-06
0	-1.762400000000e-01	0	4.303010000000e-03	-4.724622150000e-03	7.880143390000e-06	7.632250000000e-06
0	-1.771000000000e-01	0	4.274400000000e-03	-2.954514500000e-03	4.450651530000e-06	7.698370000000e-06
0	-1.779800000000e-01	0	4.261050000000e-03	-4.598581620000e-03	1.130963530000e-05	7.967520000000e-06
0	-1.788500000000e-01	0	4.242930000000e-03	-2.976675470000e-03	6.508346650000e-06	7.800350000000e-06
0	-1.796100000000e-01	0	4.218130000000e-03	-5.115209280000e-03	5.136549900000e-06	7.850180000000e-06
0	-1.805100000000e-01	0	4.186660000000e-03	-3.781395770000e-03	6.508346650000e-06	7.864150000000e-06
0	-1.813800000000e-01	0	4.197150000000e-03	-5.067424680000e-03	6.508346650000e-06	7.749590000000e-06
0	-1.822700000000e-01	0	4.165680000000e-03	-3.613110890000e-03	9.251940140000e-06	8.015490000000e-06
0	-1.831600000000e-01	0	4.138020000000e-03	-4.824346520000e-03	3.078854780000e-06	7.968920000000e-06
0	-1.840100000000e-01	0	4.127530000000e-03	-3.147730480000e-03	8.566041760000e-06	7.980560000000e-06
0	-1.849300000000e-01	0	4.115130000000e-03	-4.433759390000e-03	3.078854780000e-06	8.046220000000e-06
0	-1.857900000000e-01	0	4.104640000000e-03	-2.884568930000e-03	7.194245020000e-06	8.024330000000e-06
0	-1.866600000000e-01	0	4.085570000000e-03	-3.923364500000e-03	6.508346650000e-06	8.046690000000e-06
0	-1.875700000000e-01	0	4.097010000000e-03	-2.766838770000e-03	3.078854780000e-06	8.100240000000e-06
0	-1.884400000000e-01	0	4.070310000000e-03	-3.905358710000e-03	3.078854780000e-06	8.151920000000e-06
0	-1.892200000000e-01	0	4.068400000000e-03	-2.823626260000e-03	4.450651530000e-06	8.113270000000e-06
0	-1.900900000000e-01	0	4.063640000000e-03	-2.926120760000e-03	7.194245020000e-06	8.090460000000e-06
0	-1.909500000000e-01	0	4.045520000000e-03	-3.435130580000e-03	2.392956410000e-06	8.115140000000e-06
0	-1.918500000000e-01	0	4.027400000000e-03	-2.797310110000e-03	7.194245020000e-06	8.125850000000e-06
0	-1.927500000000e-01	0	4.023580000000e-03	-3.910898950000e-03	-3.094230570000e-06	8.073690000000e-06
0	-1.936000000000e-01	0	4.030260000000e-03	-3.442748420000e-03	-1.036535450000e-06	8.190110000000e-06
0	-1.944600000000e-01	0	4.041700000000e-03	-4.919915710000e-03	-4.466027310000e-06	8.108620000000e-06
0	-1.953600000000e-01	0	4.033120000000e-03	-3.386653460000e-03	1.707058040000e-06	7.992200000000e-06
0	-1.962400000000e-01	0	4.035980000000e-03	-4.872823650000e-03	-3.094230570000e-06	8.263220000000e-06
0	-1.971100000000e-01	0	4.038840000000e-03	-3.824332660000e-03	-1.036535450000e-06	8.114670000000e-06
0	-1.980100000000e-01	0	4.038840000000e-03	-4.964237660000e-03	-3.506370780000e-07	8.191040000000e-06
0	-1.989000000000e-01	0	4.041700000000e-03	-4.439992160000e-03	3.078854780000e-06	8.219450000000e-06
0	-1.995900000000e-01	0	4.038840000000e-03	-4.857587980000e-03	2.392956410000e-06	8.279050000000e-06
0	-1.998400000000e-01	0	4.035030000000e-03	-3.609648240000e-03	-3.506370780000e-07	8.170550000000e-06
0	-1.999500000000e-01	0	4.039790000000e-03	-3.435823110000e-03	3.078854780000e-06	8.171480000000e-06

