# Filename: data_770.dat
# Timestamp: Thu Sep 05 00:30:12 2019

# Column 1:
#	end: 0.2
#	name: IPS120-10 (swept B(T))
#	size: 2
#	start: -0.2
#	type: coordinate
# Column 2:
#	end: 0
#	name: y_parameter (none)
#	size: 1
#	start: 0
#	type: coordinate
# Column 3:
#	end: 0
#	name: z_parameter (none)
#	size: 1
#	start: 0
#	type: coordinate
# Column 4:
#	name: lockin 1
#	type: value
# Column 5:
#	name: Keithley 1
#	type: value
# Column 6:
#	name: Keithley 2
#	type: value
# Column 7:
#	name: processed dIdV
#	type: value

300	-1.997900000000e-01	0	0.000000000000e+00	3.425406960000e-01	-7.785734550000e-05	0.000000000000e+00
300	-1.991400000000e-01	0	0.000000000000e+00	3.425469290000e-01	-8.197274680000e-05	0.000000000000e+00
300	-1.983400000000e-01	0	0.000000000000e+00	3.425787850000e-01	-7.305604390000e-05	0.000000000000e+00
300	-1.974800000000e-01	0	0.000000000000e+00	3.424929110000e-01	-7.991504610000e-05	0.000000000000e+00
300	-1.966500000000e-01	0	0.000000000000e+00	3.426127190000e-01	-7.648554500000e-05	0.000000000000e+00
300	-1.958700000000e-01	0	0.000000000000e+00	3.426196440000e-01	-8.060094640000e-05	0.000000000000e+00
300	-1.949600000000e-01	0	6.103560000000e-05	3.424776760000e-01	-7.785734550000e-05	0.000000000000e+00
300	-1.941100000000e-01	0	6.103560000000e-05	3.424749060000e-01	-7.785734550000e-05	0.000000000000e+00
300	-1.932500000000e-01	0	0.000000000000e+00	3.425469290000e-01	-7.374194410000e-05	0.000000000000e+00
300	-1.924300000000e-01	0	0.000000000000e+00	3.425316930000e-01	-7.785734550000e-05	0.000000000000e+00
300	-1.916000000000e-01	0	0.000000000000e+00	3.425718600000e-01	-7.648554500000e-05	0.000000000000e+00
300	-1.907100000000e-01	0	6.103560000000e-05	3.424929110000e-01	-7.442784440000e-05	0.000000000000e+00
300	-1.898200000000e-01	0	0.000000000000e+00	3.424478970000e-01	-7.717144520000e-05	0.000000000000e+00
300	-1.889400000000e-01	0	0.000000000000e+00	3.424894490000e-01	-7.442784440000e-05	0.000000000000e+00
300	-1.881100000000e-01	0	0.000000000000e+00	3.425192280000e-01	-7.511374460000e-05	0.000000000000e+00
300	-1.872100000000e-01	0	0.000000000000e+00	3.425704750000e-01	-7.648554500000e-05	0.000000000000e+00
300	-1.864100000000e-01	0	0.000000000000e+00	3.425967910000e-01	-7.922914590000e-05	0.000000000000e+00
300	-1.855400000000e-01	0	6.103560000000e-05	3.426314170000e-01	-7.442784440000e-05	0.000000000000e+00
300	-1.846800000000e-01	0	0.000000000000e+00	3.425330780000e-01	-7.099834330000e-05	0.000000000000e+00
300	-1.837800000000e-01	0	0.000000000000e+00	3.426341870000e-01	-7.648554500000e-05	0.000000000000e+00
300	-1.830100000000e-01	0	0.000000000000e+00	3.425981760000e-01	-7.648554500000e-05	0.000000000000e+00
300	-1.821200000000e-01	0	0.000000000000e+00	3.426251850000e-01	-8.265864700000e-05	0.000000000000e+00
300	-1.812500000000e-01	0	0.000000000000e+00	3.427685380000e-01	-7.991504610000e-05	0.000000000000e+00
300	-1.803600000000e-01	0	0.000000000000e+00	3.426695060000e-01	-7.717144520000e-05	0.000000000000e+00
300	-1.794600000000e-01	0	0.000000000000e+00	3.425974830000e-01	-7.717144520000e-05	0.000000000000e+00
300	-1.786000000000e-01	0	6.103560000000e-05	3.426792020000e-01	-7.991504610000e-05	0.000000000000e+00
300	-1.778400000000e-01	0	0.000000000000e+00	3.427262940000e-01	-8.334454720000e-05	0.000000000000e+00
300	-1.769400000000e-01	0	0.000000000000e+00	3.427740780000e-01	-8.197274680000e-05	0.000000000000e+00
300	-1.760700000000e-01	0	6.103560000000e-05	3.426715840000e-01	-7.785734550000e-05	0.000000000000e+00
300	-1.752100000000e-01	0	6.103560000000e-05	3.427754630000e-01	-7.717144520000e-05	0.000000000000e+00
300	-1.742900000000e-01	0	0.000000000000e+00	3.426812790000e-01	-7.648554500000e-05	0.000000000000e+00
300	-1.735400000000e-01	0	6.103560000000e-05	3.427463770000e-01	-7.785734550000e-05	0.000000000000e+00
300	-1.726900000000e-01	0	0.000000000000e+00	3.427290640000e-01	-7.785734550000e-05	0.000000000000e+00
300	-1.717800000000e-01	0	0.000000000000e+00	3.427726930000e-01	-7.991504610000e-05	0.000000000000e+00
300	-1.709100000000e-01	0	6.103560000000e-05	3.427394520000e-01	-7.648554500000e-05	0.000000000000e+00
300	-1.700500000000e-01	0	6.103560000000e-05	3.428073200000e-01	-7.854324570000e-05	0.000000000000e+00
300	-1.691700000000e-01	0	0.000000000000e+00	3.426875120000e-01	-7.785734550000e-05	0.000000000000e+00
300	-1.683600000000e-01	0	0.000000000000e+00	3.427020550000e-01	-7.785734550000e-05	0.000000000000e+00
300	-1.675400000000e-01	0	0.000000000000e+00	3.428377910000e-01	-7.648554500000e-05	0.000000000000e+00
300	-1.666500000000e-01	0	0.000000000000e+00	3.428834980000e-01	-8.128684660000e-05	0.000000000000e+00
300	-1.657400000000e-01	0	0.000000000000e+00	3.428765730000e-01	-8.540224790000e-05	0.000000000000e+00
300	-1.648800000000e-01	0	6.103560000000e-05	3.428793430000e-01	-7.648554500000e-05	0.000000000000e+00
300	-1.641000000000e-01	0	0.000000000000e+00	3.428156300000e-01	-8.128684660000e-05	0.000000000000e+00
300	-1.632400000000e-01	0	0.000000000000e+00	3.428599520000e-01	-8.265864700000e-05	0.000000000000e+00
300	-1.623400000000e-01	0	0.000000000000e+00	3.429472110000e-01	-7.237014370000e-05	0.000000000000e+00
300	-1.614300000000e-01	0	0.000000000000e+00	3.430074610000e-01	-7.579964480000e-05	0.000000000000e+00
300	-1.605700000000e-01	0	0.000000000000e+00	3.430884870000e-01	-7.579964480000e-05	0.000000000000e+00
300	-1.596900000000e-01	0	0.000000000000e+00	3.429929180000e-01	-7.854324570000e-05	0.000000000000e+00
300	-1.589000000000e-01	0	0.000000000000e+00	3.430434720000e-01	-7.717144520000e-05	0.000000000000e+00
300	-1.580600000000e-01	0	0.000000000000e+00	3.431521990000e-01	-7.854324570000e-05	0.000000000000e+00
300	-1.572100000000e-01	0	0.000000000000e+00	3.432366880000e-01	-8.265864700000e-05	0.000000000000e+00
300	-1.562900000000e-01	0	6.103560000000e-05	3.432048310000e-01	-7.717144520000e-05	0.000000000000e+00
300	-1.554200000000e-01	0	0.000000000000e+00	3.432117570000e-01	-7.099834330000e-05	0.000000000000e+00
300	-1.545300000000e-01	0	0.000000000000e+00	3.432276850000e-01	-8.128684660000e-05	0.000000000000e+00
300	-1.537600000000e-01	0	0.000000000000e+00	3.430877940000e-01	-7.922914590000e-05	0.000000000000e+00
300	-1.528900000000e-01	0	0.000000000000e+00	3.432235300000e-01	-7.922914590000e-05	0.000000000000e+00
300	-1.519800000000e-01	0	6.103560000000e-05	3.433918140000e-01	-7.374194410000e-05	0.000000000000e+00
300	-1.511300000000e-01	0	6.103560000000e-05	3.434015100000e-01	-7.785734550000e-05	0.000000000000e+00
300	-1.502400000000e-01	0	6.103560000000e-05	3.433329490000e-01	-7.648554500000e-05	0.000000000000e+00
300	-1.494700000000e-01	0	6.103560000000e-05	3.434042800000e-01	-7.442784440000e-05	0.000000000000e+00
300	-1.486200000000e-01	0	0.000000000000e+00	3.434486020000e-01	-7.648554500000e-05	0.000000000000e+00
300	-1.477400000000e-01	0	0.000000000000e+00	3.436258890000e-01	-7.717144520000e-05	0.000000000000e+00
300	-1.468600000000e-01	0	0.000000000000e+00	3.436030360000e-01	-8.060094640000e-05	0.000000000000e+00
300	-1.459900000000e-01	0	6.103560000000e-05	3.435940330000e-01	-7.922914590000e-05	0.000000000000e+00
300	-1.451000000000e-01	0	6.103560000000e-05	3.435905700000e-01	-8.265864700000e-05	0.000000000000e+00
300	-1.443300000000e-01	0	0.000000000000e+00	3.436141160000e-01	-8.060094640000e-05	0.000000000000e+00
300	-1.434200000000e-01	0	0.000000000000e+00	3.437720130000e-01	-8.060094640000e-05	0.000000000000e+00
300	-1.425600000000e-01	0	0.000000000000e+00	3.437526220000e-01	-8.403044750000e-05	0.000000000000e+00
300	-1.416800000000e-01	0	6.103560000000e-05	3.438592720000e-01	-8.403044750000e-05	0.000000000000e+00
300	-1.407900000000e-01	0	6.103560000000e-05	3.438232600000e-01	-8.608814810000e-05	0.000000000000e+00
300	-1.400200000000e-01	0	0.000000000000e+00	3.438288000000e-01	-8.128684660000e-05	0.000000000000e+00
300	-1.391600000000e-01	0	0.000000000000e+00	3.438343410000e-01	-7.717144520000e-05	0.000000000000e+00
300	-1.382700000000e-01	0	0.000000000000e+00	3.439756160000e-01	-8.334454720000e-05	0.000000000000e+00
300	-1.373900000000e-01	0	0.000000000000e+00	3.439603810000e-01	-8.540224790000e-05	0.000000000000e+00
300	-1.365000000000e-01	0	6.103560000000e-05	3.440109350000e-01	-7.991504610000e-05	0.000000000000e+00
300	-1.356300000000e-01	0	0.000000000000e+00	3.439922370000e-01	-7.991504610000e-05	0.000000000000e+00
300	-1.348300000000e-01	0	0.000000000000e+00	3.439887750000e-01	-8.403044750000e-05	0.000000000000e+00
300	-1.340000000000e-01	0	0.000000000000e+00	3.440441770000e-01	-8.265864700000e-05	0.000000000000e+00
300	-1.331000000000e-01	0	0.000000000000e+00	3.441743720000e-01	-7.854324570000e-05	0.000000000000e+00
300	-1.322200000000e-01	0	6.103560000000e-05	3.442034590000e-01	-8.334454720000e-05	0.000000000000e+00
300	-1.313300000000e-01	0	6.103560000000e-05	3.442526280000e-01	-8.060094640000e-05	0.000000000000e+00
300	-1.304500000000e-01	0	6.103560000000e-05	3.441958410000e-01	-8.677404830000e-05	0.000000000000e+00
300	-1.297100000000e-01	0	0.000000000000e+00	3.442256200000e-01	-8.334454720000e-05	0.000000000000e+00
300	-1.288100000000e-01	0	6.103560000000e-05	3.443689730000e-01	-8.197274680000e-05	0.000000000000e+00
300	-1.279300000000e-01	0	0.000000000000e+00	3.443731280000e-01	-8.265864700000e-05	0.000000000000e+00
300	-1.270600000000e-01	0	0.000000000000e+00	3.443627400000e-01	-8.060094640000e-05	0.000000000000e+00
300	-1.261700000000e-01	0	0.000000000000e+00	3.444638500000e-01	-7.511374460000e-05	0.000000000000e+00
300	-1.253800000000e-01	0	6.103560000000e-05	3.443565080000e-01	-7.648554500000e-05	0.000000000000e+00
300	-1.245200000000e-01	0	0.000000000000e+00	3.443731280000e-01	-7.922914590000e-05	0.000000000000e+00
300	-1.236300000000e-01	0	0.000000000000e+00	3.444174500000e-01	-7.579964480000e-05	0.000000000000e+00
300	-1.227600000000e-01	0	0.000000000000e+00	3.444222980000e-01	-7.991504610000e-05	0.000000000000e+00
300	-1.218600000000e-01	0	6.103560000000e-05	3.444603870000e-01	-8.128684660000e-05	0.000000000000e+00
300	-1.209900000000e-01	0	0.000000000000e+00	3.444700820000e-01	-7.991504610000e-05	0.000000000000e+00
300	-1.202200000000e-01	0	0.000000000000e+00	3.444409960000e-01	-8.197274680000e-05	0.000000000000e+00
300	-1.193600000000e-01	0	0.000000000000e+00	3.444728520000e-01	-8.265864700000e-05	0.000000000000e+00
300	-1.184800000000e-01	0	0.000000000000e+00	3.445427980000e-01	-8.471634770000e-05	0.000000000000e+00
300	-1.176100000000e-01	0	0.000000000000e+00	3.445801940000e-01	-8.265864700000e-05	0.000000000000e+00
300	-1.168300000000e-01	0	6.103560000000e-05	3.446023550000e-01	-8.403044750000e-05	0.000000000000e+00
300	-1.159500000000e-01	0	0.000000000000e+00	3.445912750000e-01	-8.334454720000e-05	0.000000000000e+00
300	-1.150700000000e-01	0	0.000000000000e+00	3.445836570000e-01	-8.128684660000e-05	0.000000000000e+00
300	-1.141800000000e-01	0	0.000000000000e+00	3.446903070000e-01	-8.334454720000e-05	0.000000000000e+00
300	-1.132600000000e-01	0	0.000000000000e+00	3.447069270000e-01	-7.854324570000e-05	0.000000000000e+00
300	-1.124500000000e-01	0	0.000000000000e+00	3.447277030000e-01	-8.265864700000e-05	0.000000000000e+00
300	-1.115200000000e-01	0	6.103560000000e-05	3.447297810000e-01	-8.265864700000e-05	0.000000000000e+00
300	-1.107500000000e-01	0	0.000000000000e+00	3.447110830000e-01	-8.197274680000e-05	0.000000000000e+00
300	-1.099100000000e-01	0	0.000000000000e+00	3.446944620000e-01	-8.265864700000e-05	0.000000000000e+00
300	-1.090400000000e-01	0	0.000000000000e+00	3.448856000000e-01	-8.265864700000e-05	0.000000000000e+00
300	-1.081400000000e-01	0	0.000000000000e+00	3.448620540000e-01	-7.991504610000e-05	0.000000000000e+00
300	-1.072500000000e-01	0	0.000000000000e+00	3.449610860000e-01	-8.471634770000e-05	0.000000000000e+00
300	-1.064800000000e-01	0	6.103560000000e-05	3.448087290000e-01	-7.922914590000e-05	0.000000000000e+00
300	-1.055900000000e-01	0	0.000000000000e+00	3.448433560000e-01	-7.785734550000e-05	0.000000000000e+00
300	-1.047300000000e-01	0	0.000000000000e+00	3.448710570000e-01	-8.334454720000e-05	0.000000000000e+00
300	-1.038500000000e-01	0	0.000000000000e+00	3.450822780000e-01	-7.991504610000e-05	0.000000000000e+00
300	-1.029500000000e-01	0	6.103560000000e-05	3.450836630000e-01	-7.854324570000e-05	0.000000000000e+00
300	-1.021800000000e-01	0	6.103560000000e-05	3.450254910000e-01	-8.471634770000e-05	0.000000000000e+00
300	-1.013100000000e-01	0	0.000000000000e+00	3.449790910000e-01	-8.128684660000e-05	0.000000000000e+00
300	-1.004500000000e-01	0	0.000000000000e+00	3.450005600000e-01	-8.334454720000e-05	0.000000000000e+00
300	-9.956000000000e-02	0	0.000000000000e+00	3.451092870000e-01	-8.197274680000e-05	0.000000000000e+00
300	-9.868000000000e-02	0	0.000000000000e+00	3.451653820000e-01	-7.991504610000e-05	0.000000000000e+00
300	-9.781000000000e-02	0	0.000000000000e+00	3.452325570000e-01	-8.403044750000e-05	0.000000000000e+00
300	-9.706000000000e-02	0	0.000000000000e+00	3.452145510000e-01	-8.334454720000e-05	0.000000000000e+00
300	-9.613000000000e-02	0	0.000000000000e+00	3.451854650000e-01	-8.197274680000e-05	0.000000000000e+00
300	-9.529000000000e-02	0	0.000000000000e+00	3.452000080000e-01	-8.197274680000e-05	0.000000000000e+00
300	-9.440000000000e-02	0	0.000000000000e+00	3.453329740000e-01	-8.128684660000e-05	0.000000000000e+00
300	-9.354000000000e-02	0	0.000000000000e+00	3.453565200000e-01	-8.128684660000e-05	0.000000000000e+00
300	-9.270000000000e-02	0	0.000000000000e+00	3.453883760000e-01	-8.403044750000e-05	0.000000000000e+00
300	-9.186000000000e-02	0	0.000000000000e+00	3.453918390000e-01	-8.060094640000e-05	0.000000000000e+00
300	-9.100000000000e-02	0	0.000000000000e+00	3.453724480000e-01	-8.060094640000e-05	0.000000000000e+00
300	-9.008000000000e-02	0	0.000000000000e+00	3.454091520000e-01	-8.128684660000e-05	0.000000000000e+00
300	-8.921000000000e-02	0	0.000000000000e+00	3.453475170000e-01	-7.854324570000e-05	0.000000000000e+00
300	-8.846000000000e-02	0	0.000000000000e+00	3.455116460000e-01	-8.128684660000e-05	0.000000000000e+00
300	-8.758000000000e-02	0	0.000000000000e+00	3.455905950000e-01	-8.128684660000e-05	0.000000000000e+00
300	-8.667000000000e-02	0	0.000000000000e+00	3.455435030000e-01	-7.854324570000e-05	0.000000000000e+00
300	-8.581000000000e-02	0	0.000000000000e+00	3.455109540000e-01	-8.128684660000e-05	0.000000000000e+00
300	-8.494000000000e-02	0	0.000000000000e+00	3.455483500000e-01	-8.197274680000e-05	0.000000000000e+00
300	-8.405000000000e-02	0	0.000000000000e+00	3.456536150000e-01	-8.128684660000e-05	0.000000000000e+00
300	-8.328000000000e-02	0	0.000000000000e+00	3.457138650000e-01	-7.991504610000e-05	0.000000000000e+00
300	-8.239000000000e-02	0	6.103560000000e-05	3.457817330000e-01	-7.785734550000e-05	0.000000000000e+00
300	-8.154000000000e-02	0	6.103560000000e-05	3.457304860000e-01	-8.060094640000e-05	0.000000000000e+00
300	-8.064000000000e-02	0	6.103560000000e-05	3.457013990000e-01	-8.197274680000e-05	0.000000000000e+00
300	-7.978000000000e-02	0	6.103560000000e-05	3.458142820000e-01	-7.785734550000e-05	0.000000000000e+00
300	-7.889000000000e-02	0	0.000000000000e+00	3.458779940000e-01	-8.197274680000e-05	0.000000000000e+00
300	-7.810000000000e-02	0	0.000000000000e+00	3.459486320000e-01	-8.265864700000e-05	0.000000000000e+00
300	-7.723000000000e-02	0	0.000000000000e+00	3.459811810000e-01	-8.540224790000e-05	0.000000000000e+00
300	-7.634000000000e-02	0	6.103560000000e-05	3.459195460000e-01	-7.374194410000e-05	0.000000000000e+00
300	-7.547000000000e-02	0	0.000000000000e+00	3.459382440000e-01	-7.717144520000e-05	0.000000000000e+00
300	-7.469000000000e-02	0	0.000000000000e+00	3.459264710000e-01	-8.265864700000e-05	0.000000000000e+00
300	-7.383000000000e-02	0	0.000000000000e+00	3.460365830000e-01	-8.197274680000e-05	0.000000000000e+00
300	-7.296000000000e-02	0	0.000000000000e+00	3.461065290000e-01	-7.854324570000e-05	0.000000000000e+00
300	-7.209000000000e-02	0	0.000000000000e+00	3.461466960000e-01	-8.197274680000e-05	0.000000000000e+00
300	-7.115000000000e-02	0	6.103560000000e-05	3.460386610000e-01	-8.265864700000e-05	0.000000000000e+00
300	-7.030000000000e-02	0	6.103560000000e-05	3.460379680000e-01	-7.922914590000e-05	0.000000000000e+00
300	-6.943000000000e-02	0	0.000000000000e+00	3.461660860000e-01	-8.060094640000e-05	0.000000000000e+00
300	-6.864000000000e-02	0	0.000000000000e+00	3.462796610000e-01	-8.403044750000e-05	0.000000000000e+00
300	-6.777000000000e-02	0	0.000000000000e+00	3.462450350000e-01	-8.128684660000e-05	0.000000000000e+00
300	-6.689000000000e-02	0	0.000000000000e+00	3.462948970000e-01	-7.991504610000e-05	0.000000000000e+00
300	-6.600000000000e-02	0	0.000000000000e+00	3.462249510000e-01	-8.128684660000e-05	0.000000000000e+00
300	-6.525000000000e-02	0	0.000000000000e+00	3.462263360000e-01	-8.265864700000e-05	0.000000000000e+00
300	-6.440000000000e-02	0	0.000000000000e+00	3.462921270000e-01	-7.922914590000e-05	0.000000000000e+00
300	-6.349000000000e-02	0	0.000000000000e+00	3.463461440000e-01	-8.265864700000e-05	0.000000000000e+00
300	-6.258000000000e-02	0	0.000000000000e+00	3.463406040000e-01	-8.128684660000e-05	0.000000000000e+00
300	-6.174000000000e-02	0	0.000000000000e+00	3.463773080000e-01	-7.922914590000e-05	0.000000000000e+00
300	-6.087000000000e-02	0	0.000000000000e+00	3.462755060000e-01	-7.991504610000e-05	0.000000000000e+00
300	-6.006000000000e-02	0	0.000000000000e+00	3.462581930000e-01	-7.991504610000e-05	0.000000000000e+00
300	-5.919000000000e-02	0	0.000000000000e+00	3.463793850000e-01	-8.403044750000e-05	0.000000000000e+00
300	-5.832000000000e-02	0	0.000000000000e+00	3.463738450000e-01	-8.608814810000e-05	0.000000000000e+00
300	-5.745000000000e-02	0	0.000000000000e+00	3.464057010000e-01	-7.854324570000e-05	0.000000000000e+00
300	-5.656000000000e-02	0	6.103560000000e-05	3.462270290000e-01	-7.991504610000e-05	0.000000000000e+00
300	-5.582000000000e-02	0	0.000000000000e+00	3.462699660000e-01	-7.785734550000e-05	0.000000000000e+00
300	-5.492000000000e-02	0	0.000000000000e+00	3.461868620000e-01	-8.060094640000e-05	0.000000000000e+00
300	-5.407000000000e-02	0	0.000000000000e+00	3.462568080000e-01	-8.403044750000e-05	0.000000000000e+00
300	-5.316000000000e-02	0	0.000000000000e+00	3.462007130000e-01	-7.991504610000e-05	0.000000000000e+00
300	-5.227000000000e-02	0	0.000000000000e+00	3.462581930000e-01	-8.197274680000e-05	0.000000000000e+00
300	-5.140000000000e-02	0	0.000000000000e+00	3.461356150000e-01	-7.922914590000e-05	0.000000000000e+00
300	-5.063000000000e-02	0	0.000000000000e+00	3.461425400000e-01	-8.060094640000e-05	0.000000000000e+00
300	-4.973000000000e-02	0	0.000000000000e+00	3.461016810000e-01	-7.991504610000e-05	0.000000000000e+00
300	-4.886000000000e-02	0	0.000000000000e+00	3.461293820000e-01	-8.334454720000e-05	0.000000000000e+00
300	-4.800000000000e-02	0	0.000000000000e+00	3.460746730000e-01	-7.717144520000e-05	0.000000000000e+00
300	-4.711000000000e-02	0	6.103560000000e-05	3.461016810000e-01	-8.471634770000e-05	0.000000000000e+00
300	-4.633000000000e-02	0	6.103560000000e-05	3.460538970000e-01	-7.579964480000e-05	0.000000000000e+00
300	-4.547000000000e-02	0	0.000000000000e+00	3.459486320000e-01	-7.922914590000e-05	0.000000000000e+00
300	-4.457000000000e-02	0	0.000000000000e+00	3.460081900000e-01	-8.197274680000e-05	0.000000000000e+00
300	-4.367000000000e-02	0	0.000000000000e+00	3.460351980000e-01	-8.265864700000e-05	0.000000000000e+00
300	-4.278000000000e-02	0	0.000000000000e+00	3.459569430000e-01	-8.265864700000e-05	0.000000000000e+00
300	-4.195000000000e-02	0	0.000000000000e+00	3.458890750000e-01	-8.128684660000e-05	0.000000000000e+00
300	-4.116000000000e-02	0	0.000000000000e+00	3.457540310000e-01	-7.991504610000e-05	0.000000000000e+00
300	-4.028000000000e-02	0	0.000000000000e+00	3.457796550000e-01	-8.265864700000e-05	0.000000000000e+00
300	-3.943000000000e-02	0	0.000000000000e+00	3.457519540000e-01	-8.403044750000e-05	0.000000000000e+00
300	-3.852000000000e-02	0	0.000000000000e+00	3.457761920000e-01	-8.334454720000e-05	0.000000000000e+00
300	-3.765000000000e-02	0	0.000000000000e+00	3.457595720000e-01	-8.128684660000e-05	0.000000000000e+00
300	-3.687000000000e-02	0	0.000000000000e+00	3.456266060000e-01	-8.060094640000e-05	0.000000000000e+00
300	-3.601000000000e-02	0	0.000000000000e+00	3.455047210000e-01	-8.197274680000e-05	0.000000000000e+00
300	-3.512000000000e-02	0	0.000000000000e+00	3.454299280000e-01	-7.579964480000e-05	0.000000000000e+00
300	-3.421000000000e-02	0	0.000000000000e+00	3.455206490000e-01	-7.991504610000e-05	0.000000000000e+00
300	-3.336000000000e-02	0	0.000000000000e+00	3.453724480000e-01	-7.922914590000e-05	0.000000000000e+00
300	-3.260000000000e-02	0	0.000000000000e+00	3.453212010000e-01	-7.785734550000e-05	0.000000000000e+00
300	-3.171000000000e-02	0	0.000000000000e+00	3.453426690000e-01	-8.128684660000e-05	0.000000000000e+00
300	-3.083000000000e-02	0	0.000000000000e+00	3.452207840000e-01	-7.511374460000e-05	0.000000000000e+00
300	-2.997000000000e-02	0	6.103560000000e-05	3.451986230000e-01	-7.717144520000e-05	0.000000000000e+00
300	-2.908000000000e-02	0	0.000000000000e+00	3.451543010000e-01	-8.197274680000e-05	0.000000000000e+00
300	-2.817000000000e-02	0	0.000000000000e+00	3.451598410000e-01	-7.717144520000e-05	0.000000000000e+00
300	-2.743000000000e-02	0	0.000000000000e+00	3.451266000000e-01	-7.717144520000e-05	0.000000000000e+00
300	-2.655000000000e-02	0	6.103560000000e-05	3.450580400000e-01	-8.060094640000e-05	0.000000000000e+00
300	-2.566000000000e-02	0	0.000000000000e+00	3.449915570000e-01	-7.717144520000e-05	0.000000000000e+00
300	-2.482000000000e-02	0	0.000000000000e+00	3.448911400000e-01	-8.403044750000e-05	0.000000000000e+00
300	-2.392000000000e-02	0	0.000000000000e+00	3.449513900000e-01	-8.334454720000e-05	0.000000000000e+00
300	-2.314000000000e-02	0	0.000000000000e+00	3.449423870000e-01	-7.854324570000e-05	0.000000000000e+00
300	-2.225000000000e-02	0	0.000000000000e+00	3.449451570000e-01	-7.442784440000e-05	0.000000000000e+00
300	-2.138000000000e-02	0	0.000000000000e+00	3.449029130000e-01	-7.374194410000e-05	0.000000000000e+00
300	-2.050000000000e-02	0	0.000000000000e+00	3.447616370000e-01	-7.579964480000e-05	0.000000000000e+00
300	-1.960000000000e-02	0	0.000000000000e+00	3.447138530000e-01	-7.991504610000e-05	0.000000000000e+00
300	-1.873000000000e-02	0	0.000000000000e+00	3.446432150000e-01	-7.511374460000e-05	0.000000000000e+00
300	-1.798000000000e-02	0	0.000000000000e+00	3.446826890000e-01	-7.579964480000e-05	0.000000000000e+00
300	-1.710000000000e-02	0	0.000000000000e+00	3.446799190000e-01	-7.511374460000e-05	0.000000000000e+00
300	-1.623000000000e-02	0	0.000000000000e+00	3.447069270000e-01	-7.237014370000e-05	0.000000000000e+00
300	-1.536000000000e-02	0	0.000000000000e+00	3.445144040000e-01	-7.031244300000e-05	0.000000000000e+00
300	-1.455000000000e-02	0	6.103560000000e-05	3.445102490000e-01	-7.648554500000e-05	0.000000000000e+00
300	-1.367000000000e-02	0	0.000000000000e+00	3.445462610000e-01	-7.579964480000e-05	0.000000000000e+00
300	-1.282000000000e-02	0	0.000000000000e+00	3.444056770000e-01	-7.579964480000e-05	0.000000000000e+00
300	-1.193000000000e-02	0	0.000000000000e+00	3.445213300000e-01	-7.648554500000e-05	0.000000000000e+00
300	-1.105000000000e-02	0	6.103560000000e-05	3.444423810000e-01	-7.648554500000e-05	0.000000000000e+00
300	-1.019000000000e-02	0	6.103560000000e-05	3.443433490000e-01	-7.648554500000e-05	0.000000000000e+00
300	-9.300000000000e-03	0	0.000000000000e+00	3.442921020000e-01	-7.168424350000e-05	0.000000000000e+00
300	-8.530000000000e-03	0	0.000000000000e+00	3.443080310000e-01	-7.305604390000e-05	0.000000000000e+00
300	-7.660000000000e-03	0	0.000000000000e+00	3.442997200000e-01	-7.305604390000e-05	0.000000000000e+00
300	-6.800000000000e-03	0	0.000000000000e+00	3.443267290000e-01	-7.305604390000e-05	0.000000000000e+00
300	-5.880000000000e-03	0	0.000000000000e+00	3.442837920000e-01	-7.237014370000e-05	0.000000000000e+00
300	-5.120000000000e-03	0	0.000000000000e+00	3.443565080000e-01	-7.785734550000e-05	0.000000000000e+00
300	-4.240000000000e-03	0	0.000000000000e+00	3.441702170000e-01	-7.374194410000e-05	0.000000000000e+00
300	-3.380000000000e-03	0	0.000000000000e+00	3.441903010000e-01	-7.442784440000e-05	0.000000000000e+00
300	-2.480000000000e-03	0	0.000000000000e+00	3.442491660000e-01	-7.168424350000e-05	0.000000000000e+00
300	-1.590000000000e-03	0	0.000000000000e+00	3.443011050000e-01	-7.717144520000e-05	0.000000000000e+00
300	-7.100000000000e-04	0	0.000000000000e+00	3.441494410000e-01	-8.265864700000e-05	0.000000000000e+00
300	1.400000000000e-04	0	6.103560000000e-05	3.441058120000e-01	-7.442784440000e-05	0.000000000000e+00
300	9.300000000000e-04	0	6.103560000000e-05	3.441369760000e-01	-7.991504610000e-05	0.000000000000e+00
300	1.800000000000e-03	0	0.000000000000e+00	3.440815730000e-01	-7.717144520000e-05	0.000000000000e+00
300	2.670000000000e-03	0	0.000000000000e+00	3.442394700000e-01	-7.511374460000e-05	0.000000000000e+00
300	3.550000000000e-03	0	0.000000000000e+00	3.442152320000e-01	-7.237014370000e-05	0.000000000000e+00
300	4.370000000000e-03	0	0.000000000000e+00	3.441563670000e-01	-7.717144520000e-05	0.000000000000e+00
300	5.210000000000e-03	0	0.000000000000e+00	3.440801880000e-01	-7.785734550000e-05	0.000000000000e+00
300	6.090000000000e-03	0	0.000000000000e+00	3.440961170000e-01	-7.168424350000e-05	0.000000000000e+00
300	6.990000000000e-03	0	0.000000000000e+00	3.441307430000e-01	-7.511374460000e-05	0.000000000000e+00
300	7.870000000000e-03	0	0.000000000000e+00	3.442152320000e-01	-7.648554500000e-05	0.000000000000e+00
300	8.730000000000e-03	0	0.000000000000e+00	3.442221570000e-01	-7.237014370000e-05	0.000000000000e+00
300	9.520000000000e-03	0	0.000000000000e+00	3.441515190000e-01	-7.785734550000e-05	0.000000000000e+00
300	1.039000000000e-02	0	0.000000000000e+00	3.441342060000e-01	-7.854324570000e-05	0.000000000000e+00
300	1.127000000000e-02	0	0.000000000000e+00	3.440317110000e-01	-7.991504610000e-05	0.000000000000e+00
300	1.213000000000e-02	0	0.000000000000e+00	3.441328210000e-01	-8.128684660000e-05	0.000000000000e+00
300	1.292000000000e-02	0	0.000000000000e+00	3.442491660000e-01	-7.922914590000e-05	0.000000000000e+00
300	1.382000000000e-02	0	0.000000000000e+00	3.442207720000e-01	-8.060094640000e-05	0.000000000000e+00
300	1.468000000000e-02	0	0.000000000000e+00	3.442512430000e-01	-7.717144520000e-05	0.000000000000e+00
300	1.558000000000e-02	0	0.000000000000e+00	3.441743720000e-01	-7.648554500000e-05	0.000000000000e+00
300	1.643000000000e-02	0	0.000000000000e+00	3.442159240000e-01	-7.785734550000e-05	0.000000000000e+00
300	1.730000000000e-02	0	0.000000000000e+00	3.442096910000e-01	-7.854324570000e-05	0.000000000000e+00
300	1.818000000000e-02	0	0.000000000000e+00	3.442837920000e-01	-7.717144520000e-05	0.000000000000e+00
300	1.896000000000e-02	0	0.000000000000e+00	3.443426570000e-01	-7.991504610000e-05	0.000000000000e+00
300	1.985000000000e-02	0	6.103560000000e-05	3.442263120000e-01	-7.991504610000e-05	0.000000000000e+00
300	2.072000000000e-02	0	0.000000000000e+00	3.442533210000e-01	-7.717144520000e-05	0.000000000000e+00
300	2.163000000000e-02	0	0.000000000000e+00	3.442630160000e-01	-7.922914590000e-05	0.000000000000e+00
300	2.248000000000e-02	0	0.000000000000e+00	3.442650940000e-01	-8.060094640000e-05	0.000000000000e+00
300	2.325000000000e-02	0	0.000000000000e+00	3.444389190000e-01	-7.511374460000e-05	0.000000000000e+00
300	2.410000000000e-02	0	0.000000000000e+00	3.443994440000e-01	-8.060094640000e-05	0.000000000000e+00
300	2.507000000000e-02	0	0.000000000000e+00	3.443433490000e-01	-8.334454720000e-05	0.000000000000e+00
300	2.590000000000e-02	0	0.000000000000e+00	3.443211890000e-01	-8.471634770000e-05	0.000000000000e+00
300	2.678000000000e-02	0	0.000000000000e+00	3.443578930000e-01	-7.854324570000e-05	0.000000000000e+00
300	2.753000000000e-02	0	0.000000000000e+00	3.443149560000e-01	-7.991504610000e-05	0.000000000000e+00
300	2.845000000000e-02	0	0.000000000000e+00	3.443530450000e-01	-8.128684660000e-05	0.000000000000e+00
300	2.930000000000e-02	0	0.000000000000e+00	3.443585850000e-01	-8.128684660000e-05	0.000000000000e+00
300	3.018000000000e-02	0	6.103560000000e-05	3.444112170000e-01	-7.922914590000e-05	0.000000000000e+00
300	3.110000000000e-02	0	0.000000000000e+00	3.443655100000e-01	-7.854324570000e-05	0.000000000000e+00
300	3.194000000000e-02	0	0.000000000000e+00	3.443883640000e-01	-8.128684660000e-05	0.000000000000e+00
300	3.267000000000e-02	0	0.000000000000e+00	3.444749300000e-01	-8.197274680000e-05	0.000000000000e+00
300	3.359000000000e-02	0	0.000000000000e+00	3.444936280000e-01	-8.265864700000e-05	0.000000000000e+00
300	3.446000000000e-02	0	0.000000000000e+00	3.444610790000e-01	-8.197274680000e-05	0.000000000000e+00
300	3.535000000000e-02	0	6.103560000000e-05	3.446168990000e-01	-8.403044750000e-05	0.000000000000e+00
300	3.622000000000e-02	0	0.000000000000e+00	3.444036000000e-01	-8.265864700000e-05	0.000000000000e+00
300	3.701000000000e-02	0	0.000000000000e+00	3.443703580000e-01	-8.128684660000e-05	0.000000000000e+00
300	3.790000000000e-02	0	0.000000000000e+00	3.444493060000e-01	-7.648554500000e-05	0.000000000000e+00
300	3.876000000000e-02	0	0.000000000000e+00	3.444264530000e-01	-8.060094640000e-05	0.000000000000e+00
300	3.963000000000e-02	0	0.000000000000e+00	3.443627400000e-01	-7.991504610000e-05	0.000000000000e+00
300	4.054000000000e-02	0	0.000000000000e+00	3.442782520000e-01	-7.854324570000e-05	0.000000000000e+00
300	4.128000000000e-02	0	0.000000000000e+00	3.442886400000e-01	-7.922914590000e-05	0.000000000000e+00
300	4.217000000000e-02	0	0.000000000000e+00	3.443329620000e-01	-7.922914590000e-05	0.000000000000e+00
300	4.311000000000e-02	0	0.000000000000e+00	3.444119100000e-01	-8.197274680000e-05	0.000000000000e+00
300	4.393000000000e-02	0	0.000000000000e+00	3.444167580000e-01	-7.785734550000e-05	0.000000000000e+00
300	4.481000000000e-02	0	6.103560000000e-05	3.475913110000e-01	-7.922914590000e-05	0.000000000000e+00
300	4.568000000000e-02	0	6.103560000000e-05	3.475144410000e-01	-8.060094640000e-05	0.000000000000e+00
300	4.644000000000e-02	0	0.000000000000e+00	3.476127800000e-01	-7.922914590000e-05	0.000000000000e+00
300	4.735000000000e-02	0	0.000000000000e+00	3.476758000000e-01	-7.854324570000e-05	0.000000000000e+00
300	4.821000000000e-02	0	0.000000000000e+00	3.476806480000e-01	-8.471634770000e-05	0.000000000000e+00
300	4.908000000000e-02	0	6.103560000000e-05	3.476363260000e-01	-7.922914590000e-05	0.000000000000e+00
300	5.000000000000e-02	0	0.000000000000e+00	3.475926970000e-01	-7.991504610000e-05	0.000000000000e+00
300	5.086000000000e-02	0	0.000000000000e+00	3.476023920000e-01	-8.060094640000e-05	0.000000000000e+00
300	5.159000000000e-02	0	0.000000000000e+00	3.476287080000e-01	-7.991504610000e-05	0.000000000000e+00
300	5.254000000000e-02	0	0.000000000000e+00	3.476418660000e-01	-8.197274680000e-05	0.000000000000e+00
300	5.340000000000e-02	0	0.000000000000e+00	3.476418660000e-01	-7.579964480000e-05	0.000000000000e+00
300	5.426000000000e-02	0	6.103560000000e-05	3.476425590000e-01	-7.922914590000e-05	0.000000000000e+00
300	5.516000000000e-02	0	0.000000000000e+00	3.475954670000e-01	-8.403044750000e-05	0.000000000000e+00
300	5.590000000000e-02	0	0.000000000000e+00	3.476287080000e-01	-8.265864700000e-05	0.000000000000e+00
300	5.678000000000e-02	0	6.103560000000e-05	3.463731530000e-01	-8.334454720000e-05	0.000000000000e+00
300	5.767000000000e-02	0	0.000000000000e+00	3.463676120000e-01	-8.334454720000e-05	0.000000000000e+00
300	5.855000000000e-02	0	0.000000000000e+00	3.463662270000e-01	-8.128684660000e-05	0.000000000000e+00
300	5.943000000000e-02	0	6.103560000000e-05	3.462838160000e-01	-8.265864700000e-05	0.000000000000e+00
300	6.030000000000e-02	0	6.103560000000e-05	3.462346470000e-01	-8.334454720000e-05	0.000000000000e+00
300	6.108000000000e-02	0	0.000000000000e+00	3.462699660000e-01	-8.060094640000e-05	0.000000000000e+00
300	6.196000000000e-02	0	0.000000000000e+00	3.462464200000e-01	-8.265864700000e-05	0.000000000000e+00
300	6.282000000000e-02	0	0.000000000000e+00	3.462935120000e-01	-8.403044750000e-05	0.000000000000e+00
300	6.371000000000e-02	0	0.000000000000e+00	3.461418480000e-01	-7.922914590000e-05	0.000000000000e+00
300	6.459000000000e-02	0	0.000000000000e+00	3.462311840000e-01	-7.991504610000e-05	0.000000000000e+00
300	6.547000000000e-02	0	0.000000000000e+00	3.462540380000e-01	-7.991504610000e-05	0.000000000000e+00
300	6.626000000000e-02	0	0.000000000000e+00	3.462422650000e-01	-8.334454720000e-05	0.000000000000e+00
300	6.713000000000e-02	0	0.000000000000e+00	3.462027900000e-01	-7.991504610000e-05	0.000000000000e+00
300	6.801000000000e-02	0	0.000000000000e+00	3.461660860000e-01	-8.197274680000e-05	0.000000000000e+00
300	6.888000000000e-02	0	6.103560000000e-05	3.460822900000e-01	-8.334454720000e-05	0.000000000000e+00
300	6.976000000000e-02	0	0.000000000000e+00	3.460996040000e-01	-7.854324570000e-05	0.000000000000e+00
300	7.055000000000e-02	0	0.000000000000e+00	3.460345060000e-01	-8.471634770000e-05	0.000000000000e+00
300	7.143000000000e-02	0	0.000000000000e+00	3.460019570000e-01	-8.471634770000e-05	0.000000000000e+00
300	7.229000000000e-02	0	0.000000000000e+00	3.459936470000e-01	-8.197274680000e-05	0.000000000000e+00
300	7.320000000000e-02	0	0.000000000000e+00	3.459666380000e-01	-8.128684660000e-05	0.000000000000e+00
300	7.408000000000e-02	0	0.000000000000e+00	3.458856120000e-01	-8.403044750000e-05	0.000000000000e+00
300	7.496000000000e-02	0	0.000000000000e+00	3.457845030000e-01	-8.265864700000e-05	0.000000000000e+00
300	7.573000000000e-02	0	0.000000000000e+00	3.457755000000e-01	-8.334454720000e-05	0.000000000000e+00
300	7.661000000000e-02	0	0.000000000000e+00	3.458558330000e-01	-7.991504610000e-05	0.000000000000e+00
300	7.745000000000e-02	0	0.000000000000e+00	3.458558330000e-01	-8.334454720000e-05	0.000000000000e+00
300	7.834000000000e-02	0	0.000000000000e+00	3.457477990000e-01	-8.334454720000e-05	0.000000000000e+00
300	7.923000000000e-02	0	0.000000000000e+00	3.456363020000e-01	-8.060094640000e-05	0.000000000000e+00
300	7.997000000000e-02	0	0.000000000000e+00	3.456951670000e-01	-8.265864700000e-05	0.000000000000e+00
300	8.085000000000e-02	0	0.000000000000e+00	3.456640030000e-01	-8.608814810000e-05	0.000000000000e+00
300	8.174000000000e-02	0	0.000000000000e+00	3.455718960000e-01	-8.128684660000e-05	0.000000000000e+00
300	8.262000000000e-02	0	0.000000000000e+00	3.456016750000e-01	-8.197274680000e-05	0.000000000000e+00
300	8.350000000000e-02	0	6.103560000000e-05	3.454590140000e-01	-8.745994860000e-05	0.000000000000e+00
300	8.439000000000e-02	0	0.000000000000e+00	3.453987640000e-01	-8.265864700000e-05	0.000000000000e+00
300	8.515000000000e-02	0	0.000000000000e+00	3.454188470000e-01	-8.265864700000e-05	0.000000000000e+00
300	8.601000000000e-02	0	0.000000000000e+00	3.453502870000e-01	-7.991504610000e-05	0.000000000000e+00
300	8.690000000000e-02	0	0.000000000000e+00	3.453655230000e-01	-8.403044750000e-05	0.000000000000e+00
300	8.780000000000e-02	0	0.000000000000e+00	3.453613670000e-01	-8.677404830000e-05	0.000000000000e+00
300	8.857000000000e-02	0	6.103560000000e-05	3.453115050000e-01	-8.060094640000e-05	0.000000000000e+00
300	8.945000000000e-02	0	0.000000000000e+00	3.451418360000e-01	-8.265864700000e-05	0.000000000000e+00
300	9.030000000000e-02	0	0.000000000000e+00	3.451113640000e-01	-8.128684660000e-05	0.000000000000e+00
300	9.123000000000e-02	0	0.000000000000e+00	3.451259080000e-01	-8.265864700000e-05	0.000000000000e+00
300	9.208000000000e-02	0	0.000000000000e+00	3.451134420000e-01	-8.951764920000e-05	0.000000000000e+00
300	9.297000000000e-02	0	6.103560000000e-05	3.450545770000e-01	-8.334454720000e-05	0.000000000000e+00
300	9.383000000000e-02	0	6.103560000000e-05	3.449929420000e-01	-8.334454720000e-05	0.000000000000e+00
300	9.463000000000e-02	0	6.103560000000e-05	3.447817200000e-01	-8.265864700000e-05	0.000000000000e+00
300	9.549000000000e-02	0	6.103560000000e-05	3.448024960000e-01	-8.403044750000e-05	0.000000000000e+00
300	9.636000000000e-02	0	0.000000000000e+00	3.448052660000e-01	-8.540224790000e-05	0.000000000000e+00
300	9.727000000000e-02	0	6.103560000000e-05	3.447844910000e-01	-8.334454720000e-05	0.000000000000e+00
300	9.816000000000e-02	0	6.103560000000e-05	3.448059590000e-01	-8.334454720000e-05	0.000000000000e+00
300	9.902000000000e-02	0	0.000000000000e+00	3.446840740000e-01	-8.128684660000e-05	0.000000000000e+00
300	9.978000000000e-02	0	0.000000000000e+00	3.445843500000e-01	-8.540224790000e-05	0.000000000000e+00
300	1.006700000000e-01	0	0.000000000000e+00	3.446009700000e-01	-8.265864700000e-05	0.000000000000e+00
300	1.015200000000e-01	0	0.000000000000e+00	3.445538780000e-01	-8.540224790000e-05	0.000000000000e+00
300	1.024000000000e-01	0	0.000000000000e+00	3.445441830000e-01	-8.128684660000e-05	0.000000000000e+00
300	1.032800000000e-01	0	6.103560000000e-05	3.445130190000e-01	-8.403044750000e-05	0.000000000000e+00
300	1.040400000000e-01	0	6.103560000000e-05	3.441425160000e-01	-8.471634770000e-05	0.000000000000e+00
300	1.049600000000e-01	0	0.000000000000e+00	3.442553980000e-01	-8.608814810000e-05	0.000000000000e+00
300	1.057900000000e-01	0	0.000000000000e+00	3.442644010000e-01	-8.128684660000e-05	0.000000000000e+00
300	1.067100000000e-01	0	0.000000000000e+00	3.443343470000e-01	-8.060094640000e-05	0.000000000000e+00
300	1.075800000000e-01	0	0.000000000000e+00	3.441833750000e-01	-8.403044750000e-05	0.000000000000e+00
300	1.084400000000e-01	0	6.103560000000e-05	3.442318520000e-01	-8.403044750000e-05	0.000000000000e+00
300	1.092300000000e-01	0	0.000000000000e+00	3.441445940000e-01	-8.403044750000e-05	0.000000000000e+00
300	1.101100000000e-01	0	0.000000000000e+00	3.439700760000e-01	-8.471634770000e-05	0.000000000000e+00
300	1.110000000000e-01	0	0.000000000000e+00	3.440552570000e-01	-8.677404830000e-05	0.000000000000e+00
300	1.118700000000e-01	0	0.000000000000e+00	3.440026250000e-01	-8.334454720000e-05	0.000000000000e+00
300	1.127500000000e-01	0	0.000000000000e+00	3.439402970000e-01	-8.677404830000e-05	0.000000000000e+00
300	1.135300000000e-01	0	6.103560000000e-05	3.438613490000e-01	-8.334454720000e-05	0.000000000000e+00
300	1.144000000000e-01	0	0.000000000000e+00	3.438274150000e-01	-7.991504610000e-05	0.000000000000e+00
300	1.152600000000e-01	0	0.000000000000e+00	3.438024840000e-01	-8.608814810000e-05	0.000000000000e+00
300	1.161600000000e-01	0	0.000000000000e+00	3.438274150000e-01	-8.334454720000e-05	0.000000000000e+00
300	1.170000000000e-01	0	0.000000000000e+00	3.438516540000e-01	-8.403044750000e-05	0.000000000000e+00
300	1.179000000000e-01	0	0.000000000000e+00	3.437754760000e-01	-8.403044750000e-05	0.000000000000e+00
300	1.186600000000e-01	0	6.103560000000e-05	3.436923720000e-01	-8.128684660000e-05	0.000000000000e+00
300	1.195600000000e-01	0	6.103560000000e-05	3.436113460000e-01	-8.540224790000e-05	0.000000000000e+00
300	1.204300000000e-01	0	0.000000000000e+00	3.436251970000e-01	-8.403044750000e-05	0.000000000000e+00
300	1.213400000000e-01	0	0.000000000000e+00	3.436168860000e-01	-8.060094640000e-05	0.000000000000e+00
300	1.221900000000e-01	0	0.000000000000e+00	3.436750590000e-01	-8.471634770000e-05	0.000000000000e+00
300	1.229800000000e-01	0	0.000000000000e+00	3.435240870000e-01	-8.471634770000e-05	0.000000000000e+00
300	1.238600000000e-01	0	0.000000000000e+00	3.434624520000e-01	-8.197274680000e-05	0.000000000000e+00
300	1.247500000000e-01	0	0.000000000000e+00	3.434326740000e-01	-8.128684660000e-05	0.000000000000e+00
300	1.256300000000e-01	0	6.103560000000e-05	3.435497110000e-01	-8.197274680000e-05	0.000000000000e+00
300	1.264800000000e-01	0	0.000000000000e+00	3.434056650000e-01	-8.403044750000e-05	0.000000000000e+00
300	1.273500000000e-01	0	0.000000000000e+00	3.433398750000e-01	-8.471634770000e-05	0.000000000000e+00
300	1.281700000000e-01	0	6.103560000000e-05	3.433391820000e-01	-8.540224790000e-05	0.000000000000e+00
300	1.289900000000e-01	0	0.000000000000e+00	3.432643890000e-01	-8.128684660000e-05	0.000000000000e+00
300	1.298900000000e-01	0	0.000000000000e+00	3.432865500000e-01	-7.991504610000e-05	0.000000000000e+00
300	1.307800000000e-01	0	0.000000000000e+00	3.432325330000e-01	-8.334454720000e-05	0.000000000000e+00
300	1.316700000000e-01	0	0.000000000000e+00	3.432089870000e-01	-8.608814810000e-05	0.000000000000e+00
300	1.324400000000e-01	0	0.000000000000e+00	3.433156360000e-01	-8.334454720000e-05	0.000000000000e+00
300	1.333000000000e-01	0	0.000000000000e+00	3.432096790000e-01	-8.128684660000e-05	0.000000000000e+00
300	1.342000000000e-01	0	6.103560000000e-05	3.429880700000e-01	-8.265864700000e-05	0.000000000000e+00
300	1.350700000000e-01	0	0.000000000000e+00	3.429693720000e-01	-8.608814810000e-05	0.000000000000e+00
300	1.359400000000e-01	0	0.000000000000e+00	3.430150780000e-01	-8.403044750000e-05	0.000000000000e+00
300	1.367100000000e-01	0	0.000000000000e+00	3.429707570000e-01	-8.197274680000e-05	0.000000000000e+00
300	1.376000000000e-01	0	0.000000000000e+00	3.428232480000e-01	-8.060094640000e-05	0.000000000000e+00
300	1.384500000000e-01	0	0.000000000000e+00	3.427997020000e-01	-7.854324570000e-05	0.000000000000e+00
300	1.393600000000e-01	0	6.103560000000e-05	3.427581500000e-01	-8.403044750000e-05	0.000000000000e+00
300	1.402500000000e-01	0	6.103560000000e-05	3.427228310000e-01	-8.128684660000e-05	0.000000000000e+00
300	1.411100000000e-01	0	0.000000000000e+00	3.427297560000e-01	-7.922914590000e-05	0.000000000000e+00
300	1.419700000000e-01	0	0.000000000000e+00	3.427352970000e-01	-7.854324570000e-05	0.000000000000e+00
300	1.427800000000e-01	0	0.000000000000e+00	3.428287880000e-01	-8.060094640000e-05	0.000000000000e+00
300	1.436100000000e-01	0	6.103560000000e-05	3.427380670000e-01	-7.922914590000e-05	0.000000000000e+00
300	1.444900000000e-01	0	6.103560000000e-05	3.425794780000e-01	-7.854324570000e-05	0.000000000000e+00
300	1.454200000000e-01	0	0.000000000000e+00	3.427235240000e-01	-8.677404830000e-05	0.000000000000e+00
300	1.461600000000e-01	0	0.000000000000e+00	3.427069030000e-01	-7.854324570000e-05	0.000000000000e+00
300	1.470300000000e-01	0	6.103560000000e-05	3.426237990000e-01	-7.511374460000e-05	0.000000000000e+00
300	1.479200000000e-01	0	6.103560000000e-05	3.425760150000e-01	-8.197274680000e-05	0.000000000000e+00
300	1.488100000000e-01	0	0.000000000000e+00	3.424783680000e-01	-7.442784440000e-05	0.000000000000e+00
300	1.496900000000e-01	0	0.000000000000e+00	3.423931870000e-01	-8.060094640000e-05	0.000000000000e+00
300	1.505400000000e-01	0	0.000000000000e+00	3.425967910000e-01	-8.197274680000e-05	0.000000000000e+00
300	1.514500000000e-01	0	0.000000000000e+00	3.424832160000e-01	-8.197274680000e-05	0.000000000000e+00
300	1.522200000000e-01	0	6.103560000000e-05	3.424049600000e-01	-8.608814810000e-05	0.000000000000e+00
300	1.530800000000e-01	0	6.103560000000e-05	3.423017730000e-01	-8.334454720000e-05	0.000000000000e+00
300	1.539600000000e-01	0	0.000000000000e+00	3.422242100000e-01	-7.442784440000e-05	0.000000000000e+00
300	1.548600000000e-01	0	0.000000000000e+00	3.422636840000e-01	-7.854324570000e-05	0.000000000000e+00
300	1.557400000000e-01	0	0.000000000000e+00	3.422297500000e-01	-7.854324570000e-05	0.000000000000e+00
300	1.565200000000e-01	0	0.000000000000e+00	3.422255950000e-01	-8.540224790000e-05	0.000000000000e+00
300	1.573600000000e-01	0	0.000000000000e+00	3.421279490000e-01	-7.991504610000e-05	0.000000000000e+00
300	1.582500000000e-01	0	0.000000000000e+00	3.420898590000e-01	-8.265864700000e-05	0.000000000000e+00
300	1.591600000000e-01	0	6.103560000000e-05	3.419783620000e-01	-7.991504610000e-05	0.000000000000e+00
300	1.600200000000e-01	0	0.000000000000e+00	3.420233770000e-01	-8.197274680000e-05	0.000000000000e+00
300	1.608200000000e-01	0	0.000000000000e+00	3.420261470000e-01	-8.197274680000e-05	0.000000000000e+00
300	1.616900000000e-01	0	0.000000000000e+00	3.420448450000e-01	-8.403044750000e-05	0.000000000000e+00
300	1.625600000000e-01	0	0.000000000000e+00	3.419852880000e-01	-7.991504610000e-05	0.000000000000e+00
300	1.634500000000e-01	0	6.103560000000e-05	3.418370860000e-01	-8.060094640000e-05	0.000000000000e+00
300	1.643400000000e-01	0	0.000000000000e+00	3.417782210000e-01	-7.922914590000e-05	0.000000000000e+00
300	1.651000000000e-01	0	0.000000000000e+00	3.419368100000e-01	-7.991504610000e-05	0.000000000000e+00
300	1.659700000000e-01	0	0.000000000000e+00	3.419132640000e-01	-8.334454720000e-05	0.000000000000e+00
300	1.668500000000e-01	0	0.000000000000e+00	3.418987210000e-01	-7.854324570000e-05	0.000000000000e+00
300	1.676800000000e-01	0	6.103560000000e-05	3.418779460000e-01	-7.785734550000e-05	0.000000000000e+00
300	1.686000000000e-01	0	6.103560000000e-05	3.417359770000e-01	-7.991504610000e-05	0.000000000000e+00
300	1.694700000000e-01	0	0.000000000000e+00	3.416314050000e-01	-8.060094640000e-05	0.000000000000e+00
300	1.702900000000e-01	0	0.000000000000e+00	3.417200490000e-01	-8.197274680000e-05	0.000000000000e+00
300	1.711400000000e-01	0	0.000000000000e+00	3.416743420000e-01	-8.334454720000e-05	0.000000000000e+00
300	1.719800000000e-01	0	6.103560000000e-05	3.415940090000e-01	-8.265864700000e-05	0.000000000000e+00
300	1.728900000000e-01	0	6.103560000000e-05	3.415877760000e-01	-8.403044750000e-05	0.000000000000e+00
300	1.737500000000e-01	0	0.000000000000e+00	3.415531490000e-01	-8.197274680000e-05	0.000000000000e+00
300	1.746500000000e-01	0	0.000000000000e+00	3.414250310000e-01	-8.540224790000e-05	0.000000000000e+00
300	1.754100000000e-01	0	0.000000000000e+00	3.414714310000e-01	-8.265864700000e-05	0.000000000000e+00
300	1.763000000000e-01	0	0.000000000000e+00	3.414977470000e-01	-8.540224790000e-05	0.000000000000e+00
300	1.771700000000e-01	0	0.000000000000e+00	3.414845890000e-01	-8.334454720000e-05	0.000000000000e+00
300	1.780500000000e-01	0	0.000000000000e+00	3.413931750000e-01	-8.540224790000e-05	0.000000000000e+00
300	1.788400000000e-01	0	0.000000000000e+00	3.413377730000e-01	-8.608814810000e-05	0.000000000000e+00
300	1.796800000000e-01	0	0.000000000000e+00	3.413197670000e-01	-8.540224790000e-05	0.000000000000e+00
300	1.805900000000e-01	0	0.000000000000e+00	3.413758620000e-01	-8.677404830000e-05	0.000000000000e+00
300	1.814400000000e-01	0	0.000000000000e+00	3.414174140000e-01	-8.197274680000e-05	0.000000000000e+00
300	1.823500000000e-01	0	0.000000000000e+00	3.413322320000e-01	-8.334454720000e-05	0.000000000000e+00
300	1.832400000000e-01	0	6.103560000000e-05	3.412075770000e-01	-8.334454720000e-05	0.000000000000e+00
300	1.840900000000e-01	0	6.103560000000e-05	3.412283530000e-01	-8.060094640000e-05	0.000000000000e+00
300	1.848600000000e-01	0	0.000000000000e+00	3.412712900000e-01	-7.717144520000e-05	0.000000000000e+00
300	1.857400000000e-01	0	0.000000000000e+00	3.413578560000e-01	-8.334454720000e-05	0.000000000000e+00
300	1.866000000000e-01	0	0.000000000000e+00	3.413225370000e-01	-8.540224790000e-05	0.000000000000e+00
300	1.875000000000e-01	0	0.000000000000e+00	3.412657500000e-01	-8.128684660000e-05	0.000000000000e+00
300	1.882800000000e-01	0	0.000000000000e+00	3.413024540000e-01	-7.854324570000e-05	0.000000000000e+00
300	1.891700000000e-01	0	0.000000000000e+00	3.412982990000e-01	-7.785734550000e-05	0.000000000000e+00
300	1.900200000000e-01	0	0.000000000000e+00	3.413336180000e-01	-7.991504610000e-05	0.000000000000e+00
300	1.909200000000e-01	0	6.103560000000e-05	3.413571640000e-01	-8.540224790000e-05	0.000000000000e+00
300	1.917900000000e-01	0	6.103560000000e-05	3.413592410000e-01	-8.334454720000e-05	0.000000000000e+00
300	1.926700000000e-01	0	0.000000000000e+00	3.413661660000e-01	-8.334454720000e-05	0.000000000000e+00
300	1.935600000000e-01	0	0.000000000000e+00	3.412906810000e-01	-8.403044750000e-05	0.000000000000e+00
300	1.943400000000e-01	0	0.000000000000e+00	3.413440050000e-01	-8.197274680000e-05	0.000000000000e+00
300	1.952000000000e-01	0	0.000000000000e+00	3.414444220000e-01	-8.540224790000e-05	0.000000000000e+00
300	1.960800000000e-01	0	0.000000000000e+00	3.414077180000e-01	-8.677404830000e-05	0.000000000000e+00
300	1.969700000000e-01	0	6.103560000000e-05	3.413509310000e-01	-7.991504610000e-05	0.000000000000e+00
300	1.978400000000e-01	0	0.000000000000e+00	3.414111810000e-01	-8.128684660000e-05	0.000000000000e+00
300	1.986100000000e-01	0	0.000000000000e+00	3.412699050000e-01	-7.991504610000e-05	0.000000000000e+00
300	1.994300000000e-01	0	0.000000000000e+00	3.412782150000e-01	-8.060094640000e-05	0.000000000000e+00
300	1.997900000000e-01	0	0.000000000000e+00	3.414374970000e-01	-8.677404830000e-05	0.000000000000e+00
300	1.998800000000e-01	0	0.000000000000e+00	3.414735080000e-01	-7.991504610000e-05	0.000000000000e+00
300	1.999700000000e-01	0	6.103560000000e-05	3.412802930000e-01	-8.471634770000e-05	0.000000000000e+00

