# Filename: data_771.dat
# Timestamp: Thu Sep 05 00:36:59 2019

# Column 1:
#	end: -0.2
#	name: IPS120-10 (swept B(T))
#	size: 2
#	start: 0.2
#	type: coordinate
# Column 2:
#	end: 0
#	name: y_parameter (none)
#	size: 1
#	start: 0
#	type: coordinate
# Column 3:
#	end: 0
#	name: z_parameter (none)
#	size: 1
#	start: 0
#	type: coordinate
# Column 4:
#	name: lockin 1
#	type: value
# Column 5:
#	name: Keithley 1
#	type: value
# Column 6:
#	name: Keithley 2
#	type: value
# Column 7:
#	name: processed dIdV
#	type: value

300	1.997800000000e-01	0	6.103560000000e-05	3.413640890000e-01	-7.717144520000e-05	0.000000000000e+00
300	1.991300000000e-01	0	6.103560000000e-05	3.412754450000e-01	-8.128684660000e-05	0.000000000000e+00
300	1.983200000000e-01	0	0.000000000000e+00	3.412546690000e-01	-8.334454720000e-05	0.000000000000e+00
300	1.975700000000e-01	0	0.000000000000e+00	3.412837550000e-01	-8.814584880000e-05	0.000000000000e+00
300	1.967600000000e-01	0	0.000000000000e+00	3.414575800000e-01	-8.608814810000e-05	0.000000000000e+00
300	1.958800000000e-01	0	0.000000000000e+00	3.414395750000e-01	-8.677404830000e-05	0.000000000000e+00
300	1.949800000000e-01	0	0.000000000000e+00	3.413426200000e-01	-8.403044750000e-05	0.000000000000e+00
300	1.941300000000e-01	0	0.000000000000e+00	3.413211520000e-01	-8.471634770000e-05	0.000000000000e+00
300	1.933200000000e-01	0	0.000000000000e+00	3.412484360000e-01	-8.334454720000e-05	0.000000000000e+00
300	1.924600000000e-01	0	0.000000000000e+00	3.412546690000e-01	-8.403044750000e-05	0.000000000000e+00
300	1.915400000000e-01	0	0.000000000000e+00	3.412837550000e-01	-8.334454720000e-05	0.000000000000e+00
300	1.906900000000e-01	0	0.000000000000e+00	3.414014850000e-01	-7.854324570000e-05	0.000000000000e+00
300	1.898500000000e-01	0	6.103560000000e-05	3.412830630000e-01	-8.403044750000e-05	0.000000000000e+00
300	1.890600000000e-01	0	0.000000000000e+00	3.413073010000e-01	-8.745994860000e-05	0.000000000000e+00
300	1.881600000000e-01	0	0.000000000000e+00	3.413114570000e-01	-8.197274680000e-05	0.000000000000e+00
300	1.872800000000e-01	0	0.000000000000e+00	3.413225370000e-01	-8.677404830000e-05	0.000000000000e+00
300	1.864300000000e-01	0	0.000000000000e+00	3.413100720000e-01	-8.334454720000e-05	0.000000000000e+00
300	1.855300000000e-01	0	0.000000000000e+00	3.413765540000e-01	-8.334454720000e-05	0.000000000000e+00
300	1.846900000000e-01	0	0.000000000000e+00	3.412629800000e-01	-8.745994860000e-05	0.000000000000e+00
300	1.839000000000e-01	0	0.000000000000e+00	3.414063330000e-01	-8.471634770000e-05	0.000000000000e+00
300	1.830300000000e-01	0	0.000000000000e+00	3.413730920000e-01	-8.745994860000e-05	0.000000000000e+00
300	1.821100000000e-01	0	0.000000000000e+00	3.414651980000e-01	-8.677404830000e-05	0.000000000000e+00
300	1.812500000000e-01	0	0.000000000000e+00	3.413938680000e-01	-8.677404830000e-05	0.000000000000e+00
300	1.803800000000e-01	0	0.000000000000e+00	3.414624280000e-01	-8.128684660000e-05	0.000000000000e+00
300	1.795600000000e-01	0	6.103560000000e-05	3.415046720000e-01	-8.608814810000e-05	0.000000000000e+00
300	1.787100000000e-01	0	6.103560000000e-05	3.414111810000e-01	-8.197274680000e-05	0.000000000000e+00
300	1.778400000000e-01	0	6.103560000000e-05	3.414485770000e-01	-8.265864700000e-05	0.000000000000e+00
300	1.769600000000e-01	0	6.103560000000e-05	3.414402670000e-01	-8.197274680000e-05	0.000000000000e+00
300	1.760700000000e-01	0	0.000000000000e+00	3.415656150000e-01	-8.265864700000e-05	0.000000000000e+00
300	1.751800000000e-01	0	0.000000000000e+00	3.415441460000e-01	-8.471634770000e-05	0.000000000000e+00
300	1.744500000000e-01	0	6.103560000000e-05	3.417207410000e-01	-8.197274680000e-05	0.000000000000e+00
300	1.735400000000e-01	0	0.000000000000e+00	3.415275260000e-01	-8.677404830000e-05	0.000000000000e+00
300	1.726900000000e-01	0	0.000000000000e+00	3.415628450000e-01	-8.334454720000e-05	0.000000000000e+00
300	1.718000000000e-01	0	0.000000000000e+00	3.415787730000e-01	-8.814584880000e-05	0.000000000000e+00
300	1.709300000000e-01	0	0.000000000000e+00	3.416978880000e-01	-8.334454720000e-05	0.000000000000e+00
300	1.701500000000e-01	0	0.000000000000e+00	3.417131240000e-01	-8.540224790000e-05	0.000000000000e+00
300	1.692500000000e-01	0	6.103560000000e-05	3.417138160000e-01	-8.540224790000e-05	0.000000000000e+00
300	1.683800000000e-01	0	0.000000000000e+00	3.417075830000e-01	-8.608814810000e-05	0.000000000000e+00
300	1.674900000000e-01	0	0.000000000000e+00	3.417269740000e-01	-8.814584880000e-05	0.000000000000e+00
300	1.666000000000e-01	0	0.000000000000e+00	3.417692180000e-01	-8.540224790000e-05	0.000000000000e+00
300	1.657500000000e-01	0	0.000000000000e+00	3.419188050000e-01	-8.471634770000e-05	0.000000000000e+00
300	1.649600000000e-01	0	0.000000000000e+00	3.419707440000e-01	-8.403044750000e-05	0.000000000000e+00
300	1.641000000000e-01	0	6.103560000000e-05	3.419458130000e-01	-8.403044750000e-05	0.000000000000e+00
300	1.632300000000e-01	0	0.000000000000e+00	3.419257300000e-01	-8.677404830000e-05	0.000000000000e+00
300	1.623400000000e-01	0	0.000000000000e+00	3.419707440000e-01	-8.814584880000e-05	0.000000000000e+00
300	1.615400000000e-01	0	0.000000000000e+00	3.420510780000e-01	-8.334454720000e-05	0.000000000000e+00
300	1.606700000000e-01	0	0.000000000000e+00	3.420081410000e-01	-8.403044750000e-05	0.000000000000e+00
300	1.598000000000e-01	0	6.103560000000e-05	3.420857040000e-01	-8.060094640000e-05	0.000000000000e+00
300	1.589100000000e-01	0	0.000000000000e+00	3.420704690000e-01	-8.745994860000e-05	0.000000000000e+00
300	1.580400000000e-01	0	0.000000000000e+00	3.420815490000e-01	-8.334454720000e-05	0.000000000000e+00
300	1.571300000000e-01	0	0.000000000000e+00	3.422304430000e-01	-8.197274680000e-05	0.000000000000e+00
300	1.563900000000e-01	0	0.000000000000e+00	3.423024660000e-01	-8.745994860000e-05	0.000000000000e+00
300	1.554600000000e-01	0	0.000000000000e+00	3.423086990000e-01	-8.540224790000e-05	0.000000000000e+00
300	1.546300000000e-01	0	6.103560000000e-05	3.424271210000e-01	-8.540224790000e-05	0.000000000000e+00
300	1.537700000000e-01	0	6.103560000000e-05	3.423682560000e-01	-8.677404830000e-05	0.000000000000e+00
300	1.528900000000e-01	0	6.103560000000e-05	3.423841840000e-01	-8.951764920000e-05	0.000000000000e+00
300	1.521100000000e-01	0	0.000000000000e+00	3.423841840000e-01	-8.403044750000e-05	0.000000000000e+00
300	1.512400000000e-01	0	0.000000000000e+00	3.425642420000e-01	-8.677404830000e-05	0.000000000000e+00
300	1.503300000000e-01	0	0.000000000000e+00	3.426812790000e-01	-8.745994860000e-05	0.000000000000e+00
300	1.494400000000e-01	0	0.000000000000e+00	3.425753220000e-01	-8.883174900000e-05	0.000000000000e+00
300	1.485800000000e-01	0	0.000000000000e+00	3.424873710000e-01	-8.608814810000e-05	0.000000000000e+00
300	1.477000000000e-01	0	0.000000000000e+00	3.425988680000e-01	-9.088944970000e-05	0.000000000000e+00
300	1.469300000000e-01	0	0.000000000000e+00	3.426570410000e-01	-9.020354950000e-05	0.000000000000e+00
300	1.460400000000e-01	0	0.000000000000e+00	3.427754630000e-01	-8.677404830000e-05	0.000000000000e+00
300	1.451500000000e-01	0	0.000000000000e+00	3.428828050000e-01	-8.540224790000e-05	0.000000000000e+00
300	1.443100000000e-01	0	6.103560000000e-05	3.427948540000e-01	-8.745994860000e-05	0.000000000000e+00
300	1.434900000000e-01	0	6.103560000000e-05	3.428488710000e-01	-8.745994860000e-05	0.000000000000e+00
300	1.426200000000e-01	0	6.103560000000e-05	3.428834980000e-01	-9.088944970000e-05	0.000000000000e+00
300	1.417700000000e-01	0	0.000000000000e+00	3.429098140000e-01	-9.020354950000e-05	0.000000000000e+00
300	1.408900000000e-01	0	0.000000000000e+00	3.430067680000e-01	-8.745994860000e-05	0.000000000000e+00
300	1.399900000000e-01	0	0.000000000000e+00	3.429832220000e-01	-8.403044750000e-05	0.000000000000e+00
300	1.391400000000e-01	0	6.103560000000e-05	3.428190930000e-01	-8.403044750000e-05	0.000000000000e+00
300	1.382500000000e-01	0	0.000000000000e+00	3.428280960000e-01	-8.540224790000e-05	0.000000000000e+00
300	1.374400000000e-01	0	0.000000000000e+00	3.428142450000e-01	-8.883174900000e-05	0.000000000000e+00
300	1.366000000000e-01	0	0.000000000000e+00	3.429901470000e-01	-8.197274680000e-05	0.000000000000e+00
300	1.356900000000e-01	0	0.000000000000e+00	3.430621700000e-01	-8.540224790000e-05	0.000000000000e+00
300	1.348100000000e-01	0	0.000000000000e+00	3.430316990000e-01	-8.608814810000e-05	0.000000000000e+00
300	1.340600000000e-01	0	6.103560000000e-05	3.429541360000e-01	-8.677404830000e-05	0.000000000000e+00
300	1.332000000000e-01	0	6.103560000000e-05	3.430552450000e-01	-8.814584880000e-05	0.000000000000e+00
300	1.323000000000e-01	0	0.000000000000e+00	3.431051070000e-01	-8.403044750000e-05	0.000000000000e+00
300	1.314200000000e-01	0	0.000000000000e+00	3.431771300000e-01	-8.334454720000e-05	0.000000000000e+00
300	1.305400000000e-01	0	0.000000000000e+00	3.431695120000e-01	-8.334454720000e-05	0.000000000000e+00
300	1.296800000000e-01	0	0.000000000000e+00	3.432775470000e-01	-8.814584880000e-05	0.000000000000e+00
300	1.289000000000e-01	0	0.000000000000e+00	3.433495700000e-01	-8.540224790000e-05	0.000000000000e+00
300	1.280100000000e-01	0	0.000000000000e+00	3.433745010000e-01	-8.471634770000e-05	0.000000000000e+00
300	1.271400000000e-01	0	0.000000000000e+00	3.433689610000e-01	-8.403044750000e-05	0.000000000000e+00
300	1.262700000000e-01	0	0.000000000000e+00	3.434804580000e-01	-8.471634770000e-05	0.000000000000e+00
300	1.253400000000e-01	0	0.000000000000e+00	3.435815670000e-01	-9.157534990000e-05	0.000000000000e+00
300	1.246100000000e-01	0	0.000000000000e+00	3.435767200000e-01	-9.157534990000e-05	0.000000000000e+00
300	1.237300000000e-01	0	0.000000000000e+00	3.435926480000e-01	-8.677404830000e-05	0.000000000000e+00
300	1.228500000000e-01	0	0.000000000000e+00	3.436009580000e-01	-8.814584880000e-05	0.000000000000e+00
300	1.219600000000e-01	0	6.103560000000e-05	3.436168860000e-01	-8.608814810000e-05	0.000000000000e+00
300	1.211300000000e-01	0	0.000000000000e+00	3.435995730000e-01	-8.334454720000e-05	0.000000000000e+00
300	1.202200000000e-01	0	0.000000000000e+00	3.437353090000e-01	-8.883174900000e-05	0.000000000000e+00
300	1.194100000000e-01	0	6.103560000000e-05	3.438308780000e-01	-8.540224790000e-05	0.000000000000e+00
300	1.185400000000e-01	0	6.103560000000e-05	3.438281080000e-01	-8.334454720000e-05	0.000000000000e+00
300	1.177000000000e-01	0	6.103560000000e-05	3.438163350000e-01	-8.677404830000e-05	0.000000000000e+00
300	1.168000000000e-01	0	0.000000000000e+00	3.438869730000e-01	-8.265864700000e-05	0.000000000000e+00
300	1.158900000000e-01	0	0.000000000000e+00	3.438613490000e-01	-8.608814810000e-05	0.000000000000e+00
300	1.150400000000e-01	0	0.000000000000e+00	3.439804640000e-01	-8.334454720000e-05	0.000000000000e+00
300	1.142600000000e-01	0	0.000000000000e+00	3.438842030000e-01	-9.088944970000e-05	0.000000000000e+00
300	1.134000000000e-01	0	0.000000000000e+00	3.438772770000e-01	-8.403044750000e-05	0.000000000000e+00
300	1.125300000000e-01	0	0.000000000000e+00	3.439894670000e-01	-8.608814810000e-05	0.000000000000e+00
300	1.116300000000e-01	0	0.000000000000e+00	3.440871140000e-01	-8.128684660000e-05	0.000000000000e+00
300	1.107600000000e-01	0	0.000000000000e+00	3.441868380000e-01	-8.403044750000e-05	0.000000000000e+00
300	1.099800000000e-01	0	6.103560000000e-05	3.441279730000e-01	-8.334454720000e-05	0.000000000000e+00
300	1.091200000000e-01	0	0.000000000000e+00	3.442124610000e-01	-8.677404830000e-05	0.000000000000e+00
300	1.082300000000e-01	0	6.103560000000e-05	3.442650940000e-01	-8.608814810000e-05	0.000000000000e+00
300	1.073300000000e-01	0	0.000000000000e+00	3.442734040000e-01	-8.334454720000e-05	0.000000000000e+00
300	1.064800000000e-01	0	0.000000000000e+00	3.443509670000e-01	-8.677404830000e-05	0.000000000000e+00
300	1.056000000000e-01	0	0.000000000000e+00	3.445164820000e-01	-8.608814810000e-05	0.000000000000e+00
300	1.048300000000e-01	0	0.000000000000e+00	3.444853180000e-01	-8.677404830000e-05	0.000000000000e+00
300	1.039300000000e-01	0	0.000000000000e+00	3.445476460000e-01	-8.677404830000e-05	0.000000000000e+00
300	1.030800000000e-01	0	0.000000000000e+00	3.445351800000e-01	-8.951764920000e-05	0.000000000000e+00
300	1.021800000000e-01	0	0.000000000000e+00	3.446716080000e-01	-8.745994860000e-05	0.000000000000e+00
300	1.013900000000e-01	0	0.000000000000e+00	3.446944620000e-01	-9.020354950000e-05	0.000000000000e+00
300	1.005000000000e-01	0	0.000000000000e+00	3.447131600000e-01	-8.540224790000e-05	0.000000000000e+00
300	9.967000000000e-02	0	0.000000000000e+00	3.448669020000e-01	-8.334454720000e-05	0.000000000000e+00
300	9.877000000000e-02	0	6.103560000000e-05	3.448308900000e-01	-8.540224790000e-05	0.000000000000e+00
300	9.788000000000e-02	0	6.103560000000e-05	3.448364300000e-01	-8.540224790000e-05	0.000000000000e+00
300	9.702000000000e-02	0	0.000000000000e+00	3.448862920000e-01	-8.471634770000e-05	0.000000000000e+00
300	9.615000000000e-02	0	0.000000000000e+00	3.450421110000e-01	-8.540224790000e-05	0.000000000000e+00
300	9.536000000000e-02	0	0.000000000000e+00	3.450677350000e-01	-8.677404830000e-05	0.000000000000e+00
300	9.448000000000e-02	0	0.000000000000e+00	3.451099790000e-01	-8.883174900000e-05	0.000000000000e+00
300	9.361000000000e-02	0	0.000000000000e+00	3.451037470000e-01	-8.471634770000e-05	0.000000000000e+00
300	9.273000000000e-02	0	0.000000000000e+00	3.451065170000e-01	-8.883174900000e-05	0.000000000000e+00
300	9.183000000000e-02	0	0.000000000000e+00	3.451570710000e-01	-8.745994860000e-05	0.000000000000e+00
300	9.107000000000e-02	0	0.000000000000e+00	3.453232780000e-01	-8.265864700000e-05	0.000000000000e+00
300	9.019000000000e-02	0	0.000000000000e+00	3.453856060000e-01	-8.745994860000e-05	0.000000000000e+00
300	8.932000000000e-02	0	0.000000000000e+00	3.453669080000e-01	-8.951764920000e-05	0.000000000000e+00
300	8.843000000000e-02	0	0.000000000000e+00	3.453634450000e-01	-8.814584880000e-05	0.000000000000e+00
300	8.759000000000e-02	0	0.000000000000e+00	3.452907290000e-01	-8.883174900000e-05	0.000000000000e+00
300	8.668000000000e-02	0	0.000000000000e+00	3.454555510000e-01	-9.294715030000e-05	0.000000000000e+00
300	8.589000000000e-02	0	0.000000000000e+00	3.454957180000e-01	-8.951764920000e-05	0.000000000000e+00
300	8.506000000000e-02	0	6.103560000000e-05	3.455982120000e-01	-8.471634770000e-05	0.000000000000e+00
300	8.416000000000e-02	0	0.000000000000e+00	3.456279910000e-01	-8.334454720000e-05	0.000000000000e+00
300	8.328000000000e-02	0	0.000000000000e+00	3.456238360000e-01	-8.471634770000e-05	0.000000000000e+00
300	8.249000000000e-02	0	0.000000000000e+00	3.457007070000e-01	-8.951764920000e-05	0.000000000000e+00
300	8.162000000000e-02	0	0.000000000000e+00	3.457048620000e-01	-8.677404830000e-05	0.000000000000e+00
300	8.074000000000e-02	0	0.000000000000e+00	3.459001550000e-01	-8.608814810000e-05	0.000000000000e+00
300	7.984000000000e-02	0	0.000000000000e+00	3.459687160000e-01	-8.540224790000e-05	0.000000000000e+00
300	7.898000000000e-02	0	0.000000000000e+00	3.459555570000e-01	-8.128684660000e-05	0.000000000000e+00
300	7.811000000000e-02	0	6.103560000000e-05	3.459375520000e-01	-8.677404830000e-05	0.000000000000e+00
300	7.732000000000e-02	0	0.000000000000e+00	3.459555570000e-01	-8.060094640000e-05	0.000000000000e+00
300	7.644000000000e-02	0	0.000000000000e+00	3.460455860000e-01	-8.608814810000e-05	0.000000000000e+00
300	7.553000000000e-02	0	0.000000000000e+00	3.460490490000e-01	-8.677404830000e-05	0.000000000000e+00
300	7.469000000000e-02	0	0.000000000000e+00	3.460795200000e-01	-8.265864700000e-05	0.000000000000e+00
300	7.379000000000e-02	0	0.000000000000e+00	3.460580520000e-01	-8.677404830000e-05	0.000000000000e+00
300	7.304000000000e-02	0	0.000000000000e+00	3.460365830000e-01	-8.883174900000e-05	0.000000000000e+00
300	7.221000000000e-02	0	0.000000000000e+00	3.460573590000e-01	-7.991504610000e-05	0.000000000000e+00
300	7.130000000000e-02	0	0.000000000000e+00	3.461092990000e-01	-8.197274680000e-05	0.000000000000e+00
300	7.039000000000e-02	0	0.000000000000e+00	3.461716270000e-01	-8.403044750000e-05	0.000000000000e+00
300	6.955000000000e-02	0	0.000000000000e+00	3.462775840000e-01	-8.265864700000e-05	0.000000000000e+00
300	6.865000000000e-02	0	0.000000000000e+00	3.462955890000e-01	-8.265864700000e-05	0.000000000000e+00
300	6.787000000000e-02	0	0.000000000000e+00	3.463814630000e-01	-8.128684660000e-05	0.000000000000e+00
300	6.702000000000e-02	0	0.000000000000e+00	3.462318770000e-01	-8.540224790000e-05	0.000000000000e+00
300	6.615000000000e-02	0	0.000000000000e+00	3.461806290000e-01	-8.265864700000e-05	0.000000000000e+00
300	6.521000000000e-02	0	0.000000000000e+00	3.463274460000e-01	-8.745994860000e-05	0.000000000000e+00
300	6.447000000000e-02	0	0.000000000000e+00	3.464680290000e-01	-8.677404830000e-05	0.000000000000e+00
300	6.360000000000e-02	0	6.103560000000e-05	3.464375580000e-01	-8.128684660000e-05	0.000000000000e+00
300	6.276000000000e-02	0	0.000000000000e+00	3.463537620000e-01	-8.677404830000e-05	0.000000000000e+00
300	6.183000000000e-02	0	6.103560000000e-05	3.464133190000e-01	-8.128684660000e-05	0.000000000000e+00
300	6.091000000000e-02	0	0.000000000000e+00	3.463316010000e-01	-8.814584880000e-05	0.000000000000e+00
300	6.010000000000e-02	0	0.000000000000e+00	3.465158140000e-01	-8.128684660000e-05	0.000000000000e+00
300	5.929000000000e-02	0	0.000000000000e+00	3.465310490000e-01	-8.608814810000e-05	0.000000000000e+00
300	5.841000000000e-02	0	0.000000000000e+00	3.464901900000e-01	-8.608814810000e-05	0.000000000000e+00
300	5.754000000000e-02	0	0.000000000000e+00	3.464804950000e-01	-8.745994860000e-05	0.000000000000e+00
300	5.667000000000e-02	0	0.000000000000e+00	3.464382500000e-01	-9.088944970000e-05	0.000000000000e+00
300	5.578000000000e-02	0	0.000000000000e+00	3.464576410000e-01	-9.157534990000e-05	0.000000000000e+00
300	5.502000000000e-02	0	0.000000000000e+00	3.464562560000e-01	-8.677404830000e-05	0.000000000000e+00
300	5.416000000000e-02	0	0.000000000000e+00	3.466148450000e-01	-8.334454720000e-05	0.000000000000e+00
300	5.324000000000e-02	0	6.103560000000e-05	3.464666440000e-01	-8.540224790000e-05	0.000000000000e+00
300	5.236000000000e-02	0	0.000000000000e+00	3.464244000000e-01	-8.951764920000e-05	0.000000000000e+00
300	5.149000000000e-02	0	0.000000000000e+00	3.465379750000e-01	-8.883174900000e-05	0.000000000000e+00
300	5.061000000000e-02	0	0.000000000000e+00	3.464991930000e-01	-8.814584880000e-05	0.000000000000e+00
300	4.981000000000e-02	0	0.000000000000e+00	3.465912990000e-01	-8.334454720000e-05	0.000000000000e+00
300	4.895000000000e-02	0	0.000000000000e+00	3.466467020000e-01	-8.814584880000e-05	0.000000000000e+00
300	4.810000000000e-02	0	0.000000000000e+00	3.465379750000e-01	-8.951764920000e-05	0.000000000000e+00
300	4.719000000000e-02	0	0.000000000000e+00	3.463870030000e-01	-8.540224790000e-05	0.000000000000e+00
300	4.630000000000e-02	0	0.000000000000e+00	3.464327100000e-01	-8.677404830000e-05	0.000000000000e+00
300	4.545000000000e-02	0	0.000000000000e+00	3.465504400000e-01	-8.677404830000e-05	0.000000000000e+00
300	4.468000000000e-02	0	0.000000000000e+00	3.465629060000e-01	-8.951764920000e-05	0.000000000000e+00
300	4.378000000000e-02	0	0.000000000000e+00	3.466058420000e-01	-8.814584880000e-05	0.000000000000e+00
300	4.289000000000e-02	0	6.103560000000e-05	3.465462850000e-01	-8.814584880000e-05	0.000000000000e+00
300	4.206000000000e-02	0	0.000000000000e+00	3.464216300000e-01	-8.745994860000e-05	0.000000000000e+00
300	4.114000000000e-02	0	0.000000000000e+00	3.464070870000e-01	-9.157534990000e-05	0.000000000000e+00
300	4.039000000000e-02	0	0.000000000000e+00	3.464527930000e-01	-8.608814810000e-05	0.000000000000e+00
300	3.952000000000e-02	0	0.000000000000e+00	3.464493310000e-01	-8.608814810000e-05	0.000000000000e+00
300	3.864000000000e-02	0	0.000000000000e+00	3.463738450000e-01	-8.814584880000e-05	0.000000000000e+00
300	3.770000000000e-02	0	0.000000000000e+00	3.463011300000e-01	-9.020354950000e-05	0.000000000000e+00
300	3.686000000000e-02	0	0.000000000000e+00	3.462304920000e-01	-8.951764920000e-05	0.000000000000e+00
300	3.603000000000e-02	0	0.000000000000e+00	3.461737040000e-01	-9.157534990000e-05	0.000000000000e+00
300	3.519000000000e-02	0	0.000000000000e+00	3.462575000000e-01	-9.226125010000e-05	0.000000000000e+00
300	3.433000000000e-02	0	0.000000000000e+00	3.462388020000e-01	-8.608814810000e-05	0.000000000000e+00
300	3.345000000000e-02	0	0.000000000000e+00	3.461937880000e-01	-8.883174900000e-05	0.000000000000e+00
300	3.257000000000e-02	0	6.103560000000e-05	3.460691320000e-01	-9.088944970000e-05	0.000000000000e+00
300	3.182000000000e-02	0	0.000000000000e+00	3.460234250000e-01	-8.677404830000e-05	0.000000000000e+00
300	3.093000000000e-02	0	0.000000000000e+00	3.460732870000e-01	-9.020354950000e-05	0.000000000000e+00
300	3.005000000000e-02	0	0.000000000000e+00	3.460802130000e-01	-8.883174900000e-05	0.000000000000e+00
300	2.912000000000e-02	0	0.000000000000e+00	3.461106840000e-01	-9.226125010000e-05	0.000000000000e+00
300	2.828000000000e-02	0	0.000000000000e+00	3.459825660000e-01	-9.157534990000e-05	0.000000000000e+00
300	2.740000000000e-02	0	6.103560000000e-05	3.458149740000e-01	-9.294715030000e-05	0.000000000000e+00
300	2.664000000000e-02	0	0.000000000000e+00	3.458101260000e-01	-8.745994860000e-05	0.000000000000e+00
300	2.576000000000e-02	0	0.000000000000e+00	3.458572180000e-01	-9.226125010000e-05	0.000000000000e+00
300	2.487000000000e-02	0	0.000000000000e+00	3.458544480000e-01	-9.157534990000e-05	0.000000000000e+00
300	2.399000000000e-02	0	0.000000000000e+00	3.457394880000e-01	-9.500485100000e-05	0.000000000000e+00
300	2.314000000000e-02	0	6.103560000000e-05	3.458627590000e-01	-9.157534990000e-05	0.000000000000e+00
300	2.233000000000e-02	0	0.000000000000e+00	3.456307610000e-01	-8.951764920000e-05	0.000000000000e+00
300	2.145000000000e-02	0	0.000000000000e+00	3.455871320000e-01	-9.363305060000e-05	0.000000000000e+00
300	2.059000000000e-02	0	0.000000000000e+00	3.455511200000e-01	-9.363305060000e-05	0.000000000000e+00
300	1.968000000000e-02	0	0.000000000000e+00	3.456252210000e-01	-9.088944970000e-05	0.000000000000e+00
300	1.883000000000e-02	0	6.103560000000e-05	3.455241120000e-01	-9.294715030000e-05	0.000000000000e+00
300	1.793000000000e-02	0	6.103560000000e-05	3.454326980000e-01	-9.157534990000e-05	0.000000000000e+00
300	1.719000000000e-02	0	0.000000000000e+00	3.454326980000e-01	-1.011779530000e-04	0.000000000000e+00
300	1.628000000000e-02	0	6.103560000000e-05	3.453682930000e-01	-9.431895080000e-05	0.000000000000e+00
300	1.542000000000e-02	0	0.000000000000e+00	3.454624770000e-01	-9.088944970000e-05	0.000000000000e+00
300	1.455000000000e-02	0	0.000000000000e+00	3.454264650000e-01	-9.363305060000e-05	0.000000000000e+00
300	1.363000000000e-02	0	6.103560000000e-05	3.454153850000e-01	-9.637665140000e-05	0.000000000000e+00
300	1.292000000000e-02	0	6.103560000000e-05	3.452900370000e-01	-9.431895080000e-05	0.000000000000e+00
300	1.203000000000e-02	0	6.103560000000e-05	3.451619190000e-01	-9.363305060000e-05	0.000000000000e+00
300	1.113000000000e-02	0	0.000000000000e+00	3.452353270000e-01	-9.500485100000e-05	0.000000000000e+00
300	1.025000000000e-02	0	0.000000000000e+00	3.452076260000e-01	-9.431895080000e-05	0.000000000000e+00
300	9.340000000000e-03	0	0.000000000000e+00	3.452284020000e-01	-9.500485100000e-05	0.000000000000e+00
300	8.490000000000e-03	0	6.103560000000e-05	3.451079020000e-01	-9.431895080000e-05	0.000000000000e+00
300	7.680000000000e-03	0	0.000000000000e+00	3.451113640000e-01	-9.569075120000e-05	0.000000000000e+00
300	6.820000000000e-03	0	0.000000000000e+00	3.450677350000e-01	-9.363305060000e-05	0.000000000000e+00
300	5.960000000000e-03	0	0.000000000000e+00	3.450282610000e-01	-9.500485100000e-05	0.000000000000e+00
300	5.080000000000e-03	0	0.000000000000e+00	3.451335250000e-01	-9.706255170000e-05	0.000000000000e+00
300	4.300000000000e-03	0	0.000000000000e+00	3.450344940000e-01	-9.843435210000e-05	0.000000000000e+00
300	3.440000000000e-03	0	0.000000000000e+00	3.449957120000e-01	-9.569075120000e-05	0.000000000000e+00
300	2.560000000000e-03	0	0.000000000000e+00	3.449382320000e-01	-9.774845190000e-05	0.000000000000e+00
300	1.670000000000e-03	0	0.000000000000e+00	3.449465420000e-01	-9.431895080000e-05	0.000000000000e+00
300	7.800000000000e-04	0	0.000000000000e+00	3.449680110000e-01	-9.500485100000e-05	0.000000000000e+00
300	-8.000000000000e-05	0	0.000000000000e+00	3.450518070000e-01	-9.294715030000e-05	0.000000000000e+00
300	-8.300000000000e-04	0	0.000000000000e+00	3.450559620000e-01	-9.294715030000e-05	0.000000000000e+00
300	-1.750000000000e-03	0	0.000000000000e+00	3.449098380000e-01	-9.294715030000e-05	0.000000000000e+00
300	-2.630000000000e-03	0	0.000000000000e+00	3.449410020000e-01	-9.226125010000e-05	0.000000000000e+00
300	-3.510000000000e-03	0	0.000000000000e+00	3.448897550000e-01	-9.431895080000e-05	0.000000000000e+00
300	-4.380000000000e-03	0	0.000000000000e+00	3.448786750000e-01	-9.500485100000e-05	0.000000000000e+00
300	-5.160000000000e-03	0	0.000000000000e+00	3.449590080000e-01	-9.569075120000e-05	0.000000000000e+00
300	-6.010000000000e-03	0	0.000000000000e+00	3.449735510000e-01	-9.637665140000e-05	0.000000000000e+00
300	-6.920000000000e-03	0	0.000000000000e+00	3.448502810000e-01	-9.774845190000e-05	0.000000000000e+00
300	-7.780000000000e-03	0	0.000000000000e+00	3.449022210000e-01	-9.363305060000e-05	0.000000000000e+00
300	-8.660000000000e-03	0	6.103560000000e-05	3.447623300000e-01	-9.226125010000e-05	0.000000000000e+00
300	-9.510000000000e-03	0	0.000000000000e+00	3.448357380000e-01	-9.774845190000e-05	0.000000000000e+00
300	-1.034000000000e-02	0	0.000000000000e+00	3.448925250000e-01	-9.774845190000e-05	0.000000000000e+00
300	-1.122000000000e-02	0	6.103560000000e-05	3.449146860000e-01	-9.774845190000e-05	0.000000000000e+00
300	-1.208000000000e-02	0	6.103560000000e-05	3.448551290000e-01	-9.980615260000e-05	0.000000000000e+00
300	-1.298000000000e-02	0	0.000000000000e+00	3.448385080000e-01	-9.912025230000e-05	0.000000000000e+00
300	-1.387000000000e-02	0	0.000000000000e+00	3.447796430000e-01	-9.569075120000e-05	0.000000000000e+00
300	-1.460000000000e-02	0	0.000000000000e+00	3.448357380000e-01	-9.431895080000e-05	0.000000000000e+00
300	-1.548000000000e-02	0	0.000000000000e+00	3.450227210000e-01	-9.637665140000e-05	0.000000000000e+00
300	-1.642000000000e-02	0	0.000000000000e+00	3.449811690000e-01	-9.774845190000e-05	0.000000000000e+00
300	-1.728000000000e-02	0	6.103560000000e-05	3.449804760000e-01	-9.294715030000e-05	0.000000000000e+00
300	-1.814000000000e-02	0	0.000000000000e+00	3.449638560000e-01	-9.500485100000e-05	0.000000000000e+00
300	-1.901000000000e-02	0	0.000000000000e+00	3.450372640000e-01	-1.004920530000e-04	0.000000000000e+00
300	-1.979000000000e-02	0	0.000000000000e+00	3.450331090000e-01	-9.912025230000e-05	0.000000000000e+00
300	-2.068000000000e-02	0	0.000000000000e+00	3.450635800000e-01	-1.011779530000e-04	0.000000000000e+00
300	-2.153000000000e-02	0	0.000000000000e+00	3.450164880000e-01	-9.500485100000e-05	0.000000000000e+00
300	-2.239000000000e-02	0	0.000000000000e+00	3.449901720000e-01	-9.226125010000e-05	0.000000000000e+00
300	-2.330000000000e-02	0	0.000000000000e+00	3.449631630000e-01	-1.004920530000e-04	0.000000000000e+00
300	-2.411000000000e-02	0	0.000000000000e+00	3.450296460000e-01	-9.706255170000e-05	0.000000000000e+00
300	-2.498000000000e-02	0	0.000000000000e+00	3.449687030000e-01	-1.004920530000e-04	0.000000000000e+00
300	-2.585000000000e-02	0	0.000000000000e+00	3.450483440000e-01	-9.774845190000e-05	0.000000000000e+00
300	-2.671000000000e-02	0	0.000000000000e+00	3.448835220000e-01	-1.011779530000e-04	0.000000000000e+00
300	-2.756000000000e-02	0	0.000000000000e+00	3.447616370000e-01	-9.843435210000e-05	0.000000000000e+00
300	-2.835000000000e-02	0	6.103560000000e-05	3.447616370000e-01	-9.980615260000e-05	0.000000000000e+00
300	-2.923000000000e-02	0	0.000000000000e+00	3.448537440000e-01	-9.912025230000e-05	0.000000000000e+00
300	-3.011000000000e-02	0	0.000000000000e+00	3.447519420000e-01	-9.774845190000e-05	0.000000000000e+00
300	-3.097000000000e-02	0	0.000000000000e+00	3.447048500000e-01	-9.706255170000e-05	0.000000000000e+00
300	-3.189000000000e-02	0	0.000000000000e+00	3.444229900000e-01	-9.843435210000e-05	0.000000000000e+00
300	-3.277000000000e-02	0	0.000000000000e+00	3.443260360000e-01	-9.569075120000e-05	0.000000000000e+00
300	-3.351000000000e-02	0	0.000000000000e+00	3.443682810000e-01	-1.004920530000e-04	0.000000000000e+00
300	-3.439000000000e-02	0	0.000000000000e+00	3.442519360000e-01	-9.912025230000e-05	0.000000000000e+00
300	-3.529000000000e-02	0	0.000000000000e+00	3.442560910000e-01	-9.637665140000e-05	0.000000000000e+00
300	-3.616000000000e-02	0	0.000000000000e+00	3.441979180000e-01	-9.980615260000e-05	0.000000000000e+00
300	-3.703000000000e-02	0	0.000000000000e+00	3.440704930000e-01	-9.774845190000e-05	0.000000000000e+00
300	-3.782000000000e-02	0	0.000000000000e+00	3.440815730000e-01	-9.569075120000e-05	0.000000000000e+00
300	-3.870000000000e-02	0	0.000000000000e+00	3.441016570000e-01	-9.500485100000e-05	0.000000000000e+00
300	-3.955000000000e-02	0	0.000000000000e+00	3.439700760000e-01	-9.500485100000e-05	0.000000000000e+00
300	-4.047000000000e-02	0	0.000000000000e+00	3.440781110000e-01	-1.011779530000e-04	0.000000000000e+00
300	-4.132000000000e-02	0	0.000000000000e+00	3.440517950000e-01	-1.011779530000e-04	0.000000000000e+00
300	-4.223000000000e-02	0	0.000000000000e+00	3.440517950000e-01	-9.912025230000e-05	0.000000000000e+00
300	-4.297000000000e-02	0	6.103560000000e-05	3.457664970000e-01	-9.912025230000e-05	0.000000000000e+00
300	-4.388000000000e-02	0	0.000000000000e+00	3.458357500000e-01	-1.004920530000e-04	0.000000000000e+00
300	-4.475000000000e-02	0	0.000000000000e+00	3.459465550000e-01	-9.980615260000e-05	0.000000000000e+00
300	-4.562000000000e-02	0	0.000000000000e+00	3.461570830000e-01	-9.569075120000e-05	0.000000000000e+00
300	-4.651000000000e-02	0	0.000000000000e+00	3.461757820000e-01	-9.843435210000e-05	0.000000000000e+00
300	-4.726000000000e-02	0	6.103560000000e-05	3.462547300000e-01	-9.431895080000e-05	0.000000000000e+00
300	-4.813000000000e-02	0	0.000000000000e+00	3.463523770000e-01	-9.294715030000e-05	0.000000000000e+00
300	-4.903000000000e-02	0	0.000000000000e+00	3.464126270000e-01	-1.011779530000e-04	0.000000000000e+00
300	-4.991000000000e-02	0	0.000000000000e+00	3.467755120000e-01	-1.039215540000e-04	0.000000000000e+00
300	-5.077000000000e-02	0	0.000000000000e+00	3.469070930000e-01	-9.637665140000e-05	0.000000000000e+00
300	-5.170000000000e-02	0	6.103560000000e-05	3.467512740000e-01	-9.774845190000e-05	0.000000000000e+00
300	-5.243000000000e-02	0	6.103560000000e-05	3.468316070000e-01	-9.912025230000e-05	0.000000000000e+00
300	-5.335000000000e-02	0	0.000000000000e+00	3.468177560000e-01	-9.569075120000e-05	0.000000000000e+00
300	-5.418000000000e-02	0	0.000000000000e+00	3.468267590000e-01	-9.774845190000e-05	0.000000000000e+00
300	-5.504000000000e-02	0	0.000000000000e+00	3.470137420000e-01	-9.637665140000e-05	0.000000000000e+00
300	-5.585000000000e-02	0	0.000000000000e+00	3.470345180000e-01	-9.980615260000e-05	0.000000000000e+00
300	-5.673000000000e-02	0	6.103560000000e-05	3.470372880000e-01	-9.912025230000e-05	0.000000000000e+00
300	-5.761000000000e-02	0	0.000000000000e+00	3.470005840000e-01	-9.569075120000e-05	0.000000000000e+00
300	-5.850000000000e-02	0	0.000000000000e+00	3.470393660000e-01	-9.500485100000e-05	0.000000000000e+00
300	-5.939000000000e-02	0	0.000000000000e+00	3.471820270000e-01	-9.500485100000e-05	0.000000000000e+00
300	-6.022000000000e-02	0	0.000000000000e+00	3.471487850000e-01	-9.706255170000e-05	0.000000000000e+00
300	-6.111000000000e-02	0	0.000000000000e+00	3.472741330000e-01	-9.706255170000e-05	0.000000000000e+00
300	-6.190000000000e-02	0	0.000000000000e+00	3.472561270000e-01	-9.980615260000e-05	0.000000000000e+00
300	-6.276000000000e-02	0	0.000000000000e+00	3.472041880000e-01	-9.706255170000e-05	0.000000000000e+00
300	-6.363000000000e-02	0	0.000000000000e+00	3.458461380000e-01	-9.706255170000e-05	0.000000000000e+00
300	-6.455000000000e-02	0	0.000000000000e+00	3.459320120000e-01	-9.912025230000e-05	0.000000000000e+00
300	-6.531000000000e-02	0	0.000000000000e+00	3.459264710000e-01	-9.980615260000e-05	0.000000000000e+00
300	-6.618000000000e-02	0	0.000000000000e+00	3.458295170000e-01	-9.980615260000e-05	0.000000000000e+00
300	-6.706000000000e-02	0	0.000000000000e+00	3.458682990000e-01	-1.025497530000e-04	0.000000000000e+00
300	-6.796000000000e-02	0	0.000000000000e+00	3.457214830000e-01	-9.912025230000e-05	0.000000000000e+00
300	-6.884000000000e-02	0	0.000000000000e+00	3.457671900000e-01	-9.774845190000e-05	0.000000000000e+00
300	-6.967000000000e-02	0	0.000000000000e+00	3.458496010000e-01	-1.011779530000e-04	0.000000000000e+00
300	-7.046000000000e-02	0	0.000000000000e+00	3.458253620000e-01	-9.912025230000e-05	0.000000000000e+00
300	-7.137000000000e-02	0	0.000000000000e+00	3.457602640000e-01	-9.431895080000e-05	0.000000000000e+00
300	-7.225000000000e-02	0	6.103560000000e-05	3.456889340000e-01	-9.706255170000e-05	0.000000000000e+00
300	-7.307000000000e-02	0	0.000000000000e+00	3.457083250000e-01	-9.706255170000e-05	0.000000000000e+00
300	-7.402000000000e-02	0	0.000000000000e+00	3.457291000000e-01	-9.569075120000e-05	0.000000000000e+00
300	-7.489000000000e-02	0	0.000000000000e+00	3.457865800000e-01	-9.569075120000e-05	0.000000000000e+00
300	-7.563000000000e-02	0	0.000000000000e+00	3.458122040000e-01	-9.500485100000e-05	0.000000000000e+00
300	-7.652000000000e-02	0	0.000000000000e+00	3.457755000000e-01	-9.637665140000e-05	0.000000000000e+00
300	-7.742000000000e-02	0	6.103560000000e-05	3.457090170000e-01	-9.157534990000e-05	0.000000000000e+00
300	-7.830000000000e-02	0	0.000000000000e+00	3.456349160000e-01	-9.157534990000e-05	0.000000000000e+00
300	-7.913000000000e-02	0	0.000000000000e+00	3.457346410000e-01	-9.569075120000e-05	0.000000000000e+00
300	-7.996000000000e-02	0	0.000000000000e+00	3.457304860000e-01	-9.020354950000e-05	0.000000000000e+00
300	-8.080000000000e-02	0	0.000000000000e+00	3.456833940000e-01	-8.608814810000e-05	0.000000000000e+00
300	-8.168000000000e-02	0	0.000000000000e+00	3.455684340000e-01	-9.157534990000e-05	0.000000000000e+00
300	-8.255000000000e-02	0	6.103560000000e-05	3.456266060000e-01	-9.226125010000e-05	0.000000000000e+00
300	-8.345000000000e-02	0	0.000000000000e+00	3.455933650000e-01	-9.706255170000e-05	0.000000000000e+00
300	-8.433000000000e-02	0	0.000000000000e+00	3.456515370000e-01	-9.226125010000e-05	0.000000000000e+00
300	-8.510000000000e-02	0	0.000000000000e+00	3.456820080000e-01	-9.500485100000e-05	0.000000000000e+00
300	-8.599000000000e-02	0	0.000000000000e+00	3.456591550000e-01	-9.706255170000e-05	0.000000000000e+00
300	-8.685000000000e-02	0	0.000000000000e+00	3.455504280000e-01	-9.431895080000e-05	0.000000000000e+00
300	-8.774000000000e-02	0	0.000000000000e+00	3.454105370000e-01	-9.363305060000e-05	0.000000000000e+00
300	-8.860000000000e-02	0	0.000000000000e+00	3.453793730000e-01	-8.951764920000e-05	0.000000000000e+00
300	-8.939000000000e-02	0	0.000000000000e+00	3.454700950000e-01	-9.088944970000e-05	0.000000000000e+00
300	-9.024000000000e-02	0	0.000000000000e+00	3.455164940000e-01	-9.088944970000e-05	0.000000000000e+00
300	-9.112000000000e-02	0	0.000000000000e+00	3.453959940000e-01	-9.088944970000e-05	0.000000000000e+00
300	-9.203000000000e-02	0	0.000000000000e+00	3.453606750000e-01	-9.500485100000e-05	0.000000000000e+00
300	-9.291000000000e-02	0	0.000000000000e+00	3.453128900000e-01	-9.500485100000e-05	0.000000000000e+00
300	-9.370000000000e-02	0	0.000000000000e+00	3.451965450000e-01	-9.226125010000e-05	0.000000000000e+00
300	-9.454000000000e-02	0	0.000000000000e+00	3.452048560000e-01	-9.500485100000e-05	0.000000000000e+00
300	-9.543000000000e-02	0	0.000000000000e+00	3.452699540000e-01	-9.569075120000e-05	0.000000000000e+00
300	-9.633000000000e-02	0	6.103560000000e-05	3.452367120000e-01	-9.226125010000e-05	0.000000000000e+00
300	-9.718000000000e-02	0	0.000000000000e+00	3.451667670000e-01	-9.226125010000e-05	0.000000000000e+00
300	-9.795000000000e-02	0	0.000000000000e+00	3.450878180000e-01	-9.020354950000e-05	0.000000000000e+00
300	-9.884000000000e-02	0	0.000000000000e+00	3.451522240000e-01	-9.637665140000e-05	0.000000000000e+00
300	-9.970000000000e-02	0	0.000000000000e+00	3.452941920000e-01	-8.951764920000e-05	0.000000000000e+00
300	-1.005900000000e-01	0	0.000000000000e+00	3.451279850000e-01	-8.814584880000e-05	0.000000000000e+00
300	-1.015000000000e-01	0	0.000000000000e+00	3.451646890000e-01	-8.814584880000e-05	0.000000000000e+00
300	-1.023600000000e-01	0	0.000000000000e+00	3.451044390000e-01	-8.814584880000e-05	0.000000000000e+00
300	-1.031400000000e-01	0	6.103560000000e-05	3.450767380000e-01	-8.814584880000e-05	0.000000000000e+00
300	-1.040200000000e-01	0	0.000000000000e+00	3.449590080000e-01	-9.157534990000e-05	0.000000000000e+00
300	-1.049100000000e-01	0	0.000000000000e+00	3.450608100000e-01	-8.951764920000e-05	0.000000000000e+00
300	-1.058000000000e-01	0	0.000000000000e+00	3.450054070000e-01	-9.020354950000e-05	0.000000000000e+00
300	-1.066300000000e-01	0	6.103560000000e-05	3.450047150000e-01	-8.951764920000e-05	0.000000000000e+00
300	-1.074300000000e-01	0	6.103560000000e-05	3.448682870000e-01	-8.814584880000e-05	0.000000000000e+00
300	-1.082900000000e-01	0	6.103560000000e-05	3.448856000000e-01	-8.745994860000e-05	0.000000000000e+00
300	-1.091600000000e-01	0	0.000000000000e+00	3.449472350000e-01	-8.814584880000e-05	0.000000000000e+00
300	-1.100700000000e-01	0	6.103560000000e-05	3.448572060000e-01	-8.883174900000e-05	0.000000000000e+00
300	-1.109600000000e-01	0	0.000000000000e+00	3.448682870000e-01	-9.226125010000e-05	0.000000000000e+00
300	-1.118200000000e-01	0	6.103560000000e-05	3.447741030000e-01	-8.677404830000e-05	0.000000000000e+00
300	-1.126000000000e-01	0	0.000000000000e+00	3.446958470000e-01	-8.540224790000e-05	0.000000000000e+00
300	-1.134700000000e-01	0	0.000000000000e+00	3.446563730000e-01	-8.540224790000e-05	0.000000000000e+00
300	-1.143600000000e-01	0	0.000000000000e+00	3.448495880000e-01	-8.540224790000e-05	0.000000000000e+00
300	-1.152400000000e-01	0	6.103560000000e-05	3.447498640000e-01	-8.471634770000e-05	0.000000000000e+00
300	-1.161400000000e-01	0	6.103560000000e-05	3.447200850000e-01	-8.814584880000e-05	0.000000000000e+00
300	-1.168900000000e-01	0	0.000000000000e+00	3.446577580000e-01	-8.334454720000e-05	0.000000000000e+00
300	-1.177400000000e-01	0	0.000000000000e+00	3.445704990000e-01	-8.197274680000e-05	0.000000000000e+00
300	-1.186200000000e-01	0	0.000000000000e+00	3.446113580000e-01	-8.677404830000e-05	0.000000000000e+00
300	-1.195200000000e-01	0	0.000000000000e+00	3.447637150000e-01	-8.265864700000e-05	0.000000000000e+00
300	-1.204000000000e-01	0	0.000000000000e+00	3.445975080000e-01	-8.403044750000e-05	0.000000000000e+00
300	-1.212700000000e-01	0	0.000000000000e+00	3.445995850000e-01	-7.991504610000e-05	0.000000000000e+00
300	-1.220800000000e-01	0	0.000000000000e+00	3.445137120000e-01	-8.814584880000e-05	0.000000000000e+00
300	-1.229200000000e-01	0	0.000000000000e+00	3.445386430000e-01	-9.020354950000e-05	0.000000000000e+00
300	-1.238100000000e-01	0	0.000000000000e+00	3.444389190000e-01	-8.128684660000e-05	0.000000000000e+00
300	-1.246600000000e-01	0	0.000000000000e+00	3.445192520000e-01	-8.814584880000e-05	0.000000000000e+00
300	-1.255700000000e-01	0	0.000000000000e+00	3.445656510000e-01	-8.951764920000e-05	0.000000000000e+00
300	-1.263300000000e-01	0	6.103560000000e-05	3.443855940000e-01	-8.745994860000e-05	0.000000000000e+00
300	-1.271900000000e-01	0	6.103560000000e-05	3.444015220000e-01	-8.814584880000e-05	0.000000000000e+00
300	-1.280900000000e-01	0	0.000000000000e+00	3.442373930000e-01	-9.088944970000e-05	0.000000000000e+00
300	-1.289900000000e-01	0	0.000000000000e+00	3.442886400000e-01	-9.020354950000e-05	0.000000000000e+00
300	-1.298600000000e-01	0	0.000000000000e+00	3.443599700000e-01	-8.677404830000e-05	0.000000000000e+00
300	-1.307000000000e-01	0	6.103560000000e-05	3.442879470000e-01	-8.677404830000e-05	0.000000000000e+00
300	-1.314900000000e-01	0	6.103560000000e-05	3.441480560000e-01	-8.540224790000e-05	0.000000000000e+00
300	-1.324000000000e-01	0	0.000000000000e+00	3.440178610000e-01	-9.020354950000e-05	0.000000000000e+00
300	-1.332600000000e-01	0	0.000000000000e+00	3.441605220000e-01	-8.540224790000e-05	0.000000000000e+00
300	-1.341600000000e-01	0	0.000000000000e+00	3.439963920000e-01	-9.363305060000e-05	0.000000000000e+00
300	-1.350300000000e-01	0	0.000000000000e+00	3.440691080000e-01	-8.745994860000e-05	0.000000000000e+00
300	-1.357900000000e-01	0	6.103560000000e-05	3.440296340000e-01	-8.883174900000e-05	0.000000000000e+00
300	-1.366800000000e-01	0	0.000000000000e+00	3.438502690000e-01	-8.883174900000e-05	0.000000000000e+00
300	-1.375800000000e-01	0	6.103560000000e-05	3.439125960000e-01	-8.951764920000e-05	0.000000000000e+00
300	-1.384700000000e-01	0	0.000000000000e+00	3.439887750000e-01	-9.157534990000e-05	0.000000000000e+00
300	-1.392800000000e-01	0	0.000000000000e+00	3.438980530000e-01	-8.951764920000e-05	0.000000000000e+00
300	-1.401000000000e-01	0	6.103560000000e-05	3.437727050000e-01	-8.265864700000e-05	0.000000000000e+00
300	-1.410000000000e-01	0	0.000000000000e+00	3.437159180000e-01	-8.540224790000e-05	0.000000000000e+00
300	-1.418400000000e-01	0	6.103560000000e-05	3.437346160000e-01	-8.883174900000e-05	0.000000000000e+00
300	-1.427200000000e-01	0	0.000000000000e+00	3.435884930000e-01	-8.471634770000e-05	0.000000000000e+00
300	-1.436400000000e-01	0	0.000000000000e+00	3.437242280000e-01	-9.088944970000e-05	0.000000000000e+00
300	-1.444900000000e-01	0	0.000000000000e+00	3.436861390000e-01	-9.088944970000e-05	0.000000000000e+00
300	-1.452700000000e-01	0	0.000000000000e+00	3.436397400000e-01	-8.334454720000e-05	0.000000000000e+00
300	-1.461200000000e-01	0	6.103560000000e-05	3.436826770000e-01	-9.157534990000e-05	0.000000000000e+00
300	-1.470100000000e-01	0	6.103560000000e-05	3.436418170000e-01	-8.334454720000e-05	0.000000000000e+00
300	-1.479000000000e-01	0	6.103560000000e-05	3.436106540000e-01	-8.608814810000e-05	0.000000000000e+00
300	-1.487900000000e-01	0	0.000000000000e+00	3.435538660000e-01	-8.540224790000e-05	0.000000000000e+00
300	-1.495500000000e-01	0	0.000000000000e+00	3.436508200000e-01	-9.294715030000e-05	0.000000000000e+00
300	-1.504400000000e-01	0	0.000000000000e+00	3.434866910000e-01	-8.951764920000e-05	0.000000000000e+00
300	-1.513000000000e-01	0	6.103560000000e-05	3.434243630000e-01	-9.569075120000e-05	0.000000000000e+00
300	-1.522100000000e-01	0	0.000000000000e+00	3.434312890000e-01	-8.677404830000e-05	0.000000000000e+00
300	-1.530800000000e-01	0	6.103560000000e-05	3.434416760000e-01	-9.088944970000e-05	0.000000000000e+00
300	-1.539400000000e-01	0	0.000000000000e+00	3.434146680000e-01	-8.677404830000e-05	0.000000000000e+00
300	-1.547200000000e-01	0	0.000000000000e+00	3.434576050000e-01	-8.883174900000e-05	0.000000000000e+00
300	-1.556100000000e-01	0	0.000000000000e+00	3.433440300000e-01	-8.883174900000e-05	0.000000000000e+00
300	-1.564800000000e-01	0	0.000000000000e+00	3.432207600000e-01	-8.540224790000e-05	0.000000000000e+00
300	-1.573600000000e-01	0	0.000000000000e+00	3.431577390000e-01	-8.951764920000e-05	0.000000000000e+00
300	-1.582300000000e-01	0	0.000000000000e+00	3.432359950000e-01	-8.745994860000e-05	0.000000000000e+00
300	-1.590300000000e-01	0	0.000000000000e+00	3.432560790000e-01	-8.883174900000e-05	0.000000000000e+00
300	-1.598800000000e-01	0	0.000000000000e+00	3.431293460000e-01	-8.951764920000e-05	0.000000000000e+00
300	-1.607700000000e-01	0	0.000000000000e+00	3.430974890000e-01	-8.883174900000e-05	0.000000000000e+00
300	-1.616500000000e-01	0	6.103560000000e-05	3.430871020000e-01	-9.226125010000e-05	0.000000000000e+00
300	-1.625100000000e-01	0	0.000000000000e+00	3.430240810000e-01	-9.020354950000e-05	0.000000000000e+00
300	-1.634200000000e-01	0	0.000000000000e+00	3.430988750000e-01	-9.088944970000e-05	0.000000000000e+00
300	-1.641800000000e-01	0	0.000000000000e+00	3.431023370000e-01	-9.020354950000e-05	0.000000000000e+00
300	-1.650600000000e-01	0	6.103560000000e-05	3.430081530000e-01	-8.883174900000e-05	0.000000000000e+00
300	-1.659200000000e-01	0	0.000000000000e+00	3.430268510000e-01	-8.677404830000e-05	0.000000000000e+00
300	-1.668000000000e-01	0	0.000000000000e+00	3.429922250000e-01	-9.226125010000e-05	0.000000000000e+00
300	-1.676200000000e-01	0	0.000000000000e+00	3.428218630000e-01	-9.294715030000e-05	0.000000000000e+00
300	-1.684700000000e-01	0	0.000000000000e+00	3.429333600000e-01	-9.088944970000e-05	0.000000000000e+00
300	-1.693200000000e-01	0	0.000000000000e+00	3.430316990000e-01	-8.128684660000e-05	0.000000000000e+00
300	-1.702300000000e-01	0	0.000000000000e+00	3.429222800000e-01	-8.677404830000e-05	0.000000000000e+00
300	-1.711100000000e-01	0	6.103560000000e-05	3.428267110000e-01	-9.020354950000e-05	0.000000000000e+00
300	-1.720000000000e-01	0	6.103560000000e-05	3.427803110000e-01	-8.951764920000e-05	0.000000000000e+00
300	-1.728600000000e-01	0	0.000000000000e+00	3.427616130000e-01	-8.883174900000e-05	0.000000000000e+00
300	-1.736600000000e-01	0	0.000000000000e+00	3.429229720000e-01	-9.020354950000e-05	0.000000000000e+00
300	-1.745200000000e-01	0	0.000000000000e+00	3.428447160000e-01	-9.088944970000e-05	0.000000000000e+00
300	-1.753700000000e-01	0	6.103560000000e-05	3.427456850000e-01	-9.363305060000e-05	0.000000000000e+00
300	-1.762900000000e-01	0	0.000000000000e+00	3.427276790000e-01	-9.157534990000e-05	0.000000000000e+00
300	-1.771500000000e-01	0	0.000000000000e+00	3.426854350000e-01	-8.334454720000e-05	0.000000000000e+00
300	-1.779400000000e-01	0	0.000000000000e+00	3.427193680000e-01	-8.745994860000e-05	0.000000000000e+00
300	-1.788000000000e-01	0	0.000000000000e+00	3.427165980000e-01	-9.226125010000e-05	0.000000000000e+00
300	-1.796900000000e-01	0	0.000000000000e+00	3.426487310000e-01	-8.883174900000e-05	0.000000000000e+00
300	-1.805800000000e-01	0	0.000000000000e+00	3.425455440000e-01	-9.088944970000e-05	0.000000000000e+00
300	-1.814400000000e-01	0	0.000000000000e+00	3.427110580000e-01	-8.951764920000e-05	0.000000000000e+00
300	-1.822900000000e-01	0	0.000000000000e+00	3.427027480000e-01	-9.431895080000e-05	0.000000000000e+00
300	-1.831100000000e-01	0	0.000000000000e+00	3.428467940000e-01	-8.883174900000e-05	0.000000000000e+00
300	-1.839600000000e-01	0	6.103560000000e-05	3.427470700000e-01	-8.608814810000e-05	0.000000000000e+00
300	-1.848300000000e-01	0	0.000000000000e+00	3.425413880000e-01	-9.088944970000e-05	0.000000000000e+00
300	-1.857600000000e-01	0	0.000000000000e+00	3.426411130000e-01	-9.363305060000e-05	0.000000000000e+00
300	-1.866200000000e-01	0	0.000000000000e+00	3.425891730000e-01	-8.608814810000e-05	0.000000000000e+00
300	-1.874100000000e-01	0	0.000000000000e+00	3.427096730000e-01	-8.883174900000e-05	0.000000000000e+00
300	-1.882700000000e-01	0	0.000000000000e+00	3.427429140000e-01	-9.226125010000e-05	0.000000000000e+00
300	-1.891400000000e-01	0	6.103560000000e-05	3.426847420000e-01	-8.883174900000e-05	0.000000000000e+00
300	-1.900100000000e-01	0	6.103560000000e-05	3.425794780000e-01	-8.745994860000e-05	0.000000000000e+00
300	-1.909100000000e-01	0	6.103560000000e-05	3.425926360000e-01	-8.677404830000e-05	0.000000000000e+00
300	-1.917000000000e-01	0	0.000000000000e+00	3.426044090000e-01	-9.294715030000e-05	0.000000000000e+00
300	-1.925500000000e-01	0	0.000000000000e+00	3.425767070000e-01	-9.294715030000e-05	0.000000000000e+00
300	-1.934100000000e-01	0	0.000000000000e+00	3.426972080000e-01	-8.745994860000e-05	0.000000000000e+00
300	-1.943200000000e-01	0	0.000000000000e+00	3.426390350000e-01	-9.088944970000e-05	0.000000000000e+00
300	-1.952000000000e-01	0	0.000000000000e+00	3.425109170000e-01	-9.020354950000e-05	0.000000000000e+00
300	-1.960800000000e-01	0	0.000000000000e+00	3.425268450000e-01	-9.637665140000e-05	0.000000000000e+00
300	-1.968400000000e-01	0	0.000000000000e+00	3.426231070000e-01	-9.020354950000e-05	0.000000000000e+00
300	-1.977600000000e-01	0	0.000000000000e+00	3.426064860000e-01	-9.226125010000e-05	0.000000000000e+00
300	-1.986300000000e-01	0	0.000000000000e+00	3.426708910000e-01	-8.608814810000e-05	0.000000000000e+00
300	-1.994400000000e-01	0	0.000000000000e+00	3.427304490000e-01	-8.608814810000e-05	0.000000000000e+00
300	-1.997700000000e-01	0	0.000000000000e+00	3.426466530000e-01	-9.088944970000e-05	0.000000000000e+00
300	-1.998900000000e-01	0	0.000000000000e+00	3.425954060000e-01	-8.951764920000e-05	0.000000000000e+00
300	-1.999800000000e-01	0	0.000000000000e+00	3.426418050000e-01	-8.814584880000e-05	0.000000000000e+00

