# Filename: data_879.dat
# Timestamp: Thu Sep 05 20:16:02 2019

# Column 1:
#	end: 0.2
#	name: IPS120-10 (swept B(T))
#	size: 2
#	start: -0.2
#	type: coordinate
# Column 2:
#	end: 0
#	name: y_parameter (none)
#	size: 1
#	start: 0
#	type: coordinate
# Column 3:
#	end: 0
#	name: z_parameter (none)
#	size: 1
#	start: 0
#	type: coordinate
# Column 4:
#	name: lockin 1
#	type: value
# Column 5:
#	name: Keithley 1
#	type: value
# Column 6:
#	name: Keithley 2
#	type: value
# Column 7:
#	name: processed dIdV
#	type: value

200	-1.998000000000e-01	0	0.000000000000e+00	2.195544330000e-01	-8.471634770000e-05	0.000000000000e+00
200	-1.991200000000e-01	0	0.000000000000e+00	2.194360110000e-01	-8.471634770000e-05	0.000000000000e+00
200	-1.984300000000e-01	0	0.000000000000e+00	2.194699450000e-01	-8.608814810000e-05	0.000000000000e+00
200	-1.976100000000e-01	0	0.000000000000e+00	2.195073410000e-01	-8.471634770000e-05	0.000000000000e+00
200	-1.967400000000e-01	0	0.000000000000e+00	2.195814420000e-01	-8.471634770000e-05	0.000000000000e+00
200	-1.958600000000e-01	0	0.000000000000e+00	2.194837950000e-01	-8.403044750000e-05	0.000000000000e+00
200	-1.949800000000e-01	0	0.000000000000e+00	2.194173130000e-01	-8.745994860000e-05	0.000000000000e+00
200	-1.940900000000e-01	0	0.000000000000e+00	2.193085860000e-01	-8.745994860000e-05	0.000000000000e+00
200	-1.932500000000e-01	0	0.000000000000e+00	2.193626030000e-01	-8.883174900000e-05	0.000000000000e+00
200	-1.924500000000e-01	0	0.000000000000e+00	2.194865660000e-01	-8.883174900000e-05	0.000000000000e+00
200	-1.916100000000e-01	0	0.000000000000e+00	2.194657900000e-01	-9.363305060000e-05	0.000000000000e+00
200	-1.907100000000e-01	0	0.000000000000e+00	2.193916890000e-01	-9.226125010000e-05	0.000000000000e+00
200	-1.898200000000e-01	0	0.000000000000e+00	2.193065080000e-01	-8.951764920000e-05	0.000000000000e+00
200	-1.889400000000e-01	0	0.000000000000e+00	2.192947350000e-01	-8.951764920000e-05	0.000000000000e+00
200	-1.881800000000e-01	0	0.000000000000e+00	2.194048470000e-01	-9.088944970000e-05	0.000000000000e+00
200	-1.873100000000e-01	0	0.000000000000e+00	2.193252060000e-01	-9.088944970000e-05	0.000000000000e+00
200	-1.863700000000e-01	0	0.000000000000e+00	2.193529070000e-01	-8.814584880000e-05	0.000000000000e+00
200	-1.855100000000e-01	0	0.000000000000e+00	2.193085860000e-01	-9.020354950000e-05	0.000000000000e+00
200	-1.846800000000e-01	0	0.000000000000e+00	2.192441800000e-01	-9.088944970000e-05	0.000000000000e+00
200	-1.837600000000e-01	0	0.000000000000e+00	2.192767290000e-01	-9.020354950000e-05	0.000000000000e+00
200	-1.830000000000e-01	0	0.000000000000e+00	2.193646800000e-01	-9.088944970000e-05	0.000000000000e+00
200	-1.821100000000e-01	0	0.000000000000e+00	2.192483350000e-01	-9.226125010000e-05	0.000000000000e+00
200	-1.812200000000e-01	0	0.000000000000e+00	2.192074760000e-01	-9.088944970000e-05	0.000000000000e+00
200	-1.803500000000e-01	0	0.000000000000e+00	2.191527660000e-01	-8.883174900000e-05	0.000000000000e+00
200	-1.795000000000e-01	0	0.000000000000e+00	2.192213270000e-01	-8.883174900000e-05	0.000000000000e+00
200	-1.787100000000e-01	0	0.000000000000e+00	2.192801920000e-01	-8.540224790000e-05	0.000000000000e+00
200	-1.778300000000e-01	0	0.000000000000e+00	2.192711890000e-01	-8.745994860000e-05	0.000000000000e+00
200	-1.769400000000e-01	0	0.000000000000e+00	2.191257580000e-01	-9.157534990000e-05	0.000000000000e+00
200	-1.760700000000e-01	0	0.000000000000e+00	2.191188330000e-01	-9.157534990000e-05	0.000000000000e+00
200	-1.752500000000e-01	0	0.000000000000e+00	2.191202180000e-01	-9.020354950000e-05	0.000000000000e+00
200	-1.744200000000e-01	0	0.000000000000e+00	2.191340680000e-01	-9.637665140000e-05	0.000000000000e+00
200	-1.735300000000e-01	0	0.000000000000e+00	2.192199420000e-01	-9.157534990000e-05	0.000000000000e+00
200	-1.726700000000e-01	0	0.000000000000e+00	2.192137090000e-01	-8.951764920000e-05	0.000000000000e+00
200	-1.718000000000e-01	0	0.000000000000e+00	2.191416860000e-01	-9.020354950000e-05	0.000000000000e+00
200	-1.709100000000e-01	0	0.000000000000e+00	2.190648150000e-01	-9.020354950000e-05	0.000000000000e+00
200	-1.700400000000e-01	0	0.000000000000e+00	2.191160620000e-01	-9.088944970000e-05	0.000000000000e+00
200	-1.691500000000e-01	0	0.000000000000e+00	2.192247890000e-01	-9.226125010000e-05	0.000000000000e+00
200	-1.683300000000e-01	0	0.000000000000e+00	2.191873930000e-01	-9.088944970000e-05	0.000000000000e+00
200	-1.675100000000e-01	0	0.000000000000e+00	2.191707720000e-01	-8.471634770000e-05	0.000000000000e+00
200	-1.666400000000e-01	0	0.000000000000e+00	2.191271430000e-01	-8.540224790000e-05	0.000000000000e+00
200	-1.657600000000e-01	0	0.000000000000e+00	2.191160620000e-01	-9.226125010000e-05	0.000000000000e+00
200	-1.648700000000e-01	0	0.000000000000e+00	2.191624620000e-01	-9.431895080000e-05	0.000000000000e+00
200	-1.641100000000e-01	0	0.000000000000e+00	2.192344850000e-01	-8.745994860000e-05	0.000000000000e+00
200	-1.632400000000e-01	0	0.000000000000e+00	2.192400250000e-01	-8.677404830000e-05	0.000000000000e+00
200	-1.623200000000e-01	0	0.000000000000e+00	2.191839300000e-01	-8.608814810000e-05	0.000000000000e+00
200	-1.614500000000e-01	0	0.000000000000e+00	2.191527660000e-01	-9.226125010000e-05	0.000000000000e+00
200	-1.605800000000e-01	0	0.000000000000e+00	2.192490280000e-01	-8.951764920000e-05	0.000000000000e+00
200	-1.597100000000e-01	0	0.000000000000e+00	2.193591400000e-01	-9.294715030000e-05	0.000000000000e+00
200	-1.589400000000e-01	0	0.000000000000e+00	2.193826860000e-01	-9.226125010000e-05	0.000000000000e+00
200	-1.580600000000e-01	0	0.000000000000e+00	2.193889190000e-01	-9.157534990000e-05	0.000000000000e+00
200	-1.571900000000e-01	0	0.000000000000e+00	2.193168960000e-01	-9.294715030000e-05	0.000000000000e+00
200	-1.562700000000e-01	0	0.000000000000e+00	2.193840710000e-01	-9.294715030000e-05	0.000000000000e+00
200	-1.554100000000e-01	0	0.000000000000e+00	2.194747930000e-01	-9.226125010000e-05	0.000000000000e+00
200	-1.545300000000e-01	0	0.000000000000e+00	2.195952930000e-01	-8.951764920000e-05	0.000000000000e+00
200	-1.537500000000e-01	0	0.000000000000e+00	2.195876750000e-01	-8.814584880000e-05	0.000000000000e+00
200	-1.528800000000e-01	0	0.000000000000e+00	2.195759020000e-01	-9.157534990000e-05	0.000000000000e+00
200	-1.520200000000e-01	0	0.000000000000e+00	2.195689770000e-01	-8.883174900000e-05	0.000000000000e+00
200	-1.511200000000e-01	0	0.000000000000e+00	2.196569280000e-01	-8.608814810000e-05	0.000000000000e+00
200	-1.502200000000e-01	0	0.000000000000e+00	2.197497270000e-01	-8.951764920000e-05	0.000000000000e+00
200	-1.493700000000e-01	0	0.000000000000e+00	2.197137150000e-01	-8.608814810000e-05	0.000000000000e+00
200	-1.484800000000e-01	0	0.000000000000e+00	2.197511120000e-01	-8.814584880000e-05	0.000000000000e+00
200	-1.477400000000e-01	0	0.000000000000e+00	2.198328300000e-01	-9.294715030000e-05	0.000000000000e+00
200	-1.468200000000e-01	0	0.000000000000e+00	2.198951580000e-01	-9.020354950000e-05	0.000000000000e+00
200	-1.459600000000e-01	0	0.000000000000e+00	2.200523620000e-01	-8.951764920000e-05	0.000000000000e+00
200	-1.451000000000e-01	0	6.103560000000e-05	2.199948820000e-01	-9.157534990000e-05	0.000000000000e+00
200	-1.441700000000e-01	0	0.000000000000e+00	2.200724450000e-01	-8.814584880000e-05	0.000000000000e+00
200	-1.434200000000e-01	0	0.000000000000e+00	2.201382360000e-01	-9.294715030000e-05	0.000000000000e+00
200	-1.425300000000e-01	0	6.103560000000e-05	2.202628910000e-01	-8.745994860000e-05	0.000000000000e+00
200	-1.416600000000e-01	0	0.000000000000e+00	2.203044430000e-01	-9.157534990000e-05	0.000000000000e+00
200	-1.407500000000e-01	0	0.000000000000e+00	2.202628910000e-01	-9.431895080000e-05	0.000000000000e+00
200	-1.399000000000e-01	0	0.000000000000e+00	2.202919770000e-01	-9.088944970000e-05	0.000000000000e+00
200	-1.390500000000e-01	0	0.000000000000e+00	2.202926700000e-01	-8.677404830000e-05	0.000000000000e+00
200	-1.382300000000e-01	0	0.000000000000e+00	2.204484890000e-01	-9.157534990000e-05	0.000000000000e+00
200	-1.373600000000e-01	0	0.000000000000e+00	2.205274370000e-01	-8.745994860000e-05	0.000000000000e+00
200	-1.365000000000e-01	0	0.000000000000e+00	2.204831150000e-01	-8.745994860000e-05	0.000000000000e+00
200	-1.356000000000e-01	0	0.000000000000e+00	2.204768820000e-01	-9.500485100000e-05	0.000000000000e+00
200	-1.347000000000e-01	0	0.000000000000e+00	2.206320090000e-01	-8.883174900000e-05	0.000000000000e+00
200	-1.338400000000e-01	0	0.000000000000e+00	2.207171900000e-01	-8.951764920000e-05	0.000000000000e+00
200	-1.330000000000e-01	0	6.103560000000e-05	2.207912910000e-01	-8.883174900000e-05	0.000000000000e+00
200	-1.321900000000e-01	0	0.000000000000e+00	2.207490460000e-01	-9.088944970000e-05	0.000000000000e+00
200	-1.313100000000e-01	0	0.000000000000e+00	2.207504310000e-01	-9.020354950000e-05	0.000000000000e+00
200	-1.304300000000e-01	0	0.000000000000e+00	2.208404600000e-01	-8.540224790000e-05	0.000000000000e+00
200	-1.295800000000e-01	0	0.000000000000e+00	2.208882450000e-01	-8.334454720000e-05	0.000000000000e+00
200	-1.287000000000e-01	0	0.000000000000e+00	2.209055580000e-01	-8.814584880000e-05	0.000000000000e+00
200	-1.278000000000e-01	0	0.000000000000e+00	2.209422620000e-01	-8.745994860000e-05	0.000000000000e+00
200	-1.269400000000e-01	0	0.000000000000e+00	2.210537590000e-01	-8.677404830000e-05	0.000000000000e+00
200	-1.261400000000e-01	0	0.000000000000e+00	2.210641470000e-01	-8.745994860000e-05	0.000000000000e+00
200	-1.252700000000e-01	0	0.000000000000e+00	2.210613770000e-01	-8.883174900000e-05	0.000000000000e+00
200	-1.243800000000e-01	0	0.000000000000e+00	2.210219030000e-01	-8.677404830000e-05	0.000000000000e+00
200	-1.235000000000e-01	0	0.000000000000e+00	2.211195490000e-01	-8.471634770000e-05	0.000000000000e+00
200	-1.226000000000e-01	0	0.000000000000e+00	2.211901870000e-01	-8.677404830000e-05	0.000000000000e+00
200	-1.218500000000e-01	0	0.000000000000e+00	2.212615180000e-01	-8.334454720000e-05	0.000000000000e+00
200	-1.210000000000e-01	0	0.000000000000e+00	2.212345090000e-01	-8.608814810000e-05	0.000000000000e+00
200	-1.201100000000e-01	0	0.000000000000e+00	2.212933740000e-01	-8.471634770000e-05	0.000000000000e+00
200	-1.192200000000e-01	0	0.000000000000e+00	2.212698280000e-01	-8.540224790000e-05	0.000000000000e+00
200	-1.183400000000e-01	0	0.000000000000e+00	2.213183050000e-01	-8.540224790000e-05	0.000000000000e+00
200	-1.174900000000e-01	0	0.000000000000e+00	2.212511300000e-01	-8.608814810000e-05	0.000000000000e+00
200	-1.166800000000e-01	0	0.000000000000e+00	2.214609660000e-01	-8.883174900000e-05	0.000000000000e+00
200	-1.158000000000e-01	0	0.000000000000e+00	2.214180290000e-01	-8.540224790000e-05	0.000000000000e+00
200	-1.149600000000e-01	0	0.000000000000e+00	2.213937910000e-01	-8.403044750000e-05	0.000000000000e+00
200	-1.140500000000e-01	0	0.000000000000e+00	2.214408830000e-01	-8.814584880000e-05	0.000000000000e+00
200	-1.131900000000e-01	0	6.103560000000e-05	2.215690010000e-01	-8.745994860000e-05	0.000000000000e+00
200	-1.123000000000e-01	0	6.103560000000e-05	2.215967020000e-01	-8.471634770000e-05	0.000000000000e+00
200	-1.114300000000e-01	0	0.000000000000e+00	2.215011330000e-01	-8.608814810000e-05	0.000000000000e+00
200	-1.106400000000e-01	0	0.000000000000e+00	2.215883920000e-01	-8.951764920000e-05	0.000000000000e+00
200	-1.097500000000e-01	0	0.000000000000e+00	2.216257880000e-01	-8.540224790000e-05	0.000000000000e+00
200	-1.088800000000e-01	0	0.000000000000e+00	2.216569520000e-01	-8.608814810000e-05	0.000000000000e+00
200	-1.080100000000e-01	0	0.000000000000e+00	2.216375610000e-01	-8.334454720000e-05	0.000000000000e+00
200	-1.071300000000e-01	0	0.000000000000e+00	2.215662310000e-01	-8.471634770000e-05	0.000000000000e+00
200	-1.062800000000e-01	0	0.000000000000e+00	2.215773110000e-01	-9.088944970000e-05	0.000000000000e+00
200	-1.054800000000e-01	0	0.000000000000e+00	2.217289750000e-01	-8.540224790000e-05	0.000000000000e+00
200	-1.045900000000e-01	0	0.000000000000e+00	2.217705270000e-01	-8.883174900000e-05	0.000000000000e+00
200	-1.037000000000e-01	0	6.103560000000e-05	2.217532140000e-01	-9.226125010000e-05	0.000000000000e+00
200	-1.028300000000e-01	0	6.103560000000e-05	2.216659550000e-01	-9.363305060000e-05	0.000000000000e+00
200	-1.019400000000e-01	0	0.000000000000e+00	2.217047370000e-01	-9.226125010000e-05	0.000000000000e+00
200	-1.011900000000e-01	0	0.000000000000e+00	2.216742650000e-01	-8.745994860000e-05	0.000000000000e+00
200	-1.003100000000e-01	0	0.000000000000e+00	2.217982280000e-01	-8.403044750000e-05	0.000000000000e+00
200	-9.945000000000e-02	0	0.000000000000e+00	2.217559840000e-01	-8.608814810000e-05	0.000000000000e+00
200	-9.853000000000e-02	0	0.000000000000e+00	2.216555670000e-01	-8.677404830000e-05	0.000000000000e+00
200	-9.765000000000e-02	0	0.000000000000e+00	2.216181700000e-01	-8.471634770000e-05	0.000000000000e+00
200	-9.679000000000e-02	0	0.000000000000e+00	2.217732970000e-01	-8.814584880000e-05	0.000000000000e+00
200	-9.600000000000e-02	0	0.000000000000e+00	2.217802220000e-01	-8.677404830000e-05	0.000000000000e+00
200	-9.512000000000e-02	0	6.103560000000e-05	2.217906100000e-01	-8.745994860000e-05	0.000000000000e+00
200	-9.428000000000e-02	0	6.103560000000e-05	2.218044610000e-01	-8.745994860000e-05	0.000000000000e+00
200	-9.337000000000e-02	0	6.103560000000e-05	2.216770350000e-01	-8.608814810000e-05	0.000000000000e+00
200	-9.251000000000e-02	0	6.103560000000e-05	2.217698340000e-01	-9.294715030000e-05	0.000000000000e+00
200	-9.159000000000e-02	0	0.000000000000e+00	2.218300840000e-01	-8.540224790000e-05	0.000000000000e+00
200	-9.075000000000e-02	0	0.000000000000e+00	2.216895010000e-01	-8.814584880000e-05	0.000000000000e+00
200	-8.996000000000e-02	0	0.000000000000e+00	2.216922710000e-01	-8.403044750000e-05	0.000000000000e+00
200	-8.908000000000e-02	0	0.000000000000e+00	2.217109690000e-01	-8.883174900000e-05	0.000000000000e+00
200	-8.822000000000e-02	0	0.000000000000e+00	2.217483660000e-01	-8.883174900000e-05	0.000000000000e+00
200	-8.730000000000e-02	0	0.000000000000e+00	2.216936560000e-01	-8.540224790000e-05	0.000000000000e+00
200	-8.643000000000e-02	0	6.103560000000e-05	2.216631850000e-01	-8.471634770000e-05	0.000000000000e+00
200	-8.559000000000e-02	0	0.000000000000e+00	2.216749580000e-01	-8.608814810000e-05	0.000000000000e+00
200	-8.470000000000e-02	0	0.000000000000e+00	2.217767600000e-01	-8.951764920000e-05	0.000000000000e+00
200	-8.392000000000e-02	0	0.000000000000e+00	2.217739900000e-01	-8.677404830000e-05	0.000000000000e+00
200	-8.301000000000e-02	0	6.103560000000e-05	2.217656790000e-01	-8.540224790000e-05	0.000000000000e+00
200	-8.215000000000e-02	0	0.000000000000e+00	2.216590300000e-01	-9.020354950000e-05	0.000000000000e+00
200	-8.127000000000e-02	0	0.000000000000e+00	2.217899180000e-01	-9.020354950000e-05	0.000000000000e+00
200	-8.038000000000e-02	0	0.000000000000e+00	2.217310530000e-01	-8.814584880000e-05	0.000000000000e+00
200	-7.950000000000e-02	0	0.000000000000e+00	2.217726040000e-01	-8.951764920000e-05	0.000000000000e+00
200	-7.865000000000e-02	0	0.000000000000e+00	2.217213570000e-01	-8.608814810000e-05	0.000000000000e+00
200	-7.786000000000e-02	0	0.000000000000e+00	2.217130470000e-01	-8.951764920000e-05	0.000000000000e+00
200	-7.698000000000e-02	0	0.000000000000e+00	2.217172020000e-01	-9.088944970000e-05	0.000000000000e+00
200	-7.613000000000e-02	0	0.000000000000e+00	2.218044610000e-01	-8.540224790000e-05	0.000000000000e+00
200	-7.522000000000e-02	0	0.000000000000e+00	2.218321620000e-01	-9.294715030000e-05	0.000000000000e+00
200	-7.434000000000e-02	0	0.000000000000e+00	2.218328540000e-01	-8.951764920000e-05	0.000000000000e+00
200	-7.358000000000e-02	0	6.103560000000e-05	2.218009980000e-01	-8.677404830000e-05	0.000000000000e+00
200	-7.269000000000e-02	0	6.103560000000e-05	2.218169260000e-01	-8.608814810000e-05	0.000000000000e+00
200	-7.185000000000e-02	0	0.000000000000e+00	2.219159580000e-01	-8.677404830000e-05	0.000000000000e+00
200	-7.094000000000e-02	0	0.000000000000e+00	2.219138800000e-01	-8.951764920000e-05	0.000000000000e+00
200	-7.007000000000e-02	0	0.000000000000e+00	2.218813320000e-01	-9.020354950000e-05	0.000000000000e+00
200	-6.921000000000e-02	0	0.000000000000e+00	2.217843770000e-01	-9.088944970000e-05	0.000000000000e+00
200	-6.841000000000e-02	0	6.103560000000e-05	2.217823000000e-01	-9.020354950000e-05	0.000000000000e+00
200	-6.753000000000e-02	0	0.000000000000e+00	2.218875640000e-01	-8.951764920000e-05	0.000000000000e+00
200	-6.667000000000e-02	0	0.000000000000e+00	2.218827170000e-01	-9.706255170000e-05	0.000000000000e+00
200	-6.575000000000e-02	0	0.000000000000e+00	2.218501680000e-01	-9.088944970000e-05	0.000000000000e+00
200	-6.487000000000e-02	0	0.000000000000e+00	2.219076480000e-01	-9.020354950000e-05	0.000000000000e+00
200	-6.406000000000e-02	0	0.000000000000e+00	2.218702510000e-01	-8.951764920000e-05	0.000000000000e+00
200	-6.315000000000e-02	0	0.000000000000e+00	2.219111100000e-01	-8.677404830000e-05	0.000000000000e+00
200	-6.226000000000e-02	0	0.000000000000e+00	2.219568170000e-01	-9.500485100000e-05	0.000000000000e+00
200	-6.149000000000e-02	0	6.103560000000e-05	2.219491990000e-01	-9.569075120000e-05	0.000000000000e+00
200	-6.061000000000e-02	0	6.103560000000e-05	2.218300840000e-01	-9.088944970000e-05	0.000000000000e+00
200	-5.972000000000e-02	0	0.000000000000e+00	2.219277310000e-01	-9.088944970000e-05	0.000000000000e+00
200	-5.887000000000e-02	0	0.000000000000e+00	2.219983690000e-01	-9.294715030000e-05	0.000000000000e+00
200	-5.800000000000e-02	0	0.000000000000e+00	2.219886740000e-01	-9.637665140000e-05	0.000000000000e+00
200	-5.721000000000e-02	0	0.000000000000e+00	2.219990620000e-01	-9.363305060000e-05	0.000000000000e+00
200	-5.630000000000e-02	0	0.000000000000e+00	2.219782860000e-01	-9.569075120000e-05	0.000000000000e+00
200	-5.545000000000e-02	0	0.000000000000e+00	2.220094490000e-01	-9.500485100000e-05	0.000000000000e+00
200	-5.459000000000e-02	0	0.000000000000e+00	2.221112510000e-01	-9.637665140000e-05	0.000000000000e+00
200	-5.371000000000e-02	0	0.000000000000e+00	2.221306420000e-01	-9.226125010000e-05	0.000000000000e+00
200	-5.282000000000e-02	0	0.000000000000e+00	2.221417230000e-01	-9.363305060000e-05	0.000000000000e+00
200	-5.207000000000e-02	0	0.000000000000e+00	2.221008630000e-01	-9.226125010000e-05	0.000000000000e+00
200	-5.117000000000e-02	0	0.000000000000e+00	2.220800870000e-01	-9.843435210000e-05	0.000000000000e+00
200	-5.028000000000e-02	0	0.000000000000e+00	2.221278720000e-01	-9.706255170000e-05	0.000000000000e+00
200	-4.941000000000e-02	0	0.000000000000e+00	2.221978170000e-01	-9.569075120000e-05	0.000000000000e+00
200	-4.853000000000e-02	0	0.000000000000e+00	2.221230240000e-01	-9.363305060000e-05	0.000000000000e+00
200	-4.762000000000e-02	0	0.000000000000e+00	2.220835500000e-01	-9.843435210000e-05	0.000000000000e+00
200	-4.685000000000e-02	0	0.000000000000e+00	2.221922770000e-01	-9.500485100000e-05	0.000000000000e+00
200	-4.600000000000e-02	0	6.103560000000e-05	2.223176250000e-01	-9.569075120000e-05	0.000000000000e+00
200	-4.513000000000e-02	0	0.000000000000e+00	2.221943550000e-01	-9.363305060000e-05	0.000000000000e+00
200	-4.420000000000e-02	0	6.103560000000e-05	2.221881220000e-01	-9.431895080000e-05	0.000000000000e+00
200	-4.337000000000e-02	0	0.000000000000e+00	2.223210880000e-01	-9.500485100000e-05	0.000000000000e+00
200	-4.249000000000e-02	0	0.000000000000e+00	2.222829980000e-01	-9.500485100000e-05	0.000000000000e+00
200	-4.158000000000e-02	0	0.000000000000e+00	2.222490650000e-01	-8.814584880000e-05	0.000000000000e+00
200	-4.083000000000e-02	0	0.000000000000e+00	2.221978170000e-01	-9.500485100000e-05	0.000000000000e+00
200	-3.993000000000e-02	0	0.000000000000e+00	2.221985100000e-01	-9.088944970000e-05	0.000000000000e+00
200	-3.909000000000e-02	0	0.000000000000e+00	2.223023890000e-01	-9.157534990000e-05	0.000000000000e+00
200	-3.819000000000e-02	0	0.000000000000e+00	2.222836910000e-01	-9.226125010000e-05	0.000000000000e+00
200	-3.733000000000e-02	0	0.000000000000e+00	2.222885390000e-01	-9.363305060000e-05	0.000000000000e+00
200	-3.643000000000e-02	0	6.103560000000e-05	2.222400620000e-01	-9.226125010000e-05	0.000000000000e+00
200	-3.565000000000e-02	0	0.000000000000e+00	2.222082050000e-01	-8.814584880000e-05	0.000000000000e+00
200	-3.476000000000e-02	0	0.000000000000e+00	2.221375670000e-01	-9.157534990000e-05	0.000000000000e+00
200	-3.392000000000e-02	0	0.000000000000e+00	2.222968490000e-01	-8.745994860000e-05	0.000000000000e+00
200	-3.302000000000e-02	0	0.000000000000e+00	2.222989270000e-01	-8.883174900000e-05	0.000000000000e+00
200	-3.213000000000e-02	0	0.000000000000e+00	2.222234410000e-01	-9.569075120000e-05	0.000000000000e+00
200	-3.127000000000e-02	0	0.000000000000e+00	2.221881220000e-01	-9.088944970000e-05	0.000000000000e+00
200	-3.050000000000e-02	0	0.000000000000e+00	2.221181770000e-01	-9.363305060000e-05	0.000000000000e+00
200	-2.959000000000e-02	0	0.000000000000e+00	2.222151310000e-01	-9.226125010000e-05	0.000000000000e+00
200	-2.875000000000e-02	0	0.000000000000e+00	2.221271790000e-01	-8.883174900000e-05	0.000000000000e+00
200	-2.785000000000e-02	0	0.000000000000e+00	2.221119440000e-01	-9.088944970000e-05	0.000000000000e+00
200	-2.698000000000e-02	0	0.000000000000e+00	2.220433830000e-01	-9.088944970000e-05	0.000000000000e+00
200	-2.621000000000e-02	0	0.000000000000e+00	2.220731620000e-01	-8.814584880000e-05	0.000000000000e+00
200	-2.533000000000e-02	0	0.000000000000e+00	2.220461530000e-01	-9.294715030000e-05	0.000000000000e+00
200	-2.448000000000e-02	0	0.000000000000e+00	2.220426910000e-01	-9.088944970000e-05	0.000000000000e+00
200	-2.360000000000e-02	0	0.000000000000e+00	2.220142970000e-01	-8.951764920000e-05	0.000000000000e+00
200	-2.270000000000e-02	0	0.000000000000e+00	2.219291160000e-01	-8.814584880000e-05	0.000000000000e+00
200	-2.183000000000e-02	0	0.000000000000e+00	2.218764840000e-01	-9.226125010000e-05	0.000000000000e+00
200	-2.094000000000e-02	0	0.000000000000e+00	2.218349320000e-01	-9.226125010000e-05	0.000000000000e+00
200	-2.016000000000e-02	0	0.000000000000e+00	2.219415820000e-01	-9.088944970000e-05	0.000000000000e+00
200	-1.928000000000e-02	0	0.000000000000e+00	2.219388110000e-01	-8.814584880000e-05	0.000000000000e+00
200	-1.842000000000e-02	0	0.000000000000e+00	2.218605560000e-01	-9.569075120000e-05	0.000000000000e+00
200	-1.753000000000e-02	0	6.103560000000e-05	2.218210810000e-01	-9.294715030000e-05	0.000000000000e+00
200	-1.662000000000e-02	0	0.000000000000e+00	2.216867310000e-01	-9.431895080000e-05	0.000000000000e+00
200	-1.576000000000e-02	0	0.000000000000e+00	2.217345150000e-01	-9.569075120000e-05	0.000000000000e+00
200	-1.498000000000e-02	0	0.000000000000e+00	2.217040440000e-01	-9.363305060000e-05	0.000000000000e+00
200	-1.409000000000e-02	0	6.103560000000e-05	2.216708030000e-01	-9.157534990000e-05	0.000000000000e+00
200	-1.323000000000e-02	0	0.000000000000e+00	2.216451790000e-01	-9.226125010000e-05	0.000000000000e+00
200	-1.240000000000e-02	0	0.000000000000e+00	2.215606910000e-01	-9.020354950000e-05	0.000000000000e+00
200	-1.148000000000e-02	0	0.000000000000e+00	2.216410240000e-01	-9.363305060000e-05	0.000000000000e+00
200	-1.069000000000e-02	0	0.000000000000e+00	2.216396390000e-01	-9.431895080000e-05	0.000000000000e+00
200	-9.840000000000e-03	0	0.000000000000e+00	2.215690010000e-01	-9.363305060000e-05	0.000000000000e+00
200	-8.930000000000e-03	0	0.000000000000e+00	2.214893600000e-01	-8.951764920000e-05	0.000000000000e+00
200	-8.070000000000e-03	0	0.000000000000e+00	2.214374200000e-01	-9.088944970000e-05	0.000000000000e+00
200	-7.210000000000e-03	0	0.000000000000e+00	2.215135990000e-01	-9.500485100000e-05	0.000000000000e+00
200	-6.310000000000e-03	0	0.000000000000e+00	2.216271730000e-01	-8.883174900000e-05	0.000000000000e+00
200	-5.530000000000e-03	0	0.000000000000e+00	2.214644290000e-01	-9.157534990000e-05	0.000000000000e+00
200	-4.640000000000e-03	0	0.000000000000e+00	2.214104120000e-01	-9.431895080000e-05	0.000000000000e+00
200	-3.770000000000e-03	0	0.000000000000e+00	2.213390810000e-01	-8.745994860000e-05	0.000000000000e+00
200	-2.890000000000e-03	0	0.000000000000e+00	2.214519630000e-01	-8.951764920000e-05	0.000000000000e+00
200	-2.010000000000e-03	0	0.000000000000e+00	2.213965610000e-01	-8.951764920000e-05	0.000000000000e+00
200	-1.130000000000e-03	0	0.000000000000e+00	2.213757850000e-01	-8.883174900000e-05	0.000000000000e+00
200	-2.700000000000e-04	0	0.000000000000e+00	2.214845120000e-01	-9.226125010000e-05	0.000000000000e+00
200	5.100000000000e-04	0	0.000000000000e+00	2.212525150000e-01	-9.020354950000e-05	0.000000000000e+00
200	1.400000000000e-03	0	0.000000000000e+00	2.211860320000e-01	-9.157534990000e-05	0.000000000000e+00
200	2.250000000000e-03	0	0.000000000000e+00	2.211929580000e-01	-9.294715030000e-05	0.000000000000e+00
200	3.140000000000e-03	0	0.000000000000e+00	2.210946180000e-01	-9.294715030000e-05	0.000000000000e+00
200	4.020000000000e-03	0	0.000000000000e+00	2.210440640000e-01	-8.745994860000e-05	0.000000000000e+00
200	4.910000000000e-03	0	0.000000000000e+00	2.210696870000e-01	-9.294715030000e-05	0.000000000000e+00
200	5.780000000000e-03	0	0.000000000000e+00	2.210717650000e-01	-9.157534990000e-05	0.000000000000e+00
200	6.570000000000e-03	0	0.000000000000e+00	2.206514000000e-01	-9.088944970000e-05	0.000000000000e+00
200	7.450000000000e-03	0	0.000000000000e+00	2.205426730000e-01	-9.294715030000e-05	0.000000000000e+00
200	8.310000000000e-03	0	0.000000000000e+00	2.203674630000e-01	-9.020354950000e-05	0.000000000000e+00
200	9.200000000000e-03	0	0.000000000000e+00	2.203314510000e-01	-9.706255170000e-05	0.000000000000e+00
200	1.006000000000e-02	0	0.000000000000e+00	2.203709250000e-01	-9.500485100000e-05	0.000000000000e+00
200	1.095000000000e-02	0	0.000000000000e+00	2.202116440000e-01	-9.020354950000e-05	0.000000000000e+00
200	1.182000000000e-02	0	0.000000000000e+00	2.185412630000e-01	-9.226125010000e-05	0.000000000000e+00
200	1.262000000000e-02	0	0.000000000000e+00	2.184574670000e-01	-9.226125010000e-05	0.000000000000e+00
200	1.349000000000e-02	0	0.000000000000e+00	2.184193780000e-01	-9.500485100000e-05	0.000000000000e+00
200	1.436000000000e-02	0	0.000000000000e+00	2.184013720000e-01	-9.363305060000e-05	0.000000000000e+00
200	1.524000000000e-02	0	0.000000000000e+00	2.183376600000e-01	-8.745994860000e-05	0.000000000000e+00
200	1.613000000000e-02	0	0.000000000000e+00	2.182303180000e-01	-9.363305060000e-05	0.000000000000e+00
200	1.689000000000e-02	0	0.000000000000e+00	2.181292080000e-01	-9.363305060000e-05	0.000000000000e+00
200	1.777000000000e-02	0	0.000000000000e+00	2.182233920000e-01	-9.157534990000e-05	0.000000000000e+00
200	1.867000000000e-02	0	0.000000000000e+00	2.181001220000e-01	-9.226125010000e-05	0.000000000000e+00
200	1.955000000000e-02	0	6.103560000000e-05	2.181319780000e-01	-9.363305060000e-05	0.000000000000e+00
200	2.040000000000e-02	0	0.000000000000e+00	2.179124470000e-01	-9.088944970000e-05	0.000000000000e+00
200	2.129000000000e-02	0	0.000000000000e+00	2.180301770000e-01	-9.363305060000e-05	0.000000000000e+00
200	2.209000000000e-02	0	0.000000000000e+00	2.180094010000e-01	-8.608814810000e-05	0.000000000000e+00
200	2.296000000000e-02	0	0.000000000000e+00	2.179186790000e-01	-9.569075120000e-05	0.000000000000e+00
200	2.381000000000e-02	0	0.000000000000e+00	2.178369610000e-01	-9.226125010000e-05	0.000000000000e+00
200	2.468000000000e-02	0	0.000000000000e+00	2.178362680000e-01	-9.294715030000e-05	0.000000000000e+00
200	2.556000000000e-02	0	0.000000000000e+00	2.177670150000e-01	-9.157534990000e-05	0.000000000000e+00
200	2.643000000000e-02	0	0.000000000000e+00	2.178182630000e-01	-9.088944970000e-05	0.000000000000e+00
200	2.730000000000e-02	0	0.000000000000e+00	2.177600900000e-01	-9.088944970000e-05	0.000000000000e+00
200	2.812000000000e-02	0	6.103560000000e-05	2.177192310000e-01	-9.500485100000e-05	0.000000000000e+00
200	2.898000000000e-02	0	0.000000000000e+00	2.178293430000e-01	-8.814584880000e-05	0.000000000000e+00
200	2.988000000000e-02	0	0.000000000000e+00	2.175821100000e-01	-9.569075120000e-05	0.000000000000e+00
200	3.073000000000e-02	0	0.000000000000e+00	2.176042710000e-01	-9.157534990000e-05	0.000000000000e+00
200	3.162000000000e-02	0	0.000000000000e+00	2.175945760000e-01	-9.363305060000e-05	0.000000000000e+00
200	3.238000000000e-02	0	0.000000000000e+00	2.175260150000e-01	-9.294715030000e-05	0.000000000000e+00
200	3.326000000000e-02	0	0.000000000000e+00	2.174671500000e-01	-9.500485100000e-05	0.000000000000e+00
200	3.416000000000e-02	0	0.000000000000e+00	2.173002510000e-01	-9.226125010000e-05	0.000000000000e+00
200	3.503000000000e-02	0	0.000000000000e+00	2.173300300000e-01	-1.011779530000e-04	0.000000000000e+00
200	3.589000000000e-02	0	0.000000000000e+00	2.174075930000e-01	-9.706255170000e-05	0.000000000000e+00
200	3.682000000000e-02	0	6.103560000000e-05	2.173016360000e-01	-9.637665140000e-05	0.000000000000e+00
200	3.757000000000e-02	0	0.000000000000e+00	2.171901390000e-01	-9.912025230000e-05	0.000000000000e+00
200	3.841000000000e-02	0	0.000000000000e+00	2.170447080000e-01	-9.363305060000e-05	0.000000000000e+00
200	3.932000000000e-02	0	0.000000000000e+00	2.171243480000e-01	-9.363305060000e-05	0.000000000000e+00
200	4.021000000000e-02	0	0.000000000000e+00	2.171181160000e-01	-9.431895080000e-05	0.000000000000e+00
200	4.106000000000e-02	0	0.000000000000e+00	2.170931850000e-01	-9.363305060000e-05	0.000000000000e+00
200	4.197000000000e-02	0	0.000000000000e+00	2.169899980000e-01	-8.608814810000e-05	0.000000000000e+00
200	4.274000000000e-02	0	0.000000000000e+00	2.168556470000e-01	-8.814584880000e-05	0.000000000000e+00
200	4.360000000000e-02	0	0.000000000000e+00	2.167393020000e-01	-9.020354950000e-05	0.000000000000e+00
200	4.446000000000e-02	0	0.000000000000e+00	2.169228220000e-01	-8.814584880000e-05	0.000000000000e+00
200	4.539000000000e-02	0	0.000000000000e+00	2.168618800000e-01	-9.157534990000e-05	0.000000000000e+00
200	4.625000000000e-02	0	6.103560000000e-05	2.163681060000e-01	-8.883174900000e-05	0.000000000000e+00
200	4.713000000000e-02	0	0.000000000000e+00	2.162434510000e-01	-9.020354950000e-05	0.000000000000e+00
200	4.799000000000e-02	0	0.000000000000e+00	2.163099340000e-01	-9.020354950000e-05	0.000000000000e+00
200	4.877000000000e-02	0	0.000000000000e+00	2.164228160000e-01	-9.020354950000e-05	0.000000000000e+00
200	4.964000000000e-02	0	0.000000000000e+00	2.163771090000e-01	-9.226125010000e-05	0.000000000000e+00
200	5.052000000000e-02	0	0.000000000000e+00	2.162953910000e-01	-8.814584880000e-05	0.000000000000e+00
200	5.138000000000e-02	0	0.000000000000e+00	2.162386040000e-01	-9.088944970000e-05	0.000000000000e+00
200	5.228000000000e-02	0	0.000000000000e+00	2.162614570000e-01	-9.226125010000e-05	0.000000000000e+00
200	5.308000000000e-02	0	0.000000000000e+00	2.162995460000e-01	-9.157534990000e-05	0.000000000000e+00
200	5.393000000000e-02	0	0.000000000000e+00	2.164117360000e-01	-8.883174900000e-05	0.000000000000e+00
200	5.481000000000e-02	0	6.103560000000e-05	2.162753080000e-01	-9.088944970000e-05	0.000000000000e+00
200	5.569000000000e-02	0	0.000000000000e+00	2.161229510000e-01	-9.088944970000e-05	0.000000000000e+00
200	5.660000000000e-02	0	0.000000000000e+00	2.162434510000e-01	-9.020354950000e-05	0.000000000000e+00
200	5.748000000000e-02	0	0.000000000000e+00	2.162212900000e-01	-8.951764920000e-05	0.000000000000e+00
200	5.826000000000e-02	0	0.000000000000e+00	2.162919280000e-01	-9.157534990000e-05	0.000000000000e+00
200	5.910000000000e-02	0	0.000000000000e+00	2.162531470000e-01	-9.363305060000e-05	0.000000000000e+00
200	5.998000000000e-02	0	0.000000000000e+00	2.162725370000e-01	-9.569075120000e-05	0.000000000000e+00
200	6.088000000000e-02	0	0.000000000000e+00	2.161478820000e-01	-8.883174900000e-05	0.000000000000e+00
200	6.172000000000e-02	0	0.000000000000e+00	2.163168590000e-01	-9.431895080000e-05	0.000000000000e+00
200	6.258000000000e-02	0	0.000000000000e+00	2.163535630000e-01	-8.403044750000e-05	0.000000000000e+00
200	6.339000000000e-02	0	0.000000000000e+00	2.163203220000e-01	-9.431895080000e-05	0.000000000000e+00
200	6.429000000000e-02	0	0.000000000000e+00	2.162136720000e-01	-9.363305060000e-05	0.000000000000e+00
200	6.515000000000e-02	0	0.000000000000e+00	2.162046700000e-01	-9.020354950000e-05	0.000000000000e+00
200	6.603000000000e-02	0	0.000000000000e+00	2.162635350000e-01	-9.020354950000e-05	0.000000000000e+00
200	6.692000000000e-02	0	0.000000000000e+00	2.163992700000e-01	-9.088944970000e-05	0.000000000000e+00
200	6.770000000000e-02	0	0.000000000000e+00	2.163577190000e-01	-8.677404830000e-05	0.000000000000e+00
200	6.857000000000e-02	0	6.103560000000e-05	2.163549480000e-01	-8.677404830000e-05	0.000000000000e+00
200	6.944000000000e-02	0	0.000000000000e+00	2.162946980000e-01	-8.951764920000e-05	0.000000000000e+00
200	7.036000000000e-02	0	0.000000000000e+00	2.163244770000e-01	-8.745994860000e-05	0.000000000000e+00
200	7.118000000000e-02	0	6.103560000000e-05	2.163237850000e-01	-9.088944970000e-05	0.000000000000e+00
200	7.206000000000e-02	0	0.000000000000e+00	2.164470550000e-01	-9.157534990000e-05	0.000000000000e+00
200	7.287000000000e-02	0	0.000000000000e+00	2.163771090000e-01	-8.608814810000e-05	0.000000000000e+00
200	7.376000000000e-02	0	0.000000000000e+00	2.162552240000e-01	-9.020354950000e-05	0.000000000000e+00
200	7.461000000000e-02	0	0.000000000000e+00	2.162503770000e-01	-9.020354950000e-05	0.000000000000e+00
200	7.547000000000e-02	0	0.000000000000e+00	2.162566090000e-01	-9.157534990000e-05	0.000000000000e+00
200	7.636000000000e-02	0	0.000000000000e+00	2.163487160000e-01	-8.540224790000e-05	0.000000000000e+00
200	7.727000000000e-02	0	0.000000000000e+00	2.162669970000e-01	-8.814584880000e-05	0.000000000000e+00
200	7.812000000000e-02	0	0.000000000000e+00	2.162150580000e-01	-9.294715030000e-05	0.000000000000e+00
200	7.890000000000e-02	0	0.000000000000e+00	2.162392960000e-01	-8.471634770000e-05	0.000000000000e+00
200	7.978000000000e-02	0	0.000000000000e+00	2.162192130000e-01	-9.020354950000e-05	0.000000000000e+00
200	8.067000000000e-02	0	0.000000000000e+00	2.162559170000e-01	-8.608814810000e-05	0.000000000000e+00
200	8.151000000000e-02	0	0.000000000000e+00	2.163473310000e-01	-8.540224790000e-05	0.000000000000e+00
200	8.244000000000e-02	0	0.000000000000e+00	2.162663050000e-01	-8.403044750000e-05	0.000000000000e+00
200	8.320000000000e-02	0	6.103560000000e-05	2.162109020000e-01	-8.608814810000e-05	0.000000000000e+00
200	8.403000000000e-02	0	0.000000000000e+00	2.162663050000e-01	-8.677404830000e-05	0.000000000000e+00
200	8.494000000000e-02	0	0.000000000000e+00	2.163071640000e-01	-8.471634770000e-05	0.000000000000e+00
200	8.580000000000e-02	0	0.000000000000e+00	2.163050860000e-01	-8.677404830000e-05	0.000000000000e+00
200	8.672000000000e-02	0	0.000000000000e+00	2.161575780000e-01	-8.471634770000e-05	0.000000000000e+00
200	8.757000000000e-02	0	0.000000000000e+00	2.161762760000e-01	-8.951764920000e-05	0.000000000000e+00
200	8.838000000000e-02	0	0.000000000000e+00	2.162725370000e-01	-8.814584880000e-05	0.000000000000e+00
200	8.923000000000e-02	0	6.103560000000e-05	2.162510690000e-01	-9.226125010000e-05	0.000000000000e+00
200	9.013000000000e-02	0	0.000000000000e+00	2.162095170000e-01	-8.745994860000e-05	0.000000000000e+00
200	9.100000000000e-02	0	0.000000000000e+00	2.161741980000e-01	-8.334454720000e-05	0.000000000000e+00
200	9.189000000000e-02	0	0.000000000000e+00	2.161201810000e-01	-8.951764920000e-05	0.000000000000e+00
200	9.276000000000e-02	0	0.000000000000e+00	2.162012070000e-01	-8.883174900000e-05	0.000000000000e+00
200	9.365000000000e-02	0	0.000000000000e+00	2.162967760000e-01	-9.157534990000e-05	0.000000000000e+00
200	9.440000000000e-02	0	0.000000000000e+00	2.161977440000e-01	-9.020354950000e-05	0.000000000000e+00
200	9.529000000000e-02	0	0.000000000000e+00	2.161174110000e-01	-8.883174900000e-05	0.000000000000e+00
200	9.613000000000e-02	0	0.000000000000e+00	2.161374940000e-01	-9.431895080000e-05	0.000000000000e+00
200	9.706000000000e-02	0	0.000000000000e+00	2.161568850000e-01	-8.540224790000e-05	0.000000000000e+00
200	9.795000000000e-02	0	0.000000000000e+00	2.161859710000e-01	-8.951764920000e-05	0.000000000000e+00
200	9.879000000000e-02	0	6.103560000000e-05	2.161430340000e-01	-8.745994860000e-05	0.000000000000e+00
200	9.964000000000e-02	0	6.103560000000e-05	2.160578530000e-01	-8.677404830000e-05	0.000000000000e+00
200	1.004800000000e-01	0	0.000000000000e+00	2.160994050000e-01	-9.294715030000e-05	0.000000000000e+00
200	1.013200000000e-01	0	0.000000000000e+00	2.161499600000e-01	-8.883174900000e-05	0.000000000000e+00
200	1.022200000000e-01	0	0.000000000000e+00	2.161264140000e-01	-8.403044750000e-05	0.000000000000e+00
200	1.030900000000e-01	0	0.000000000000e+00	2.160980200000e-01	-8.951764920000e-05	0.000000000000e+00
200	1.039700000000e-01	0	0.000000000000e+00	2.161125630000e-01	-9.226125010000e-05	0.000000000000e+00
200	1.048600000000e-01	0	0.000000000000e+00	2.160585460000e-01	-9.088944970000e-05	0.000000000000e+00
200	1.056000000000e-01	0	0.000000000000e+00	2.161111780000e-01	-9.157534990000e-05	0.000000000000e+00
200	1.065200000000e-01	0	0.000000000000e+00	2.161194890000e-01	-8.540224790000e-05	0.000000000000e+00
200	1.073800000000e-01	0	0.000000000000e+00	2.159823680000e-01	-8.608814810000e-05	0.000000000000e+00
200	1.082500000000e-01	0	0.000000000000e+00	2.159297360000e-01	-8.814584880000e-05	0.000000000000e+00
200	1.091400000000e-01	0	0.000000000000e+00	2.160356920000e-01	-9.226125010000e-05	0.000000000000e+00
200	1.099000000000e-01	0	0.000000000000e+00	2.160765520000e-01	-8.608814810000e-05	0.000000000000e+00
200	1.107800000000e-01	0	0.000000000000e+00	2.161395720000e-01	-8.677404830000e-05	0.000000000000e+00
200	1.116600000000e-01	0	0.000000000000e+00	2.160363850000e-01	-9.020354950000e-05	0.000000000000e+00
200	1.125500000000e-01	0	0.000000000000e+00	2.160253050000e-01	-9.431895080000e-05	0.000000000000e+00
200	1.134100000000e-01	0	0.000000000000e+00	2.159775200000e-01	-9.363305060000e-05	0.000000000000e+00
200	1.142900000000e-01	0	0.000000000000e+00	2.160433100000e-01	-9.431895080000e-05	0.000000000000e+00
200	1.150900000000e-01	0	0.000000000000e+00	2.160550830000e-01	-9.226125010000e-05	0.000000000000e+00
200	1.159900000000e-01	0	0.000000000000e+00	2.161471900000e-01	-9.843435210000e-05	0.000000000000e+00
200	1.168200000000e-01	0	6.103560000000e-05	2.159567440000e-01	-8.883174900000e-05	0.000000000000e+00
200	1.177000000000e-01	0	0.000000000000e+00	2.159699020000e-01	-9.569075120000e-05	0.000000000000e+00
200	1.186400000000e-01	0	0.000000000000e+00	2.160059140000e-01	-9.363305060000e-05	0.000000000000e+00
200	1.194600000000e-01	0	0.000000000000e+00	2.161347240000e-01	-9.569075120000e-05	0.000000000000e+00
200	1.203400000000e-01	0	0.000000000000e+00	2.160017590000e-01	-9.431895080000e-05	0.000000000000e+00
200	1.211300000000e-01	0	0.000000000000e+00	2.159837530000e-01	-8.883174900000e-05	0.000000000000e+00
200	1.220000000000e-01	0	0.000000000000e+00	2.159359680000e-01	-8.745994860000e-05	0.000000000000e+00
200	1.229000000000e-01	0	0.000000000000e+00	2.160163020000e-01	-9.157534990000e-05	0.000000000000e+00
200	1.237600000000e-01	0	0.000000000000e+00	2.160183790000e-01	-9.088944970000e-05	0.000000000000e+00
200	1.246400000000e-01	0	0.000000000000e+00	2.160183790000e-01	-9.500485100000e-05	0.000000000000e+00
200	1.254100000000e-01	0	0.000000000000e+00	2.159048040000e-01	-9.088944970000e-05	0.000000000000e+00
200	1.263200000000e-01	0	0.000000000000e+00	2.158140830000e-01	-9.637665140000e-05	0.000000000000e+00
200	1.271800000000e-01	0	0.000000000000e+00	2.158777960000e-01	-9.226125010000e-05	0.000000000000e+00
200	1.280500000000e-01	0	0.000000000000e+00	2.160197640000e-01	-9.226125010000e-05	0.000000000000e+00
200	1.289300000000e-01	0	6.103560000000e-05	2.159608990000e-01	-9.706255170000e-05	0.000000000000e+00
200	1.298000000000e-01	0	0.000000000000e+00	2.158722560000e-01	-9.363305060000e-05	0.000000000000e+00
200	1.305800000000e-01	0	0.000000000000e+00	2.158085430000e-01	-9.294715030000e-05	0.000000000000e+00
200	1.314500000000e-01	0	0.000000000000e+00	2.158874910000e-01	-9.431895080000e-05	0.000000000000e+00
200	1.323100000000e-01	0	0.000000000000e+00	2.159255800000e-01	-9.363305060000e-05	0.000000000000e+00
200	1.332100000000e-01	0	0.000000000000e+00	2.158978790000e-01	-9.431895080000e-05	0.000000000000e+00
200	1.341100000000e-01	0	0.000000000000e+00	2.158660230000e-01	-9.843435210000e-05	0.000000000000e+00
200	1.349700000000e-01	0	0.000000000000e+00	2.158126980000e-01	-9.226125010000e-05	0.000000000000e+00
200	1.357400000000e-01	0	0.000000000000e+00	2.157891520000e-01	-8.883174900000e-05	0.000000000000e+00
200	1.366300000000e-01	0	0.000000000000e+00	2.157912300000e-01	-9.500485100000e-05	0.000000000000e+00
200	1.374900000000e-01	0	0.000000000000e+00	2.158320890000e-01	-9.431895080000e-05	0.000000000000e+00
200	1.383700000000e-01	0	6.103560000000e-05	2.156741920000e-01	-8.951764920000e-05	0.000000000000e+00
200	1.392700000000e-01	0	0.000000000000e+00	2.156672670000e-01	-9.431895080000e-05	0.000000000000e+00
200	1.400300000000e-01	0	0.000000000000e+00	2.156651890000e-01	-9.912025230000e-05	0.000000000000e+00
200	1.409100000000e-01	0	0.000000000000e+00	2.156409510000e-01	-9.569075120000e-05	0.000000000000e+00
200	1.418200000000e-01	0	0.000000000000e+00	2.156492610000e-01	-9.569075120000e-05	0.000000000000e+00
200	1.427100000000e-01	0	0.000000000000e+00	2.156326400000e-01	-9.569075120000e-05	0.000000000000e+00
200	1.435500000000e-01	0	6.103560000000e-05	2.154906720000e-01	-9.500485100000e-05	0.000000000000e+00
200	1.444000000000e-01	0	0.000000000000e+00	2.155363790000e-01	-9.637665140000e-05	0.000000000000e+00
200	1.453200000000e-01	0	0.000000000000e+00	2.154650480000e-01	-9.363305060000e-05	0.000000000000e+00
200	1.460700000000e-01	0	0.000000000000e+00	2.155038300000e-01	-9.774845190000e-05	0.000000000000e+00
200	1.469600000000e-01	0	0.000000000000e+00	2.154304220000e-01	-9.706255170000e-05	0.000000000000e+00
200	1.478300000000e-01	0	0.000000000000e+00	2.153680940000e-01	-9.774845190000e-05	0.000000000000e+00
200	1.487100000000e-01	0	0.000000000000e+00	2.153050740000e-01	-9.980615260000e-05	0.000000000000e+00
200	1.495700000000e-01	0	0.000000000000e+00	2.152115830000e-01	-9.912025230000e-05	0.000000000000e+00
200	1.504400000000e-01	0	0.000000000000e+00	2.153009190000e-01	-9.363305060000e-05	0.000000000000e+00
200	1.512400000000e-01	0	0.000000000000e+00	2.152378990000e-01	-9.500485100000e-05	0.000000000000e+00
200	1.521200000000e-01	0	0.000000000000e+00	2.151852670000e-01	-9.431895080000e-05	0.000000000000e+00
200	1.530000000000e-01	0	0.000000000000e+00	2.150426060000e-01	-9.294715030000e-05	0.000000000000e+00
200	1.538500000000e-01	0	0.000000000000e+00	2.150509160000e-01	-9.500485100000e-05	0.000000000000e+00
200	1.547700000000e-01	0	0.000000000000e+00	2.150606110000e-01	-9.637665140000e-05	0.000000000000e+00
200	1.555200000000e-01	0	0.000000000000e+00	2.150107490000e-01	-9.363305060000e-05	0.000000000000e+00
200	1.564000000000e-01	0	0.000000000000e+00	2.150488380000e-01	-9.294715030000e-05	0.000000000000e+00
200	1.572800000000e-01	0	0.000000000000e+00	2.148403870000e-01	-9.431895080000e-05	0.000000000000e+00
200	1.581700000000e-01	0	0.000000000000e+00	2.147773670000e-01	-9.157534990000e-05	0.000000000000e+00
200	1.590400000000e-01	0	0.000000000000e+00	2.147621310000e-01	-9.912025230000e-05	0.000000000000e+00
200	1.599100000000e-01	0	0.000000000000e+00	2.147842920000e-01	-9.020354950000e-05	0.000000000000e+00
200	1.607000000000e-01	0	6.103560000000e-05	2.146700250000e-01	-9.431895080000e-05	0.000000000000e+00
200	1.615700000000e-01	0	0.000000000000e+00	2.145945390000e-01	-9.637665140000e-05	0.000000000000e+00
200	1.624700000000e-01	0	0.000000000000e+00	2.145370590000e-01	-9.363305060000e-05	0.000000000000e+00
200	1.633200000000e-01	0	0.000000000000e+00	2.145709930000e-01	-9.637665140000e-05	0.000000000000e+00
200	1.642200000000e-01	0	0.000000000000e+00	2.145377520000e-01	-9.363305060000e-05	0.000000000000e+00
200	1.651200000000e-01	0	0.000000000000e+00	2.144207140000e-01	-9.500485100000e-05	0.000000000000e+00
200	1.659800000000e-01	0	0.000000000000e+00	2.143106020000e-01	-9.363305060000e-05	0.000000000000e+00
200	1.667600000000e-01	0	0.000000000000e+00	2.143050620000e-01	-9.294715030000e-05	0.000000000000e+00
200	1.676200000000e-01	0	0.000000000000e+00	2.142863640000e-01	-9.294715030000e-05	0.000000000000e+00
200	1.684700000000e-01	0	0.000000000000e+00	2.143341480000e-01	-9.226125010000e-05	0.000000000000e+00
200	1.693700000000e-01	0	0.000000000000e+00	2.146568670000e-01	-9.294715030000e-05	0.000000000000e+00
200	1.702800000000e-01	0	0.000000000000e+00	2.145910770000e-01	-9.431895080000e-05	0.000000000000e+00
200	1.711300000000e-01	0	0.000000000000e+00	2.145197460000e-01	-9.569075120000e-05	0.000000000000e+00
200	1.719900000000e-01	0	0.000000000000e+00	2.145744560000e-01	-8.951764920000e-05	0.000000000000e+00
200	1.728100000000e-01	0	6.103560000000e-05	2.141201570000e-01	-9.226125010000e-05	0.000000000000e+00
200	1.736400000000e-01	0	0.000000000000e+00	2.140287430000e-01	-8.951764920000e-05	0.000000000000e+00
200	1.745400000000e-01	0	6.103560000000e-05	2.139214010000e-01	-8.883174900000e-05	0.000000000000e+00
200	1.754300000000e-01	0	0.000000000000e+00	2.140564440000e-01	-9.294715030000e-05	0.000000000000e+00
200	1.763100000000e-01	0	0.000000000000e+00	2.140058890000e-01	-9.088944970000e-05	0.000000000000e+00
200	1.772100000000e-01	0	6.103560000000e-05	2.137932830000e-01	-8.814584880000e-05	0.000000000000e+00
200	1.780700000000e-01	0	0.000000000000e+00	2.137434210000e-01	-8.814584880000e-05	0.000000000000e+00
200	1.788500000000e-01	0	0.000000000000e+00	2.138015930000e-01	-9.363305060000e-05	0.000000000000e+00
200	1.797300000000e-01	0	0.000000000000e+00	2.138521480000e-01	-8.814584880000e-05	0.000000000000e+00
200	1.806000000000e-01	0	0.000000000000e+00	2.137766620000e-01	-9.088944970000e-05	0.000000000000e+00
200	1.815000000000e-01	0	0.000000000000e+00	2.138694610000e-01	-9.294715030000e-05	0.000000000000e+00
200	1.822800000000e-01	0	0.000000000000e+00	2.137053320000e-01	-9.363305060000e-05	0.000000000000e+00
200	1.831400000000e-01	0	0.000000000000e+00	2.136416190000e-01	-9.569075120000e-05	0.000000000000e+00
200	1.840100000000e-01	0	0.000000000000e+00	2.137586560000e-01	-9.088944970000e-05	0.000000000000e+00
200	1.848800000000e-01	0	0.000000000000e+00	2.137115640000e-01	-9.226125010000e-05	0.000000000000e+00
200	1.857700000000e-01	0	0.000000000000e+00	2.137392660000e-01	-9.294715030000e-05	0.000000000000e+00
200	1.866400000000e-01	0	0.000000000000e+00	2.137067170000e-01	-9.226125010000e-05	0.000000000000e+00
200	1.875300000000e-01	0	0.000000000000e+00	2.136977140000e-01	-9.088944970000e-05	0.000000000000e+00
200	1.883200000000e-01	0	0.000000000000e+00	2.135986820000e-01	-9.363305060000e-05	0.000000000000e+00
200	1.891800000000e-01	0	0.000000000000e+00	2.136700130000e-01	-8.814584880000e-05	0.000000000000e+00
200	1.900600000000e-01	0	0.000000000000e+00	2.137773550000e-01	-8.951764920000e-05	0.000000000000e+00
200	1.909400000000e-01	0	0.000000000000e+00	2.136554700000e-01	-9.569075120000e-05	0.000000000000e+00
200	1.918100000000e-01	0	6.103560000000e-05	2.135827540000e-01	-9.500485100000e-05	0.000000000000e+00
200	1.926900000000e-01	0	0.000000000000e+00	2.136880180000e-01	-9.774845190000e-05	0.000000000000e+00
200	1.934600000000e-01	0	0.000000000000e+00	2.137828950000e-01	-9.088944970000e-05	0.000000000000e+00
200	1.943300000000e-01	0	0.000000000000e+00	2.137295700000e-01	-9.500485100000e-05	0.000000000000e+00
200	1.952200000000e-01	0	0.000000000000e+00	2.137108720000e-01	-9.500485100000e-05	0.000000000000e+00
200	1.960800000000e-01	0	0.000000000000e+00	2.135993750000e-01	-9.157534990000e-05	0.000000000000e+00
200	1.969000000000e-01	0	0.000000000000e+00	2.137067170000e-01	-9.294715030000e-05	0.000000000000e+00
200	1.977500000000e-01	0	0.000000000000e+00	2.137503460000e-01	-9.431895080000e-05	0.000000000000e+00
200	1.986400000000e-01	0	0.000000000000e+00	2.139033950000e-01	-9.637665140000e-05	0.000000000000e+00
200	1.994700000000e-01	0	0.000000000000e+00	2.138147510000e-01	-9.294715030000e-05	0.000000000000e+00
200	1.998100000000e-01	0	0.000000000000e+00	2.137766620000e-01	-9.157534990000e-05	0.000000000000e+00
200	1.999100000000e-01	0	0.000000000000e+00	2.137164120000e-01	-8.951764920000e-05	0.000000000000e+00

