# Filename: data_384.dat
# Timestamp: Mon Sep 02 16:48:17 2019

# Column 1:
#	end: -0.2
#	name: IPS120-10 (swept B(T))
#	size: 2
#	start: 0.2
#	type: coordinate
# Column 2:
#	end: 0
#	name: y_parameter (none)
#	size: 1
#	start: 0
#	type: coordinate
# Column 3:
#	end: 0
#	name: z_parameter (none)
#	size: 1
#	start: 0
#	type: coordinate
# Column 4:
#	name: lockin 1
#	type: value
# Column 5:
#	name: Keithley 1
#	type: value
# Column 6:
#	name: Keithley 2
#	type: value
# Column 7:
#	name: processed dIdV
#	type: value

500	1.997100000000e-01	0	0.000000000000e+00	3.999222810000e-01	-9.157534990000e-05	0.000000000000e+00
500	1.990300000000e-01	0	0.000000000000e+00	3.997498420000e-01	-8.951764920000e-05	0.000000000000e+00
500	1.983200000000e-01	0	0.000000000000e+00	4.001660520000e-01	-9.363305060000e-05	0.000000000000e+00
500	1.974500000000e-01	0	6.103560000000e-05	3.999153560000e-01	-9.431895080000e-05	0.000000000000e+00
500	1.966400000000e-01	0	0.000000000000e+00	3.993647950000e-01	-9.569075120000e-05	0.000000000000e+00
500	1.957700000000e-01	0	0.000000000000e+00	3.991653470000e-01	-8.814584880000e-05	0.000000000000e+00
500	1.948700000000e-01	0	0.000000000000e+00	3.997256030000e-01	-9.637665140000e-05	0.000000000000e+00
500	1.940000000000e-01	0	6.103560000000e-05	3.995580110000e-01	-9.843435210000e-05	0.000000000000e+00
500	1.932300000000e-01	0	6.103560000000e-05	3.997318360000e-01	-9.431895080000e-05	0.000000000000e+00
500	1.923700000000e-01	0	6.103560000000e-05	3.997027500000e-01	-9.569075120000e-05	0.000000000000e+00
500	1.914500000000e-01	0	0.000000000000e+00	3.993273990000e-01	-1.018638530000e-04	0.000000000000e+00
500	1.905900000000e-01	0	6.103560000000e-05	3.991016340000e-01	-9.500485100000e-05	0.000000000000e+00
500	1.897200000000e-01	0	6.103560000000e-05	3.993855710000e-01	-1.004920530000e-04	0.000000000000e+00
500	1.888200000000e-01	0	0.000000000000e+00	3.992796140000e-01	-9.843435210000e-05	0.000000000000e+00
500	1.879200000000e-01	0	6.103560000000e-05	3.995019160000e-01	-9.912025230000e-05	0.000000000000e+00
500	1.870700000000e-01	0	0.000000000000e+00	3.991798900000e-01	-9.706255170000e-05	0.000000000000e+00
500	1.862900000000e-01	0	0.000000000000e+00	3.986916570000e-01	-9.774845190000e-05	0.000000000000e+00
500	1.854100000000e-01	0	6.103560000000e-05	3.993045450000e-01	-9.637665140000e-05	0.000000000000e+00
500	1.845600000000e-01	0	6.103560000000e-05	3.992713040000e-01	-9.774845190000e-05	0.000000000000e+00
500	1.836600000000e-01	0	0.000000000000e+00	3.987311310000e-01	-9.637665140000e-05	0.000000000000e+00
500	1.827700000000e-01	0	0.000000000000e+00	3.992851540000e-01	-9.843435210000e-05	0.000000000000e+00
500	1.819000000000e-01	0	0.000000000000e+00	3.988848730000e-01	-9.569075120000e-05	0.000000000000e+00
500	1.811400000000e-01	0	6.103560000000e-05	3.990254560000e-01	-9.980615260000e-05	0.000000000000e+00
500	1.802700000000e-01	0	0.000000000000e+00	3.990483090000e-01	-9.706255170000e-05	0.000000000000e+00
500	1.793800000000e-01	0	0.000000000000e+00	3.985476110000e-01	-9.294715030000e-05	0.000000000000e+00
500	1.785000000000e-01	0	0.000000000000e+00	3.983481620000e-01	-9.500485100000e-05	0.000000000000e+00
500	1.776300000000e-01	0	0.000000000000e+00	3.987214360000e-01	-9.912025230000e-05	0.000000000000e+00
500	1.768100000000e-01	0	6.103560000000e-05	3.987768380000e-01	-9.637665140000e-05	0.000000000000e+00
500	1.759500000000e-01	0	0.000000000000e+00	3.988225450000e-01	-1.004920530000e-04	0.000000000000e+00
500	1.750900000000e-01	0	0.000000000000e+00	3.987235130000e-01	-9.706255170000e-05	0.000000000000e+00
500	1.741800000000e-01	0	0.000000000000e+00	3.986688030000e-01	-9.843435210000e-05	0.000000000000e+00
500	1.733000000000e-01	0	0.000000000000e+00	3.982574410000e-01	-9.774845190000e-05	0.000000000000e+00
500	1.724500000000e-01	0	0.000000000000e+00	3.984181080000e-01	-1.032356540000e-04	0.000000000000e+00
500	1.715700000000e-01	0	0.000000000000e+00	3.977235010000e-01	-1.032356540000e-04	0.000000000000e+00
500	1.707900000000e-01	0	0.000000000000e+00	3.984665850000e-01	-1.011779530000e-04	0.000000000000e+00
500	1.698900000000e-01	0	6.103560000000e-05	3.982712920000e-01	-1.004920530000e-04	0.000000000000e+00
500	1.690600000000e-01	0	0.000000000000e+00	3.991826600000e-01	-9.980615260000e-05	0.000000000000e+00
500	1.681500000000e-01	0	0.000000000000e+00	3.978467710000e-01	-1.004920530000e-04	0.000000000000e+00
500	1.672800000000e-01	0	6.103560000000e-05	3.970600580000e-01	-1.039215540000e-04	0.000000000000e+00
500	1.664100000000e-01	0	0.000000000000e+00	3.982789100000e-01	-9.980615260000e-05	0.000000000000e+00
500	1.655100000000e-01	0	0.000000000000e+00	3.981397110000e-01	-1.025497530000e-04	0.000000000000e+00
500	1.647100000000e-01	0	0.000000000000e+00	3.976618660000e-01	-1.018638530000e-04	0.000000000000e+00
500	1.638400000000e-01	0	0.000000000000e+00	3.974755760000e-01	-1.018638530000e-04	0.000000000000e+00
500	1.629600000000e-01	0	0.000000000000e+00	3.976279320000e-01	-9.843435210000e-05	0.000000000000e+00
500	1.620800000000e-01	0	6.103560000000e-05	3.975517540000e-01	-1.052933540000e-04	0.000000000000e+00
500	1.613300000000e-01	0	6.103560000000e-05	3.974589550000e-01	-1.039215540000e-04	0.000000000000e+00
500	1.604400000000e-01	0	6.103560000000e-05	3.978703170000e-01	-1.052933540000e-04	0.000000000000e+00
500	1.595700000000e-01	0	0.000000000000e+00	3.976133890000e-01	-9.774845190000e-05	0.000000000000e+00
500	1.586900000000e-01	0	0.000000000000e+00	3.970101960000e-01	-1.032356540000e-04	0.000000000000e+00
500	1.578000000000e-01	0	6.103560000000e-05	3.965524340000e-01	-1.018638530000e-04	0.000000000000e+00
500	1.569200000000e-01	0	6.103560000000e-05	3.972934400000e-01	-1.039215540000e-04	0.000000000000e+00
500	1.560600000000e-01	0	0.000000000000e+00	3.971272330000e-01	-1.011779530000e-04	0.000000000000e+00
500	1.552900000000e-01	0	0.000000000000e+00	3.965247330000e-01	-1.011779530000e-04	0.000000000000e+00
500	1.544000000000e-01	0	0.000000000000e+00	3.965628220000e-01	-1.004920530000e-04	0.000000000000e+00
500	1.535200000000e-01	0	1.220710000000e-04	3.968003600000e-01	-9.843435210000e-05	0.000000000000e+00
500	1.526400000000e-01	0	6.103560000000e-05	3.971667080000e-01	-9.843435210000e-05	0.000000000000e+00
500	1.517700000000e-01	0	0.000000000000e+00	3.977179610000e-01	-1.011779530000e-04	0.000000000000e+00
500	1.508800000000e-01	0	0.000000000000e+00	3.976057710000e-01	-1.025497530000e-04	0.000000000000e+00
500	1.500100000000e-01	0	0.000000000000e+00	3.955198730000e-01	-9.843435210000e-05	0.000000000000e+00
500	1.492400000000e-01	0	6.103560000000e-05	3.975018920000e-01	-1.025497530000e-04	0.000000000000e+00
500	1.483600000000e-01	0	6.103560000000e-05	3.974852710000e-01	-9.706255170000e-05	0.000000000000e+00
500	1.474700000000e-01	0	6.103560000000e-05	3.968294460000e-01	-1.018638530000e-04	0.000000000000e+00
500	1.465900000000e-01	0	0.000000000000e+00	3.971258480000e-01	-1.018638530000e-04	0.000000000000e+00
500	1.457000000000e-01	0	0.000000000000e+00	3.971459320000e-01	-1.004920530000e-04	0.000000000000e+00
500	1.448300000000e-01	0	6.103560000000e-05	3.971923310000e-01	-1.025497530000e-04	0.000000000000e+00
500	1.439500000000e-01	0	0.000000000000e+00	3.972027190000e-01	-1.011779530000e-04	0.000000000000e+00
500	1.431800000000e-01	0	0.000000000000e+00	3.968232130000e-01	-1.018638530000e-04	0.000000000000e+00
500	1.423200000000e-01	0	0.000000000000e+00	3.970275090000e-01	-1.052933540000e-04	0.000000000000e+00
500	1.414600000000e-01	0	0.000000000000e+00	3.964797190000e-01	-1.032356540000e-04	0.000000000000e+00
500	1.405400000000e-01	0	6.103560000000e-05	3.970752940000e-01	-9.912025230000e-05	0.000000000000e+00
500	1.396700000000e-01	0	6.103560000000e-05	3.965226550000e-01	-9.912025230000e-05	0.000000000000e+00
500	1.387900000000e-01	0	0.000000000000e+00	3.972144920000e-01	-9.912025230000e-05	0.000000000000e+00
500	1.380000000000e-01	0	0.000000000000e+00	3.969748770000e-01	-9.843435210000e-05	0.000000000000e+00
500	1.371100000000e-01	0	6.103560000000e-05	3.962982760000e-01	-9.980615260000e-05	0.000000000000e+00
500	1.362500000000e-01	0	0.000000000000e+00	3.962927360000e-01	-9.912025230000e-05	0.000000000000e+00
500	1.354100000000e-01	0	0.000000000000e+00	3.966590840000e-01	-9.843435210000e-05	0.000000000000e+00
500	1.344800000000e-01	0	0.000000000000e+00	3.968585320000e-01	-1.011779530000e-04	0.000000000000e+00
500	1.336100000000e-01	0	0.000000000000e+00	3.962366410000e-01	-1.011779530000e-04	0.000000000000e+00
500	1.327300000000e-01	0	0.000000000000e+00	3.968855410000e-01	-9.843435210000e-05	0.000000000000e+00
500	1.319600000000e-01	0	6.103560000000e-05	3.967200260000e-01	-1.004920530000e-04	0.000000000000e+00
500	1.310800000000e-01	0	6.103560000000e-05	3.982927600000e-01	-1.004920530000e-04	0.000000000000e+00
500	1.302200000000e-01	0	0.000000000000e+00	3.964907990000e-01	-9.912025230000e-05	0.000000000000e+00
500	1.293300000000e-01	0	0.000000000000e+00	3.970718310000e-01	-9.569075120000e-05	0.000000000000e+00
500	1.284600000000e-01	0	0.000000000000e+00	3.965323510000e-01	-9.912025230000e-05	0.000000000000e+00
500	1.275300000000e-01	0	0.000000000000e+00	3.967421870000e-01	-9.912025230000e-05	0.000000000000e+00
500	1.267000000000e-01	0	0.000000000000e+00	3.967110230000e-01	-9.980615260000e-05	0.000000000000e+00
500	1.259200000000e-01	0	0.000000000000e+00	3.968599170000e-01	-9.980615260000e-05	0.000000000000e+00
500	1.250500000000e-01	0	0.000000000000e+00	3.970752940000e-01	-9.912025230000e-05	0.000000000000e+00
500	1.241700000000e-01	0	0.000000000000e+00	3.966286120000e-01	-9.843435210000e-05	0.000000000000e+00
500	1.233400000000e-01	0	6.103560000000e-05	3.970856820000e-01	-1.018638530000e-04	0.000000000000e+00
500	1.224000000000e-01	0	0.000000000000e+00	3.970586730000e-01	-9.843435210000e-05	0.000000000000e+00
500	1.215200000000e-01	0	0.000000000000e+00	3.965337360000e-01	-9.980615260000e-05	0.000000000000e+00
500	1.206600000000e-01	0	0.000000000000e+00	3.969360950000e-01	-1.025497530000e-04	0.000000000000e+00
500	1.198500000000e-01	0	0.000000000000e+00	3.966542360000e-01	-1.032356540000e-04	0.000000000000e+00
500	1.189700000000e-01	0	0.000000000000e+00	3.971937160000e-01	-9.569075120000e-05	0.000000000000e+00
500	1.181100000000e-01	0	0.000000000000e+00	3.967262590000e-01	-9.980615260000e-05	0.000000000000e+00
500	1.172800000000e-01	0	6.103560000000e-05	3.964998020000e-01	-9.569075120000e-05	0.000000000000e+00
500	1.163500000000e-01	0	6.103560000000e-05	3.969111640000e-01	-9.980615260000e-05	0.000000000000e+00
500	1.154700000000e-01	0	0.000000000000e+00	3.969319400000e-01	-1.073510550000e-04	0.000000000000e+00
500	1.147100000000e-01	0	0.000000000000e+00	3.952193150000e-01	-1.025497530000e-04	0.000000000000e+00
500	1.138300000000e-01	0	6.103560000000e-05	3.968806930000e-01	-9.912025230000e-05	0.000000000000e+00
500	1.129500000000e-01	0	6.103560000000e-05	3.969596410000e-01	-9.843435210000e-05	0.000000000000e+00
500	1.120800000000e-01	0	0.000000000000e+00	3.969229370000e-01	-1.018638530000e-04	0.000000000000e+00
500	1.111900000000e-01	0	0.000000000000e+00	3.969222450000e-01	-1.018638530000e-04	0.000000000000e+00
500	1.103100000000e-01	0	6.103560000000e-05	3.968536840000e-01	-1.066651550000e-04	0.000000000000e+00
500	1.095300000000e-01	0	0.000000000000e+00	3.969721070000e-01	-1.073510550000e-04	0.000000000000e+00
500	1.086500000000e-01	0	0.000000000000e+00	3.968716900000e-01	-1.087228550000e-04	0.000000000000e+00
500	1.077800000000e-01	0	0.000000000000e+00	3.965531270000e-01	-1.100946560000e-04	0.000000000000e+00
500	1.069000000000e-01	0	0.000000000000e+00	3.970815260000e-01	-1.080369550000e-04	0.000000000000e+00
500	1.060300000000e-01	0	6.103560000000e-05	3.967428800000e-01	-1.080369550000e-04	0.000000000000e+00
500	1.051700000000e-01	0	0.000000000000e+00	3.957220920000e-01	-1.080369550000e-04	0.000000000000e+00
500	1.043700000000e-01	0	6.103560000000e-05	3.968613020000e-01	-1.073510550000e-04	0.000000000000e+00
500	1.034900000000e-01	0	0.000000000000e+00	3.956812320000e-01	-1.080369550000e-04	0.000000000000e+00
500	1.026300000000e-01	0	6.103560000000e-05	3.969326330000e-01	-1.059792550000e-04	0.000000000000e+00
500	1.017500000000e-01	0	6.103560000000e-05	3.971791730000e-01	-1.052933540000e-04	0.000000000000e+00
500	1.008700000000e-01	0	0.000000000000e+00	3.970628280000e-01	-1.052933540000e-04	0.000000000000e+00
500	9.998000000000e-02	0	0.000000000000e+00	3.976341650000e-01	-1.100946560000e-04	0.000000000000e+00
500	9.912000000000e-02	0	0.000000000000e+00	3.971860980000e-01	-1.080369550000e-04	0.000000000000e+00
500	9.831000000000e-02	0	0.000000000000e+00	3.977269640000e-01	-1.094087560000e-04	0.000000000000e+00
500	9.743000000000e-02	0	0.000000000000e+00	3.976120040000e-01	-1.066651550000e-04	0.000000000000e+00
500	9.654000000000e-02	0	0.000000000000e+00	3.973273740000e-01	-1.066651550000e-04	0.000000000000e+00
500	9.566000000000e-02	0	0.000000000000e+00	3.973322220000e-01	-1.100946560000e-04	0.000000000000e+00
500	9.479000000000e-02	0	6.103560000000e-05	3.973931650000e-01	-1.059792550000e-04	0.000000000000e+00
500	9.392000000000e-02	0	0.000000000000e+00	3.975448290000e-01	-1.080369550000e-04	0.000000000000e+00
500	9.308000000000e-02	0	0.000000000000e+00	3.980330620000e-01	-1.066651550000e-04	0.000000000000e+00
500	9.224000000000e-02	0	0.000000000000e+00	3.976923370000e-01	-1.080369550000e-04	0.000000000000e+00
500	9.140000000000e-02	0	0.000000000000e+00	3.981050850000e-01	-1.059792550000e-04	0.000000000000e+00
500	9.049000000000e-02	0	0.000000000000e+00	3.979381850000e-01	-1.059792550000e-04	0.000000000000e+00
500	8.962000000000e-02	0	0.000000000000e+00	3.981404040000e-01	-1.114664560000e-04	0.000000000000e+00
500	8.875000000000e-02	0	6.103560000000e-05	3.979471880000e-01	-1.087228550000e-04	0.000000000000e+00
500	8.788000000000e-02	0	0.000000000000e+00	3.980150560000e-01	-1.046074540000e-04	0.000000000000e+00
500	8.712000000000e-02	0	0.000000000000e+00	3.980226740000e-01	-1.107805560000e-04	0.000000000000e+00
500	8.621000000000e-02	0	0.000000000000e+00	3.981646420000e-01	-1.073510550000e-04	0.000000000000e+00
500	8.536000000000e-02	0	0.000000000000e+00	3.981175500000e-01	-1.094087560000e-04	0.000000000000e+00
500	8.449000000000e-02	0	0.000000000000e+00	3.981057770000e-01	-1.121523570000e-04	0.000000000000e+00
500	8.358000000000e-02	0	0.000000000000e+00	3.979873550000e-01	-1.087228550000e-04	0.000000000000e+00
500	8.280000000000e-02	0	0.000000000000e+00	3.980815390000e-01	-1.100946560000e-04	0.000000000000e+00
500	8.191000000000e-02	0	0.000000000000e+00	3.981500990000e-01	-1.087228550000e-04	0.000000000000e+00
500	8.109000000000e-02	0	0.000000000000e+00	3.980697660000e-01	-1.087228550000e-04	0.000000000000e+00
500	8.016000000000e-02	0	0.000000000000e+00	3.984181080000e-01	-1.073510550000e-04	0.000000000000e+00
500	7.931000000000e-02	0	6.103560000000e-05	3.984735100000e-01	-1.080369550000e-04	0.000000000000e+00
500	7.842000000000e-02	0	0.000000000000e+00	3.984451170000e-01	-1.107805560000e-04	0.000000000000e+00
500	7.755000000000e-02	0	0.000000000000e+00	3.984596600000e-01	-1.059792550000e-04	0.000000000000e+00
500	7.674000000000e-02	0	0.000000000000e+00	3.984617370000e-01	-1.073510550000e-04	0.000000000000e+00
500	7.590000000000e-02	0	0.000000000000e+00	3.986279440000e-01	-1.066651550000e-04	0.000000000000e+00
500	7.501000000000e-02	0	0.000000000000e+00	3.986417950000e-01	-1.052933540000e-04	0.000000000000e+00
500	7.412000000000e-02	0	0.000000000000e+00	3.986667260000e-01	-1.094087560000e-04	0.000000000000e+00
500	7.325000000000e-02	0	0.000000000000e+00	3.986847320000e-01	-1.066651550000e-04	0.000000000000e+00
500	7.235000000000e-02	0	0.000000000000e+00	3.987401340000e-01	-1.059792550000e-04	0.000000000000e+00
500	7.159000000000e-02	0	0.000000000000e+00	3.987588320000e-01	-1.094087560000e-04	0.000000000000e+00
500	7.072000000000e-02	0	0.000000000000e+00	3.990406920000e-01	-1.094087560000e-04	0.000000000000e+00
500	6.984000000000e-02	0	0.000000000000e+00	3.988329330000e-01	-1.094087560000e-04	0.000000000000e+00
500	6.897000000000e-02	0	0.000000000000e+00	3.989098040000e-01	-1.080369550000e-04	0.000000000000e+00
500	6.807000000000e-02	0	0.000000000000e+00	3.988855650000e-01	-1.114664560000e-04	0.000000000000e+00
500	6.730000000000e-02	0	0.000000000000e+00	3.990836280000e-01	-1.046074540000e-04	0.000000000000e+00
500	6.644000000000e-02	0	0.000000000000e+00	4.001328100000e-01	-1.046074540000e-04	0.000000000000e+00
500	6.553000000000e-02	0	0.000000000000e+00	3.992235190000e-01	-1.066651550000e-04	0.000000000000e+00
500	6.467000000000e-02	0	0.000000000000e+00	3.992955420000e-01	-1.100946560000e-04	0.000000000000e+00
500	6.377000000000e-02	0	0.000000000000e+00	3.993460970000e-01	-1.039215540000e-04	0.000000000000e+00
500	6.290000000000e-02	0	0.000000000000e+00	3.993080080000e-01	-1.025497530000e-04	0.000000000000e+00
500	6.213000000000e-02	0	0.000000000000e+00	3.995877900000e-01	-1.121523570000e-04	0.000000000000e+00
500	6.125000000000e-02	0	0.000000000000e+00	3.995358500000e-01	-1.066651550000e-04	0.000000000000e+00
500	6.037000000000e-02	0	0.000000000000e+00	3.996016400000e-01	-1.073510550000e-04	0.000000000000e+00
500	5.950000000000e-02	0	0.000000000000e+00	3.996958240000e-01	-1.094087560000e-04	0.000000000000e+00
500	5.861000000000e-02	0	6.103560000000e-05	3.994901430000e-01	-1.032356540000e-04	0.000000000000e+00
500	5.774000000000e-02	0	6.103560000000e-05	3.997172930000e-01	-1.052933540000e-04	0.000000000000e+00
500	5.685000000000e-02	0	6.103560000000e-05	3.997810050000e-01	-1.004920530000e-04	0.000000000000e+00
500	5.610000000000e-02	0	0.000000000000e+00	3.999492900000e-01	-1.032356540000e-04	0.000000000000e+00
500	5.523000000000e-02	0	0.000000000000e+00	4.000081550000e-01	-1.039215540000e-04	0.000000000000e+00
500	5.437000000000e-02	0	0.000000000000e+00	4.000040000000e-01	-1.100946560000e-04	0.000000000000e+00
500	5.345000000000e-02	0	0.000000000000e+00	4.001785170000e-01	-1.039215540000e-04	0.000000000000e+00
500	5.257000000000e-02	0	0.000000000000e+00	4.006016520000e-01	-1.073510550000e-04	0.000000000000e+00
500	5.171000000000e-02	0	0.000000000000e+00	4.006625950000e-01	-1.039215540000e-04	0.000000000000e+00
500	5.096000000000e-02	0	0.000000000000e+00	4.003502640000e-01	-1.039215540000e-04	0.000000000000e+00
500	5.003000000000e-02	0	0.000000000000e+00	4.005614860000e-01	-1.066651550000e-04	0.000000000000e+00
500	4.914000000000e-02	0	0.000000000000e+00	4.003966640000e-01	-1.018638530000e-04	0.000000000000e+00
500	4.830000000000e-02	0	0.000000000000e+00	4.006715980000e-01	-1.052933540000e-04	0.000000000000e+00
500	4.742000000000e-02	0	0.000000000000e+00	4.007242300000e-01	-1.059792550000e-04	0.000000000000e+00
500	4.665000000000e-02	0	0.000000000000e+00	4.003502640000e-01	-9.912025230000e-05	0.000000000000e+00
500	4.578000000000e-02	0	0.000000000000e+00	4.008218770000e-01	-1.032356540000e-04	0.000000000000e+00
500	4.490000000000e-02	0	0.000000000000e+00	4.009299110000e-01	-1.032356540000e-04	0.000000000000e+00
500	4.399000000000e-02	0	0.000000000000e+00	4.003142530000e-01	-1.025497530000e-04	0.000000000000e+00
500	4.313000000000e-02	0	0.000000000000e+00	4.011598310000e-01	-1.032356540000e-04	0.000000000000e+00
500	4.225000000000e-02	0	0.000000000000e+00	4.008156440000e-01	-9.980615260000e-05	0.000000000000e+00
500	4.136000000000e-02	0	0.000000000000e+00	4.009735410000e-01	-1.039215540000e-04	0.000000000000e+00
500	4.056000000000e-02	0	6.103560000000e-05	4.012270060000e-01	-1.032356540000e-04	0.000000000000e+00
500	3.969000000000e-02	0	0.000000000000e+00	4.012927970000e-01	-9.980615260000e-05	0.000000000000e+00
500	3.883000000000e-02	0	0.000000000000e+00	4.013461210000e-01	-1.039215540000e-04	0.000000000000e+00
500	3.795000000000e-02	0	0.000000000000e+00	4.012616330000e-01	-1.004920530000e-04	0.000000000000e+00
500	3.707000000000e-02	0	0.000000000000e+00	4.015580350000e-01	-1.025497530000e-04	0.000000000000e+00
500	3.620000000000e-02	0	0.000000000000e+00	4.013440440000e-01	-1.004920530000e-04	0.000000000000e+00
500	3.531000000000e-02	0	0.000000000000e+00	4.015898920000e-01	-1.011779530000e-04	0.000000000000e+00
500	3.450000000000e-02	0	0.000000000000e+00	4.017560990000e-01	-1.018638530000e-04	0.000000000000e+00
500	3.366000000000e-02	0	0.000000000000e+00	4.018211960000e-01	-9.912025230000e-05	0.000000000000e+00
500	3.278000000000e-02	0	0.000000000000e+00	4.020781250000e-01	-9.980615260000e-05	0.000000000000e+00
500	3.187000000000e-02	0	0.000000000000e+00	4.020815870000e-01	-9.912025230000e-05	0.000000000000e+00
500	3.102000000000e-02	0	0.000000000000e+00	4.021189840000e-01	-9.843435210000e-05	0.000000000000e+00
500	3.025000000000e-02	0	6.103560000000e-05	4.017374000000e-01	-1.025497530000e-04	0.000000000000e+00
500	2.937000000000e-02	0	6.103560000000e-05	4.016986190000e-01	-1.018638530000e-04	0.000000000000e+00
500	2.848000000000e-02	0	6.103560000000e-05	4.015885070000e-01	-1.011779530000e-04	0.000000000000e+00
500	2.764000000000e-02	0	0.000000000000e+00	4.025511220000e-01	-1.018638530000e-04	0.000000000000e+00
500	2.670000000000e-02	0	0.000000000000e+00	4.020698140000e-01	-9.980615260000e-05	0.000000000000e+00
500	2.593000000000e-02	0	6.103560000000e-05	4.024098460000e-01	-9.912025230000e-05	0.000000000000e+00
500	2.508000000000e-02	0	0.000000000000e+00	4.021252170000e-01	-1.039215540000e-04	0.000000000000e+00
500	2.419000000000e-02	0	0.000000000000e+00	4.024610930000e-01	-1.039215540000e-04	0.000000000000e+00
500	2.331000000000e-02	0	0.000000000000e+00	4.026092950000e-01	-1.046074540000e-04	0.000000000000e+00
500	2.241000000000e-02	0	6.103560000000e-05	4.026002920000e-01	-1.059792550000e-04	0.000000000000e+00
500	2.156000000000e-02	0	0.000000000000e+00	4.027568030000e-01	-1.059792550000e-04	0.000000000000e+00
500	2.055000000000e-02	0	6.103560000000e-05	4.023786820000e-01	-1.046074540000e-04	0.000000000000e+00
500	1.967000000000e-02	0	0.000000000000e+00	4.025753610000e-01	-1.128382570000e-04	0.000000000000e+00
500	1.892000000000e-02	0	0.000000000000e+00	4.029008490000e-01	-1.080369550000e-04	0.000000000000e+00
500	1.802000000000e-02	0	0.000000000000e+00	4.030732890000e-01	-1.080369550000e-04	0.000000000000e+00
500	1.715000000000e-02	0	0.000000000000e+00	4.024230040000e-01	-1.094087560000e-04	0.000000000000e+00
500	1.625000000000e-02	0	6.103560000000e-05	4.030483580000e-01	-1.087228550000e-04	0.000000000000e+00
500	1.543000000000e-02	0	0.000000000000e+00	4.031550080000e-01	-1.032356540000e-04	0.000000000000e+00
500	1.452000000000e-02	0	6.103560000000e-05	4.021736940000e-01	-1.080369550000e-04	0.000000000000e+00
500	1.373000000000e-02	0	6.103560000000e-05	4.030774440000e-01	-1.052933540000e-04	0.000000000000e+00
500	1.287000000000e-02	0	0.000000000000e+00	4.030746740000e-01	-1.107805560000e-04	0.000000000000e+00
500	1.200000000000e-02	0	0.000000000000e+00	4.029943410000e-01	-1.059792550000e-04	0.000000000000e+00
500	1.109000000000e-02	0	0.000000000000e+00	4.025393490000e-01	-1.094087560000e-04	0.000000000000e+00
500	1.022000000000e-02	0	0.000000000000e+00	4.030386630000e-01	-1.032356540000e-04	0.000000000000e+00
500	9.350000000000e-03	0	1.220710000000e-04	4.027872750000e-01	-1.080369550000e-04	0.000000000000e+00
500	8.490000000000e-03	0	6.103560000000e-05	4.033496080000e-01	-1.025497530000e-04	0.000000000000e+00
500	7.690000000000e-03	0	6.103560000000e-05	4.033599960000e-01	-1.059792550000e-04	0.000000000000e+00
500	6.800000000000e-03	0	6.103560000000e-05	4.033752320000e-01	-1.046074540000e-04	0.000000000000e+00
500	5.960000000000e-03	0	0.000000000000e+00	4.029721800000e-01	-1.080369550000e-04	0.000000000000e+00
500	5.020000000000e-03	0	0.000000000000e+00	4.033911600000e-01	-1.066651550000e-04	0.000000000000e+00
500	4.170000000000e-03	0	0.000000000000e+00	4.027443380000e-01	-1.052933540000e-04	0.000000000000e+00
500	3.350000000000e-03	0	0.000000000000e+00	4.032173350000e-01	-1.039215540000e-04	0.000000000000e+00
500	2.410000000000e-03	0	6.103560000000e-05	4.031030680000e-01	-1.059792550000e-04	0.000000000000e+00
500	1.650000000000e-03	0	0.000000000000e+00	4.031924040000e-01	-1.059792550000e-04	0.000000000000e+00
500	7.700000000000e-04	0	0.000000000000e+00	4.030912950000e-01	-1.046074540000e-04	0.000000000000e+00
500	-8.000000000000e-05	0	0.000000000000e+00	4.031723210000e-01	-1.066651550000e-04	0.000000000000e+00
500	-1.000000000000e-03	0	0.000000000000e+00	4.030677490000e-01	-1.094087560000e-04	0.000000000000e+00
500	-1.880000000000e-03	0	0.000000000000e+00	4.034451770000e-01	-1.114664560000e-04	0.000000000000e+00
500	-2.730000000000e-03	0	0.000000000000e+00	4.035241260000e-01	-1.094087560000e-04	0.000000000000e+00
500	-3.610000000000e-03	0	0.000000000000e+00	4.032000220000e-01	-1.094087560000e-04	0.000000000000e+00
500	-4.400000000000e-03	0	0.000000000000e+00	4.034500250000e-01	-1.087228550000e-04	0.000000000000e+00
500	-5.250000000000e-03	0	0.000000000000e+00	4.032318780000e-01	-1.066651550000e-04	0.000000000000e+00
500	-6.180000000000e-03	0	0.000000000000e+00	4.036972580000e-01	-1.046074540000e-04	0.000000000000e+00
500	-7.040000000000e-03	0	0.000000000000e+00	4.035137380000e-01	-1.114664560000e-04	0.000000000000e+00
500	-7.910000000000e-03	0	0.000000000000e+00	4.021480700000e-01	-1.066651550000e-04	0.000000000000e+00
500	-8.800000000000e-03	0	6.103560000000e-05	4.031473900000e-01	-1.080369550000e-04	0.000000000000e+00
500	-9.530000000000e-03	0	0.000000000000e+00	4.030158090000e-01	-1.080369550000e-04	0.000000000000e+00
500	-1.045000000000e-02	0	6.103560000000e-05	4.027505710000e-01	-1.052933540000e-04	0.000000000000e+00
500	-1.130000000000e-02	0	6.103560000000e-05	4.034569500000e-01	-1.032356540000e-04	0.000000000000e+00
500	-1.219000000000e-02	0	0.000000000000e+00	4.026889360000e-01	-1.025497530000e-04	0.000000000000e+00
500	-1.308000000000e-02	0	0.000000000000e+00	4.028433700000e-01	-1.039215540000e-04	0.000000000000e+00
500	-1.389000000000e-02	0	0.000000000000e+00	4.028004330000e-01	-1.046074540000e-04	0.000000000000e+00
500	-1.473000000000e-02	0	6.103560000000e-05	4.032858960000e-01	-1.032356540000e-04	0.000000000000e+00
500	-1.562000000000e-02	0	0.000000000000e+00	4.032748150000e-01	-1.059792550000e-04	0.000000000000e+00
500	-1.651000000000e-02	0	0.000000000000e+00	4.002920920000e-01	-1.025497530000e-04	0.000000000000e+00
500	-1.736000000000e-02	0	6.103560000000e-05	4.027256400000e-01	-1.039215540000e-04	0.000000000000e+00
500	-1.823000000000e-02	0	6.103560000000e-05	4.027256400000e-01	-1.059792550000e-04	0.000000000000e+00
500	-1.912000000000e-02	0	0.000000000000e+00	4.020074870000e-01	-9.843435210000e-05	0.000000000000e+00
500	-1.989000000000e-02	0	6.103560000000e-05	4.029043120000e-01	-9.980615260000e-05	0.000000000000e+00
500	-2.078000000000e-02	0	6.103560000000e-05	4.027090190000e-01	-1.032356540000e-04	0.000000000000e+00
500	-2.168000000000e-02	0	0.000000000000e+00	4.027900450000e-01	-1.039215540000e-04	0.000000000000e+00
500	-2.255000000000e-02	0	1.220710000000e-04	4.027166370000e-01	-1.052933540000e-04	0.000000000000e+00
500	-2.342000000000e-02	0	6.103560000000e-05	4.025400420000e-01	-1.039215540000e-04	0.000000000000e+00
500	-2.431000000000e-02	0	6.103560000000e-05	4.025822860000e-01	-1.046074540000e-04	0.000000000000e+00
500	-2.518000000000e-02	0	6.103560000000e-05	4.020905900000e-01	-1.025497530000e-04	0.000000000000e+00
500	-2.597000000000e-02	0	6.103560000000e-05	4.026764700000e-01	-1.025497530000e-04	0.000000000000e+00
500	-2.684000000000e-02	0	6.103560000000e-05	4.017997280000e-01	-1.011779530000e-04	0.000000000000e+00
500	-2.766000000000e-02	0	0.000000000000e+00	4.021231390000e-01	-1.025497530000e-04	0.000000000000e+00
500	-2.859000000000e-02	0	0.000000000000e+00	4.019320010000e-01	-1.004920530000e-04	0.000000000000e+00
500	-2.947000000000e-02	0	0.000000000000e+00	4.015774260000e-01	-1.039215540000e-04	0.000000000000e+00
500	-3.036000000000e-02	0	0.000000000000e+00	4.019693980000e-01	-1.025497530000e-04	0.000000000000e+00
500	-3.112000000000e-02	0	0.000000000000e+00	4.021120590000e-01	-1.052933540000e-04	0.000000000000e+00
500	-3.204000000000e-02	0	6.103560000000e-05	4.020206450000e-01	-1.046074540000e-04	0.000000000000e+00
500	-3.288000000000e-02	0	0.000000000000e+00	4.018682880000e-01	-1.032356540000e-04	0.000000000000e+00
500	-3.376000000000e-02	0	0.000000000000e+00	4.017360150000e-01	-1.011779530000e-04	0.000000000000e+00
500	-3.465000000000e-02	0	0.000000000000e+00	4.017290900000e-01	-1.059792550000e-04	0.000000000000e+00
500	-3.553000000000e-02	0	6.103560000000e-05	4.012332390000e-01	-1.052933540000e-04	0.000000000000e+00
500	-3.640000000000e-02	0	0.000000000000e+00	4.013641270000e-01	-1.011779530000e-04	0.000000000000e+00
500	-3.716000000000e-02	0	0.000000000000e+00	4.014901670000e-01	-9.980615260000e-05	0.000000000000e+00
500	-3.805000000000e-02	0	0.000000000000e+00	4.009617680000e-01	-9.980615260000e-05	0.000000000000e+00
500	-3.892000000000e-02	0	0.000000000000e+00	4.007768620000e-01	-1.025497530000e-04	0.000000000000e+00
500	-3.982000000000e-02	0	0.000000000000e+00	4.008364200000e-01	-1.011779530000e-04	0.000000000000e+00
500	-4.074000000000e-02	0	0.000000000000e+00	4.006279690000e-01	-1.025497530000e-04	0.000000000000e+00
500	-4.155000000000e-02	0	0.000000000000e+00	4.006155030000e-01	-1.046074540000e-04	0.000000000000e+00
500	-4.232000000000e-02	0	6.103560000000e-05	4.006826780000e-01	-9.980615260000e-05	0.000000000000e+00
500	-4.323000000000e-02	0	0.000000000000e+00	4.007560860000e-01	-1.004920530000e-04	0.000000000000e+00
500	-4.411000000000e-02	0	6.103560000000e-05	4.001722840000e-01	-1.032356540000e-04	0.000000000000e+00
500	-4.498000000000e-02	0	0.000000000000e+00	4.004880780000e-01	-1.025497530000e-04	0.000000000000e+00
500	-4.585000000000e-02	0	6.103560000000e-05	4.004686870000e-01	-9.843435210000e-05	0.000000000000e+00
500	-4.663000000000e-02	0	0.000000000000e+00	4.001639740000e-01	-9.912025230000e-05	0.000000000000e+00
500	-4.751000000000e-02	0	6.103560000000e-05	4.001480460000e-01	-1.052933540000e-04	0.000000000000e+00
500	-4.838000000000e-02	0	6.103560000000e-05	4.002740860000e-01	-1.018638530000e-04	0.000000000000e+00
500	-4.926000000000e-02	0	0.000000000000e+00	4.002076030000e-01	-1.025497530000e-04	0.000000000000e+00
500	-5.015000000000e-02	0	6.103560000000e-05	4.000379340000e-01	-1.004920530000e-04	0.000000000000e+00
500	-5.103000000000e-02	0	0.000000000000e+00	4.002609280000e-01	-9.431895080000e-05	0.000000000000e+00
500	-5.192000000000e-02	0	0.000000000000e+00	4.001217300000e-01	-9.912025230000e-05	0.000000000000e+00
500	-5.270000000000e-02	0	0.000000000000e+00	3.999181260000e-01	-9.569075120000e-05	0.000000000000e+00
500	-5.355000000000e-02	0	6.103560000000e-05	3.998987350000e-01	-9.706255170000e-05	0.000000000000e+00
500	-5.444000000000e-02	0	0.000000000000e+00	3.997373760000e-01	-9.843435210000e-05	0.000000000000e+00
500	-5.531000000000e-02	0	0.000000000000e+00	4.000379340000e-01	-9.569075120000e-05	0.000000000000e+00
500	-5.621000000000e-02	0	6.103560000000e-05	3.997346060000e-01	-9.637665140000e-05	0.000000000000e+00
500	-5.708000000000e-02	0	0.000000000000e+00	3.997062120000e-01	-9.774845190000e-05	0.000000000000e+00
500	-5.795000000000e-02	0	0.000000000000e+00	3.997969340000e-01	-9.226125010000e-05	0.000000000000e+00
500	-5.873000000000e-02	0	0.000000000000e+00	3.999866870000e-01	-9.157534990000e-05	0.000000000000e+00
500	-5.962000000000e-02	0	0.000000000000e+00	3.995794790000e-01	-9.431895080000e-05	0.000000000000e+00
500	-6.046000000000e-02	0	0.000000000000e+00	3.994839100000e-01	-9.706255170000e-05	0.000000000000e+00
500	-6.134000000000e-02	0	0.000000000000e+00	3.993661800000e-01	-9.843435210000e-05	0.000000000000e+00
500	-6.226000000000e-02	0	0.000000000000e+00	3.992221340000e-01	-9.569075120000e-05	0.000000000000e+00
500	-6.313000000000e-02	0	6.103560000000e-05	3.990206080000e-01	-9.637665140000e-05	0.000000000000e+00
500	-6.391000000000e-02	0	0.000000000000e+00	3.990129900000e-01	-9.569075120000e-05	0.000000000000e+00
500	-6.478000000000e-02	0	0.000000000000e+00	3.988869500000e-01	-1.004920530000e-04	0.000000000000e+00
500	-6.565000000000e-02	0	0.000000000000e+00	3.986369470000e-01	-9.774845190000e-05	0.000000000000e+00
500	-6.651000000000e-02	0	0.000000000000e+00	3.986778060000e-01	-9.706255170000e-05	0.000000000000e+00
500	-6.744000000000e-02	0	0.000000000000e+00	3.985136770000e-01	-9.226125010000e-05	0.000000000000e+00
500	-6.816000000000e-02	0	0.000000000000e+00	3.986320990000e-01	-9.500485100000e-05	0.000000000000e+00
500	-6.905000000000e-02	0	0.000000000000e+00	3.985469180000e-01	-9.774845190000e-05	0.000000000000e+00
500	-6.990000000000e-02	0	0.000000000000e+00	3.983980250000e-01	-9.706255170000e-05	0.000000000000e+00
500	-7.084000000000e-02	0	0.000000000000e+00	3.979984350000e-01	-9.774845190000e-05	0.000000000000e+00
500	-7.170000000000e-02	0	6.103560000000e-05	3.983730930000e-01	-9.980615260000e-05	0.000000000000e+00
500	-7.260000000000e-02	0	0.000000000000e+00	3.983585500000e-01	-9.500485100000e-05	0.000000000000e+00
500	-7.335000000000e-02	0	0.000000000000e+00	3.982290470000e-01	-9.843435210000e-05	0.000000000000e+00
500	-7.422000000000e-02	0	0.000000000000e+00	3.982525930000e-01	-9.569075120000e-05	0.000000000000e+00
500	-7.512000000000e-02	0	0.000000000000e+00	3.979755820000e-01	-9.363305060000e-05	0.000000000000e+00
500	-7.600000000000e-02	0	0.000000000000e+00	3.980046680000e-01	-9.431895080000e-05	0.000000000000e+00
500	-7.688000000000e-02	0	0.000000000000e+00	3.980891560000e-01	-9.706255170000e-05	0.000000000000e+00
500	-7.776000000000e-02	0	0.000000000000e+00	3.978890160000e-01	-9.774845190000e-05	0.000000000000e+00
500	-7.852000000000e-02	0	0.000000000000e+00	3.979229490000e-01	-1.004920530000e-04	0.000000000000e+00
500	-7.939000000000e-02	0	0.000000000000e+00	3.978440010000e-01	-9.363305060000e-05	0.000000000000e+00
500	-8.029000000000e-02	0	0.000000000000e+00	3.977117280000e-01	-9.706255170000e-05	0.000000000000e+00
500	-8.117000000000e-02	0	0.000000000000e+00	3.977733630000e-01	-9.774845190000e-05	0.000000000000e+00
500	-8.201000000000e-02	0	0.000000000000e+00	3.974111700000e-01	-9.706255170000e-05	0.000000000000e+00
500	-8.283000000000e-02	0	0.000000000000e+00	3.975635270000e-01	-1.004920530000e-04	0.000000000000e+00
500	-8.370000000000e-02	0	0.000000000000e+00	3.975552160000e-01	-9.569075120000e-05	0.000000000000e+00
500	-8.457000000000e-02	0	0.000000000000e+00	3.971992560000e-01	-9.431895080000e-05	0.000000000000e+00
500	-8.545000000000e-02	0	0.000000000000e+00	3.972131070000e-01	-9.774845190000e-05	0.000000000000e+00
500	-8.632000000000e-02	0	6.103560000000e-05	3.960704340000e-01	-1.011779530000e-04	0.000000000000e+00
500	-8.722000000000e-02	0	0.000000000000e+00	3.972913630000e-01	-9.431895080000e-05	0.000000000000e+00
500	-8.810000000000e-02	0	0.000000000000e+00	3.972103370000e-01	-9.637665140000e-05	0.000000000000e+00
500	-8.887000000000e-02	0	0.000000000000e+00	3.971258480000e-01	-9.569075120000e-05	0.000000000000e+00
500	-8.976000000000e-02	0	0.000000000000e+00	3.971874830000e-01	-9.569075120000e-05	0.000000000000e+00
500	-9.062000000000e-02	0	0.000000000000e+00	3.971840210000e-01	-9.569075120000e-05	0.000000000000e+00
500	-9.151000000000e-02	0	0.000000000000e+00	3.971175380000e-01	-8.883174900000e-05	0.000000000000e+00
500	-9.227000000000e-02	0	0.000000000000e+00	3.970669830000e-01	-9.294715030000e-05	0.000000000000e+00
500	-9.317000000000e-02	0	0.000000000000e+00	3.968834630000e-01	-9.157534990000e-05	0.000000000000e+00
500	-9.401000000000e-02	0	0.000000000000e+00	3.967255660000e-01	-9.363305060000e-05	0.000000000000e+00
500	-9.490000000000e-02	0	0.000000000000e+00	3.967304140000e-01	-9.294715030000e-05	0.000000000000e+00
500	-9.580000000000e-02	0	0.000000000000e+00	3.966867850000e-01	-9.431895080000e-05	0.000000000000e+00
500	-9.666000000000e-02	0	0.000000000000e+00	3.966480030000e-01	-9.294715030000e-05	0.000000000000e+00
500	-9.755000000000e-02	0	0.000000000000e+00	3.966431560000e-01	-9.157534990000e-05	0.000000000000e+00
500	-9.832000000000e-02	0	0.000000000000e+00	3.965406610000e-01	-9.157534990000e-05	0.000000000000e+00
500	-9.920000000000e-02	0	0.000000000000e+00	3.965586670000e-01	-9.363305060000e-05	0.000000000000e+00
500	-1.000700000000e-01	0	0.000000000000e+00	3.965441240000e-01	-9.431895080000e-05	0.000000000000e+00
500	-1.009800000000e-01	0	0.000000000000e+00	3.962802700000e-01	-9.431895080000e-05	0.000000000000e+00
500	-1.018600000000e-01	0	0.000000000000e+00	3.964887210000e-01	-9.294715030000e-05	0.000000000000e+00
500	-1.027000000000e-01	0	0.000000000000e+00	3.964880290000e-01	-9.157534990000e-05	0.000000000000e+00
500	-1.035000000000e-01	0	0.000000000000e+00	3.964935690000e-01	-9.431895080000e-05	0.000000000000e+00
500	-1.043700000000e-01	0	0.000000000000e+00	3.965579740000e-01	-9.020354950000e-05	0.000000000000e+00
500	-1.052700000000e-01	0	0.000000000000e+00	3.965496640000e-01	-9.226125010000e-05	0.000000000000e+00
500	-1.061200000000e-01	0	0.000000000000e+00	3.966189170000e-01	-9.363305060000e-05	0.000000000000e+00
500	-1.070000000000e-01	0	0.000000000000e+00	3.965517420000e-01	-9.294715030000e-05	0.000000000000e+00
500	-1.077600000000e-01	0	0.000000000000e+00	3.962698820000e-01	-9.294715030000e-05	0.000000000000e+00
500	-1.086600000000e-01	0	0.000000000000e+00	3.963585260000e-01	-8.951764920000e-05	0.000000000000e+00
500	-1.095200000000e-01	0	0.000000000000e+00	3.954028360000e-01	-9.226125010000e-05	0.000000000000e+00
500	-1.104200000000e-01	0	0.000000000000e+00	3.960351150000e-01	-8.814584880000e-05	0.000000000000e+00
500	-1.113100000000e-01	0	0.000000000000e+00	3.961196030000e-01	-9.637665140000e-05	0.000000000000e+00
500	-1.121700000000e-01	0	0.000000000000e+00	3.961216810000e-01	-9.294715030000e-05	0.000000000000e+00
500	-1.129400000000e-01	0	6.103560000000e-05	3.961930120000e-01	-9.088944970000e-05	0.000000000000e+00
500	-1.138500000000e-01	0	0.000000000000e+00	3.963689140000e-01	-9.226125010000e-05	0.000000000000e+00
500	-1.146800000000e-01	0	0.000000000000e+00	3.951306720000e-01	-8.677404830000e-05	0.000000000000e+00
500	-1.156000000000e-01	0	0.000000000000e+00	3.961632330000e-01	-9.088944970000e-05	0.000000000000e+00
500	-1.164700000000e-01	0	0.000000000000e+00	3.961756980000e-01	-9.294715030000e-05	0.000000000000e+00
500	-1.173600000000e-01	0	0.000000000000e+00	3.962290230000e-01	-8.471634770000e-05	0.000000000000e+00
500	-1.181300000000e-01	0	0.000000000000e+00	3.958155830000e-01	-9.226125010000e-05	0.000000000000e+00
500	-1.190400000000e-01	0	0.000000000000e+00	3.959568590000e-01	-9.157534990000e-05	0.000000000000e+00
500	-1.199100000000e-01	0	0.000000000000e+00	3.959076890000e-01	-9.088944970000e-05	0.000000000000e+00
500	-1.207400000000e-01	0	6.103560000000e-05	3.956472980000e-01	-9.569075120000e-05	0.000000000000e+00
500	-1.216400000000e-01	0	6.103560000000e-05	3.960849770000e-01	-8.883174900000e-05	0.000000000000e+00
500	-1.224100000000e-01	0	6.103560000000e-05	3.957193220000e-01	-8.677404830000e-05	0.000000000000e+00
500	-1.232800000000e-01	0	0.000000000000e+00	3.959997960000e-01	-8.677404830000e-05	0.000000000000e+00
500	-1.241500000000e-01	0	0.000000000000e+00	3.962130950000e-01	-9.226125010000e-05	0.000000000000e+00
500	-1.250600000000e-01	0	0.000000000000e+00	3.961680800000e-01	-9.500485100000e-05	0.000000000000e+00
500	-1.259400000000e-01	0	6.103560000000e-05	3.961009050000e-01	-9.294715030000e-05	0.000000000000e+00
500	-1.268000000000e-01	0	0.000000000000e+00	3.948598930000e-01	-9.294715030000e-05	0.000000000000e+00
500	-1.276700000000e-01	0	0.000000000000e+00	3.960046440000e-01	-9.226125010000e-05	0.000000000000e+00
500	-1.284800000000e-01	0	0.000000000000e+00	3.956833100000e-01	-9.294715030000e-05	0.000000000000e+00
500	-1.293400000000e-01	0	6.103560000000e-05	3.960849770000e-01	-9.226125010000e-05	0.000000000000e+00
500	-1.302000000000e-01	0	0.000000000000e+00	3.961784680000e-01	-9.431895080000e-05	0.000000000000e+00
500	-1.311300000000e-01	0	0.000000000000e+00	3.959762500000e-01	-8.951764920000e-05	0.000000000000e+00
500	-1.319800000000e-01	0	0.000000000000e+00	3.961763910000e-01	-9.226125010000e-05	0.000000000000e+00
500	-1.327500000000e-01	0	0.000000000000e+00	3.962823480000e-01	-9.226125010000e-05	0.000000000000e+00
500	-1.336100000000e-01	0	0.000000000000e+00	3.959748650000e-01	-8.814584880000e-05	0.000000000000e+00
500	-1.345300000000e-01	0	0.000000000000e+00	3.960392700000e-01	-9.226125010000e-05	0.000000000000e+00
500	-1.353800000000e-01	0	0.000000000000e+00	3.958515950000e-01	-9.431895080000e-05	0.000000000000e+00
500	-1.362600000000e-01	0	0.000000000000e+00	3.960274970000e-01	-8.883174900000e-05	0.000000000000e+00
500	-1.370300000000e-01	0	0.000000000000e+00	3.961196030000e-01	-9.569075120000e-05	0.000000000000e+00
500	-1.379200000000e-01	0	0.000000000000e+00	3.957276320000e-01	-9.363305060000e-05	0.000000000000e+00
500	-1.388200000000e-01	0	0.000000000000e+00	3.961362240000e-01	-9.912025230000e-05	0.000000000000e+00
500	-1.396700000000e-01	0	0.000000000000e+00	3.959173850000e-01	-9.294715030000e-05	0.000000000000e+00
500	-1.406100000000e-01	0	0.000000000000e+00	3.959166920000e-01	-9.294715030000e-05	0.000000000000e+00
500	-1.414400000000e-01	0	0.000000000000e+00	3.953668240000e-01	-9.294715030000e-05	0.000000000000e+00
500	-1.423100000000e-01	0	0.000000000000e+00	3.960461950000e-01	-8.814584880000e-05	0.000000000000e+00
500	-1.430900000000e-01	0	0.000000000000e+00	3.962352560000e-01	-9.088944970000e-05	0.000000000000e+00
500	-1.439600000000e-01	0	6.103560000000e-05	3.963218220000e-01	-9.843435210000e-05	0.000000000000e+00
500	-1.448600000000e-01	0	6.103560000000e-05	3.961286060000e-01	-9.843435210000e-05	0.000000000000e+00
500	-1.457300000000e-01	0	0.000000000000e+00	3.961521520000e-01	-9.363305060000e-05	0.000000000000e+00
500	-1.466300000000e-01	0	0.000000000000e+00	3.962719600000e-01	-9.569075120000e-05	0.000000000000e+00
500	-1.473800000000e-01	0	0.000000000000e+00	3.960101840000e-01	-9.706255170000e-05	0.000000000000e+00
500	-1.482600000000e-01	0	0.000000000000e+00	3.959769420000e-01	-9.569075120000e-05	0.000000000000e+00
500	-1.491400000000e-01	0	6.103560000000e-05	3.961930120000e-01	-9.912025230000e-05	0.000000000000e+00
500	-1.500500000000e-01	0	0.000000000000e+00	3.963301320000e-01	-9.363305060000e-05	0.000000000000e+00
500	-1.508900000000e-01	0	6.103560000000e-05	3.962352560000e-01	-9.912025230000e-05	0.000000000000e+00
500	-1.517500000000e-01	0	6.103560000000e-05	3.959250030000e-01	-9.431895080000e-05	0.000000000000e+00
500	-1.526700000000e-01	0	0.000000000000e+00	3.960254190000e-01	-9.912025230000e-05	0.000000000000e+00
500	-1.534200000000e-01	0	0.000000000000e+00	3.964180840000e-01	-9.226125010000e-05	0.000000000000e+00
500	-1.543000000000e-01	0	0.000000000000e+00	3.959291580000e-01	-9.088944970000e-05	0.000000000000e+00
500	-1.551900000000e-01	0	6.103560000000e-05	3.959527040000e-01	-9.226125010000e-05	0.000000000000e+00
500	-1.560800000000e-01	0	0.000000000000e+00	3.963259770000e-01	-9.431895080000e-05	0.000000000000e+00
500	-1.569300000000e-01	0	6.103560000000e-05	3.959263880000e-01	-9.226125010000e-05	0.000000000000e+00
500	-1.578100000000e-01	0	0.000000000000e+00	3.962324860000e-01	-9.774845190000e-05	0.000000000000e+00
500	-1.585900000000e-01	0	0.000000000000e+00	3.964097730000e-01	-9.500485100000e-05	0.000000000000e+00
500	-1.594800000000e-01	0	0.000000000000e+00	3.964333190000e-01	-9.294715030000e-05	0.000000000000e+00
500	-1.603400000000e-01	0	0.000000000000e+00	3.963938450000e-01	-9.363305060000e-05	0.000000000000e+00
500	-1.612300000000e-01	0	0.000000000000e+00	3.952033870000e-01	-9.774845190000e-05	0.000000000000e+00
500	-1.621100000000e-01	0	6.103560000000e-05	3.966119920000e-01	-9.500485100000e-05	0.000000000000e+00
500	-1.629800000000e-01	0	0.000000000000e+00	3.966431560000e-01	-8.883174900000e-05	0.000000000000e+00
500	-1.638600000000e-01	0	6.103560000000e-05	3.966743190000e-01	-9.157534990000e-05	0.000000000000e+00
500	-1.646500000000e-01	0	6.103560000000e-05	3.965316580000e-01	-9.226125010000e-05	0.000000000000e+00
500	-1.655100000000e-01	0	0.000000000000e+00	3.965288880000e-01	-9.020354950000e-05	0.000000000000e+00
500	-1.664100000000e-01	0	6.103560000000e-05	3.966182240000e-01	-9.226125010000e-05	0.000000000000e+00
500	-1.672800000000e-01	0	6.103560000000e-05	3.968128250000e-01	-9.637665140000e-05	0.000000000000e+00
500	-1.681700000000e-01	0	0.000000000000e+00	3.953966030000e-01	-9.226125010000e-05	0.000000000000e+00
500	-1.690500000000e-01	0	6.103560000000e-05	3.962816550000e-01	-9.226125010000e-05	0.000000000000e+00
500	-1.699300000000e-01	0	0.000000000000e+00	3.963730690000e-01	-9.226125010000e-05	0.000000000000e+00
500	-1.707000000000e-01	0	0.000000000000e+00	3.964901070000e-01	-9.500485100000e-05	0.000000000000e+00
500	-1.715500000000e-01	0	6.103560000000e-05	3.969908050000e-01	-9.569075120000e-05	0.000000000000e+00
500	-1.724400000000e-01	0	0.000000000000e+00	3.971951010000e-01	-9.294715030000e-05	0.000000000000e+00
500	-1.733100000000e-01	0	6.103560000000e-05	3.965025720000e-01	-8.951764920000e-05	0.000000000000e+00
500	-1.742300000000e-01	0	6.103560000000e-05	3.972996730000e-01	-9.363305060000e-05	0.000000000000e+00
500	-1.750900000000e-01	0	6.103560000000e-05	3.971279260000e-01	-9.157534990000e-05	0.000000000000e+00
500	-1.759900000000e-01	0	6.103560000000e-05	3.974160180000e-01	-9.500485100000e-05	0.000000000000e+00
500	-1.767500000000e-01	0	0.000000000000e+00	3.973834690000e-01	-9.843435210000e-05	0.000000000000e+00
500	-1.776400000000e-01	0	0.000000000000e+00	3.951036630000e-01	-9.637665140000e-05	0.000000000000e+00
500	-1.784800000000e-01	0	6.103560000000e-05	3.971272330000e-01	-9.226125010000e-05	0.000000000000e+00
500	-1.794000000000e-01	0	1.220710000000e-04	3.974928890000e-01	-9.500485100000e-05	0.000000000000e+00
500	-1.802700000000e-01	0	0.000000000000e+00	3.969028540000e-01	-9.294715030000e-05	0.000000000000e+00
500	-1.811400000000e-01	0	0.000000000000e+00	3.976964920000e-01	-9.431895080000e-05	0.000000000000e+00
500	-1.819100000000e-01	0	0.000000000000e+00	3.979901250000e-01	-9.294715030000e-05	0.000000000000e+00
500	-1.827800000000e-01	0	6.103560000000e-05	3.975669890000e-01	-9.569075120000e-05	0.000000000000e+00
500	-1.836500000000e-01	0	0.000000000000e+00	3.978876300000e-01	-9.706255170000e-05	0.000000000000e+00
500	-1.845300000000e-01	0	0.000000000000e+00	3.979797370000e-01	-9.088944970000e-05	0.000000000000e+00
500	-1.854300000000e-01	0	0.000000000000e+00	3.981314010000e-01	-9.500485100000e-05	0.000000000000e+00
500	-1.862300000000e-01	0	0.000000000000e+00	3.980219810000e-01	-9.294715030000e-05	0.000000000000e+00
500	-1.870900000000e-01	0	0.000000000000e+00	3.971902540000e-01	-9.569075120000e-05	0.000000000000e+00
500	-1.879300000000e-01	0	6.103560000000e-05	3.980095160000e-01	-9.980615260000e-05	0.000000000000e+00
500	-1.888300000000e-01	0	1.831060000000e-04	3.982082720000e-01	-9.431895080000e-05	0.000000000000e+00
500	-1.897200000000e-01	0	6.103560000000e-05	3.984610450000e-01	-9.363305060000e-05	0.000000000000e+00
500	-1.906000000000e-01	0	0.000000000000e+00	3.982318180000e-01	-9.569075120000e-05	0.000000000000e+00
500	-1.914800000000e-01	0	6.103560000000e-05	3.981881880000e-01	-9.774845190000e-05	0.000000000000e+00
500	-1.922500000000e-01	0	0.000000000000e+00	3.984852830000e-01	-9.774845190000e-05	0.000000000000e+00
500	-1.931200000000e-01	0	6.103560000000e-05	3.980607630000e-01	-9.431895080000e-05	0.000000000000e+00
500	-1.939800000000e-01	0	6.103560000000e-05	3.973156010000e-01	-9.774845190000e-05	0.000000000000e+00
500	-1.948900000000e-01	0	1.220710000000e-04	3.974541070000e-01	-9.294715030000e-05	0.000000000000e+00
500	-1.957800000000e-01	0	0.000000000000e+00	3.975891500000e-01	-9.569075120000e-05	0.000000000000e+00
500	-1.966600000000e-01	0	6.103560000000e-05	3.983627060000e-01	-9.774845190000e-05	0.000000000000e+00
500	-1.975400000000e-01	0	6.103560000000e-05	3.980005130000e-01	-9.706255170000e-05	0.000000000000e+00
500	-1.984100000000e-01	0	6.103560000000e-05	3.987297460000e-01	-9.980615260000e-05	0.000000000000e+00
500	-1.991800000000e-01	0	0.000000000000e+00	3.979970500000e-01	-9.500485100000e-05	0.000000000000e+00
500	-1.997100000000e-01	0	0.000000000000e+00	3.981597940000e-01	-9.706255170000e-05	0.000000000000e+00
500	-1.999000000000e-01	0	0.000000000000e+00	3.985296050000e-01	-9.294715030000e-05	0.000000000000e+00
500	-1.999600000000e-01	0	0.000000000000e+00	3.984527340000e-01	-1.004920530000e-04	0.000000000000e+00

