# Filename: data_383.dat
# Timestamp: Mon Sep 02 16:41:30 2019

# Column 1:
#	end: 0.2
#	name: IPS120-10 (swept B(T))
#	size: 2
#	start: -0.2
#	type: coordinate
# Column 2:
#	end: 0
#	name: y_parameter (none)
#	size: 1
#	start: 0
#	type: coordinate
# Column 3:
#	end: 0
#	name: z_parameter (none)
#	size: 1
#	start: 0
#	type: coordinate
# Column 4:
#	name: lockin 1
#	type: value
# Column 5:
#	name: Keithley 1
#	type: value
# Column 6:
#	name: Keithley 2
#	type: value
# Column 7:
#	name: processed dIdV
#	type: value

500	-1.997500000000e-01	0	0.000000000000e+00	3.983467770000e-01	-1.114664560000e-04	0.000000000000e+00
500	-1.991100000000e-01	0	0.000000000000e+00	3.984091050000e-01	-1.100946560000e-04	0.000000000000e+00
500	-1.983200000000e-01	0	0.000000000000e+00	3.975330560000e-01	-1.094087560000e-04	0.000000000000e+00
500	-1.974900000000e-01	0	6.103560000000e-05	3.983814040000e-01	-1.128382570000e-04	0.000000000000e+00
500	-1.967200000000e-01	0	0.000000000000e+00	3.984465020000e-01	-1.100946560000e-04	0.000000000000e+00
500	-1.958200000000e-01	0	6.103560000000e-05	3.957539480000e-01	-1.142100570000e-04	0.000000000000e+00
500	-1.949600000000e-01	0	6.103560000000e-05	3.984776650000e-01	-1.114664560000e-04	0.000000000000e+00
500	-1.941300000000e-01	0	1.220710000000e-04	3.984028720000e-01	-1.121523570000e-04	0.000000000000e+00
500	-1.932300000000e-01	0	6.103560000000e-05	3.977034180000e-01	-1.094087560000e-04	0.000000000000e+00
500	-1.923200000000e-01	0	0.000000000000e+00	3.982048090000e-01	-1.094087560000e-04	0.000000000000e+00
500	-1.914200000000e-01	0	0.000000000000e+00	3.984506570000e-01	-1.100946560000e-04	0.000000000000e+00
500	-1.906800000000e-01	0	0.000000000000e+00	3.980870790000e-01	-1.107805560000e-04	0.000000000000e+00
500	-1.897800000000e-01	0	0.000000000000e+00	3.981632570000e-01	-1.128382570000e-04	0.000000000000e+00
500	-1.889400000000e-01	0	6.103560000000e-05	3.982491310000e-01	-1.135241570000e-04	0.000000000000e+00
500	-1.880900000000e-01	0	1.220710000000e-04	3.967740440000e-01	-1.107805560000e-04	0.000000000000e+00
500	-1.871700000000e-01	0	6.103560000000e-05	3.978149150000e-01	-1.148959570000e-04	0.000000000000e+00
500	-1.862800000000e-01	0	6.103560000000e-05	3.980012050000e-01	-1.094087560000e-04	0.000000000000e+00
500	-1.854300000000e-01	0	6.103560000000e-05	3.974000900000e-01	-1.073510550000e-04	0.000000000000e+00
500	-1.846000000000e-01	0	6.103560000000e-05	3.976106190000e-01	-1.039215540000e-04	0.000000000000e+00
500	-1.837500000000e-01	0	0.000000000000e+00	3.974561850000e-01	-1.087228550000e-04	0.000000000000e+00
500	-1.828800000000e-01	0	0.000000000000e+00	3.976403980000e-01	-1.087228550000e-04	0.000000000000e+00
500	-1.820100000000e-01	0	0.000000000000e+00	3.975946910000e-01	-1.080369550000e-04	0.000000000000e+00
500	-1.811100000000e-01	0	0.000000000000e+00	3.974243280000e-01	-1.073510550000e-04	0.000000000000e+00
500	-1.802500000000e-01	0	0.000000000000e+00	3.974638030000e-01	-1.080369550000e-04	0.000000000000e+00
500	-1.793700000000e-01	0	0.000000000000e+00	3.974451040000e-01	-1.066651550000e-04	0.000000000000e+00
500	-1.785900000000e-01	0	6.103560000000e-05	3.974367940000e-01	-1.052933540000e-04	0.000000000000e+00
500	-1.777000000000e-01	0	6.103560000000e-05	3.966327680000e-01	-1.039215540000e-04	0.000000000000e+00
500	-1.768400000000e-01	0	6.103560000000e-05	3.974319460000e-01	-1.059792550000e-04	0.000000000000e+00
500	-1.759700000000e-01	0	0.000000000000e+00	3.975780700000e-01	-1.073510550000e-04	0.000000000000e+00
500	-1.750200000000e-01	0	0.000000000000e+00	3.964783340000e-01	-1.066651550000e-04	0.000000000000e+00
500	-1.742000000000e-01	0	0.000000000000e+00	3.970538250000e-01	-1.121523570000e-04	0.000000000000e+00
500	-1.733300000000e-01	0	6.103560000000e-05	3.970198910000e-01	-1.073510550000e-04	0.000000000000e+00
500	-1.725600000000e-01	0	6.103560000000e-05	3.964146210000e-01	-1.066651550000e-04	0.000000000000e+00
500	-1.716300000000e-01	0	6.103560000000e-05	3.966909400000e-01	-1.087228550000e-04	0.000000000000e+00
500	-1.707900000000e-01	0	0.000000000000e+00	3.967511900000e-01	-1.080369550000e-04	0.000000000000e+00
500	-1.698900000000e-01	0	0.000000000000e+00	3.967061760000e-01	-1.080369550000e-04	0.000000000000e+00
500	-1.691400000000e-01	0	0.000000000000e+00	3.970517480000e-01	-1.025497530000e-04	0.000000000000e+00
500	-1.682500000000e-01	0	0.000000000000e+00	3.965295810000e-01	-1.052933540000e-04	0.000000000000e+00
500	-1.673900000000e-01	0	0.000000000000e+00	3.967975900000e-01	-1.107805560000e-04	0.000000000000e+00
500	-1.664700000000e-01	0	0.000000000000e+00	3.963322100000e-01	-1.100946560000e-04	0.000000000000e+00
500	-1.655800000000e-01	0	0.000000000000e+00	3.967830460000e-01	-1.025497530000e-04	0.000000000000e+00
500	-1.647300000000e-01	0	0.000000000000e+00	3.967221040000e-01	-1.107805560000e-04	0.000000000000e+00
500	-1.638600000000e-01	0	0.000000000000e+00	3.943571170000e-01	-1.052933540000e-04	0.000000000000e+00
500	-1.630800000000e-01	0	0.000000000000e+00	3.964700230000e-01	-1.052933540000e-04	0.000000000000e+00
500	-1.622100000000e-01	0	0.000000000000e+00	3.962414890000e-01	-1.066651550000e-04	0.000000000000e+00
500	-1.613300000000e-01	0	0.000000000000e+00	3.955060230000e-01	-1.073510550000e-04	0.000000000000e+00
500	-1.604500000000e-01	0	0.000000000000e+00	3.966660090000e-01	-1.080369550000e-04	0.000000000000e+00
500	-1.595600000000e-01	0	0.000000000000e+00	3.964700230000e-01	-1.052933540000e-04	0.000000000000e+00
500	-1.586900000000e-01	0	6.103560000000e-05	3.961071380000e-01	-1.039215540000e-04	0.000000000000e+00
500	-1.578200000000e-01	0	0.000000000000e+00	3.963391350000e-01	-1.039215540000e-04	0.000000000000e+00
500	-1.570200000000e-01	0	0.000000000000e+00	3.960427330000e-01	-1.073510550000e-04	0.000000000000e+00
500	-1.561800000000e-01	0	6.103560000000e-05	3.962906580000e-01	-1.011779530000e-04	0.000000000000e+00
500	-1.553000000000e-01	0	6.103560000000e-05	3.963453680000e-01	-1.032356540000e-04	0.000000000000e+00
500	-1.543800000000e-01	0	0.000000000000e+00	3.964596350000e-01	-1.011779530000e-04	0.000000000000e+00
500	-1.535200000000e-01	0	0.000000000000e+00	3.961306840000e-01	-1.052933540000e-04	0.000000000000e+00
500	-1.526300000000e-01	0	0.000000000000e+00	3.963114340000e-01	-1.025497530000e-04	0.000000000000e+00
500	-1.519000000000e-01	0	0.000000000000e+00	3.958689080000e-01	-1.039215540000e-04	0.000000000000e+00
500	-1.509900000000e-01	0	0.000000000000e+00	3.961362240000e-01	-1.066651550000e-04	0.000000000000e+00
500	-1.501100000000e-01	0	0.000000000000e+00	3.956895430000e-01	-1.080369550000e-04	0.000000000000e+00
500	-1.492500000000e-01	0	6.103560000000e-05	3.953211170000e-01	-1.039215540000e-04	0.000000000000e+00
500	-1.483700000000e-01	0	0.000000000000e+00	3.955586550000e-01	-1.087228550000e-04	0.000000000000e+00
500	-1.474900000000e-01	0	0.000000000000e+00	3.955489590000e-01	-1.073510550000e-04	0.000000000000e+00
500	-1.467200000000e-01	0	6.103560000000e-05	3.955247210000e-01	-1.087228550000e-04	0.000000000000e+00
500	-1.458400000000e-01	0	6.103560000000e-05	3.955240280000e-01	-1.046074540000e-04	0.000000000000e+00
500	-1.449500000000e-01	0	0.000000000000e+00	3.953993730000e-01	-1.032356540000e-04	0.000000000000e+00
500	-1.440600000000e-01	0	6.103560000000e-05	3.955932810000e-01	-1.087228550000e-04	0.000000000000e+00
500	-1.431900000000e-01	0	6.103560000000e-05	3.957920370000e-01	-1.066651550000e-04	0.000000000000e+00
500	-1.423000000000e-01	0	0.000000000000e+00	3.957449450000e-01	-1.073510550000e-04	0.000000000000e+00
500	-1.414400000000e-01	0	0.000000000000e+00	3.958772180000e-01	-1.073510550000e-04	0.000000000000e+00
500	-1.406500000000e-01	0	0.000000000000e+00	3.956202900000e-01	-1.100946560000e-04	0.000000000000e+00
500	-1.397700000000e-01	0	0.000000000000e+00	3.934305120000e-01	-1.025497530000e-04	0.000000000000e+00
500	-1.388700000000e-01	0	0.000000000000e+00	3.959222330000e-01	-1.039215540000e-04	0.000000000000e+00
500	-1.379900000000e-01	0	0.000000000000e+00	3.954561600000e-01	-1.039215540000e-04	0.000000000000e+00
500	-1.371700000000e-01	0	6.103560000000e-05	3.958564420000e-01	-1.046074540000e-04	0.000000000000e+00
500	-1.363700000000e-01	0	6.103560000000e-05	3.955932810000e-01	-1.032356540000e-04	0.000000000000e+00
500	-1.354700000000e-01	0	6.103560000000e-05	3.959021490000e-01	-1.094087560000e-04	0.000000000000e+00
500	-1.346300000000e-01	0	6.103560000000e-05	3.959790200000e-01	-1.032356540000e-04	0.000000000000e+00
500	-1.337500000000e-01	0	0.000000000000e+00	3.954111460000e-01	-1.052933540000e-04	0.000000000000e+00
500	-1.328300000000e-01	0	6.103560000000e-05	3.956209820000e-01	-1.039215540000e-04	0.000000000000e+00
500	-1.319600000000e-01	0	0.000000000000e+00	3.960593530000e-01	-1.052933540000e-04	0.000000000000e+00
500	-1.311300000000e-01	0	0.000000000000e+00	3.959250030000e-01	-1.039215540000e-04	0.000000000000e+00
500	-1.303000000000e-01	0	0.000000000000e+00	3.958668300000e-01	-1.011779530000e-04	0.000000000000e+00
500	-1.294100000000e-01	0	0.000000000000e+00	3.957830340000e-01	-1.066651550000e-04	0.000000000000e+00
500	-1.285300000000e-01	0	0.000000000000e+00	3.957560260000e-01	-1.018638530000e-04	0.000000000000e+00
500	-1.277000000000e-01	0	0.000000000000e+00	3.957234770000e-01	-1.032356540000e-04	0.000000000000e+00
500	-1.267800000000e-01	0	6.103560000000e-05	3.961369170000e-01	-1.039215540000e-04	0.000000000000e+00
500	-1.259000000000e-01	0	0.000000000000e+00	3.960759740000e-01	-9.980615260000e-05	0.000000000000e+00
500	-1.250600000000e-01	0	6.103560000000e-05	3.960780520000e-01	-1.059792550000e-04	0.000000000000e+00
500	-1.242700000000e-01	0	0.000000000000e+00	3.959194620000e-01	-1.032356540000e-04	0.000000000000e+00
500	-1.234000000000e-01	0	0.000000000000e+00	3.959797130000e-01	-1.052933540000e-04	0.000000000000e+00
500	-1.225300000000e-01	0	0.000000000000e+00	3.960572760000e-01	-1.011779530000e-04	0.000000000000e+00
500	-1.216400000000e-01	0	0.000000000000e+00	3.961611550000e-01	-1.018638530000e-04	0.000000000000e+00
500	-1.207300000000e-01	0	0.000000000000e+00	3.960780520000e-01	-9.980615260000e-05	0.000000000000e+00
500	-1.200100000000e-01	0	6.103560000000e-05	3.961126780000e-01	-1.039215540000e-04	0.000000000000e+00
500	-1.191100000000e-01	0	0.000000000000e+00	3.959824830000e-01	-1.046074540000e-04	0.000000000000e+00
500	-1.182200000000e-01	0	0.000000000000e+00	3.960261120000e-01	-1.032356540000e-04	0.000000000000e+00
500	-1.173700000000e-01	0	0.000000000000e+00	3.964367820000e-01	-1.025497530000e-04	0.000000000000e+00
500	-1.164600000000e-01	0	0.000000000000e+00	3.965649000000e-01	-1.025497530000e-04	0.000000000000e+00
500	-1.155700000000e-01	0	6.103560000000e-05	3.964291640000e-01	-1.018638530000e-04	0.000000000000e+00
500	-1.148300000000e-01	0	0.000000000000e+00	3.965309660000e-01	-1.059792550000e-04	0.000000000000e+00
500	-1.139500000000e-01	0	0.000000000000e+00	3.963806870000e-01	-1.011779530000e-04	0.000000000000e+00
500	-1.131000000000e-01	0	0.000000000000e+00	3.965884460000e-01	-9.980615260000e-05	0.000000000000e+00
500	-1.121500000000e-01	0	0.000000000000e+00	3.961902410000e-01	-1.025497530000e-04	0.000000000000e+00
500	-1.113000000000e-01	0	0.000000000000e+00	3.961424570000e-01	-1.025497530000e-04	0.000000000000e+00
500	-1.104300000000e-01	0	0.000000000000e+00	3.960413480000e-01	-1.080369550000e-04	0.000000000000e+00
500	-1.095400000000e-01	0	6.103560000000e-05	3.963211290000e-01	-1.032356540000e-04	0.000000000000e+00
500	-1.087600000000e-01	0	0.000000000000e+00	3.962788850000e-01	-1.052933540000e-04	0.000000000000e+00
500	-1.078900000000e-01	0	0.000000000000e+00	3.963522930000e-01	-1.052933540000e-04	0.000000000000e+00
500	-1.069900000000e-01	0	0.000000000000e+00	3.964630980000e-01	-1.018638530000e-04	0.000000000000e+00
500	-1.061100000000e-01	0	0.000000000000e+00	3.961722360000e-01	-1.025497530000e-04	0.000000000000e+00
500	-1.052600000000e-01	0	0.000000000000e+00	3.964388590000e-01	-1.059792550000e-04	0.000000000000e+00
500	-1.043700000000e-01	0	0.000000000000e+00	3.965004940000e-01	-1.059792550000e-04	0.000000000000e+00
500	-1.035100000000e-01	0	0.000000000000e+00	3.965503570000e-01	-1.066651550000e-04	0.000000000000e+00
500	-1.027300000000e-01	0	0.000000000000e+00	3.953661320000e-01	-1.046074540000e-04	0.000000000000e+00
500	-1.018400000000e-01	0	0.000000000000e+00	3.965759800000e-01	-1.059792550000e-04	0.000000000000e+00
500	-1.009600000000e-01	0	0.000000000000e+00	3.965842910000e-01	-1.052933540000e-04	0.000000000000e+00
500	-1.000600000000e-01	0	0.000000000000e+00	3.967006350000e-01	-1.018638530000e-04	0.000000000000e+00
500	-9.920000000000e-02	0	0.000000000000e+00	3.968204430000e-01	-9.980615260000e-05	0.000000000000e+00
500	-9.842000000000e-02	0	0.000000000000e+00	3.967241810000e-01	-1.004920530000e-04	0.000000000000e+00
500	-9.756000000000e-02	0	0.000000000000e+00	3.968349860000e-01	-1.073510550000e-04	0.000000000000e+00
500	-9.666000000000e-02	0	0.000000000000e+00	3.969326330000e-01	-9.980615260000e-05	0.000000000000e+00
500	-9.579000000000e-02	0	0.000000000000e+00	3.965205780000e-01	-9.980615260000e-05	0.000000000000e+00
500	-9.493000000000e-02	0	0.000000000000e+00	3.968017450000e-01	-1.025497530000e-04	0.000000000000e+00
500	-9.403000000000e-02	0	0.000000000000e+00	3.968093630000e-01	-1.052933540000e-04	0.000000000000e+00
500	-9.326000000000e-02	0	0.000000000000e+00	3.970378970000e-01	-1.018638530000e-04	0.000000000000e+00
500	-9.241000000000e-02	0	0.000000000000e+00	3.971764030000e-01	-1.025497530000e-04	0.000000000000e+00
500	-9.153000000000e-02	0	0.000000000000e+00	3.971570120000e-01	-1.011779530000e-04	0.000000000000e+00
500	-9.060000000000e-02	0	0.000000000000e+00	3.969527160000e-01	-1.004920530000e-04	0.000000000000e+00
500	-8.975000000000e-02	0	0.000000000000e+00	3.971812510000e-01	-1.004920530000e-04	0.000000000000e+00
500	-8.887000000000e-02	0	0.000000000000e+00	3.970372050000e-01	-1.066651550000e-04	0.000000000000e+00
500	-8.813000000000e-02	0	0.000000000000e+00	3.973162940000e-01	-1.066651550000e-04	0.000000000000e+00
500	-8.721000000000e-02	0	0.000000000000e+00	3.973613080000e-01	-1.073510550000e-04	0.000000000000e+00
500	-8.635000000000e-02	0	0.000000000000e+00	3.974499520000e-01	-1.059792550000e-04	0.000000000000e+00
500	-8.546000000000e-02	0	0.000000000000e+00	3.974021680000e-01	-1.018638530000e-04	0.000000000000e+00
500	-8.460000000000e-02	0	0.000000000000e+00	3.975088170000e-01	-1.052933540000e-04	0.000000000000e+00
500	-8.382000000000e-02	0	0.000000000000e+00	3.973737740000e-01	-1.011779530000e-04	0.000000000000e+00
500	-8.293000000000e-02	0	0.000000000000e+00	3.976334720000e-01	-1.011779530000e-04	0.000000000000e+00
500	-8.207000000000e-02	0	0.000000000000e+00	3.951798410000e-01	-1.032356540000e-04	0.000000000000e+00
500	-8.115000000000e-02	0	0.000000000000e+00	3.976944150000e-01	-1.032356540000e-04	0.000000000000e+00
500	-8.030000000000e-02	0	0.000000000000e+00	3.977858290000e-01	-1.059792550000e-04	0.000000000000e+00
500	-7.943000000000e-02	0	0.000000000000e+00	3.978204550000e-01	-9.980615260000e-05	0.000000000000e+00
500	-7.862000000000e-02	0	0.000000000000e+00	3.978135300000e-01	-1.011779530000e-04	0.000000000000e+00
500	-7.773000000000e-02	0	0.000000000000e+00	3.978536970000e-01	-1.059792550000e-04	0.000000000000e+00
500	-7.688000000000e-02	0	0.000000000000e+00	3.976390130000e-01	-1.032356540000e-04	0.000000000000e+00
500	-7.600000000000e-02	0	0.000000000000e+00	3.979908170000e-01	-1.032356540000e-04	0.000000000000e+00
500	-7.511000000000e-02	0	0.000000000000e+00	3.979416480000e-01	-9.980615260000e-05	0.000000000000e+00
500	-7.436000000000e-02	0	0.000000000000e+00	3.981078550000e-01	-1.032356540000e-04	0.000000000000e+00
500	-7.351000000000e-02	0	0.000000000000e+00	3.983266940000e-01	-1.039215540000e-04	0.000000000000e+00
500	-7.259000000000e-02	0	0.000000000000e+00	3.983343120000e-01	-1.059792550000e-04	0.000000000000e+00
500	-7.172000000000e-02	0	0.000000000000e+00	3.983488550000e-01	-1.004920530000e-04	0.000000000000e+00
500	-7.085000000000e-02	0	0.000000000000e+00	3.983627060000e-01	-1.018638530000e-04	0.000000000000e+00
500	-6.994000000000e-02	0	0.000000000000e+00	3.984160300000e-01	-1.011779530000e-04	0.000000000000e+00
500	-6.920000000000e-02	0	0.000000000000e+00	3.974935810000e-01	-1.018638530000e-04	0.000000000000e+00
500	-6.829000000000e-02	0	0.000000000000e+00	3.986660330000e-01	-1.039215540000e-04	0.000000000000e+00
500	-6.744000000000e-02	0	0.000000000000e+00	3.985905480000e-01	-1.011779530000e-04	0.000000000000e+00
500	-6.651000000000e-02	0	0.000000000000e+00	3.985330680000e-01	-1.046074540000e-04	0.000000000000e+00
500	-6.564000000000e-02	0	6.103560000000e-05	3.987373640000e-01	-1.011779530000e-04	0.000000000000e+00
500	-6.482000000000e-02	0	0.000000000000e+00	3.988523240000e-01	-1.032356540000e-04	0.000000000000e+00
500	-6.403000000000e-02	0	0.000000000000e+00	3.988502460000e-01	-1.004920530000e-04	0.000000000000e+00
500	-6.313000000000e-02	0	0.000000000000e+00	3.989832120000e-01	-1.032356540000e-04	0.000000000000e+00
500	-6.226000000000e-02	0	0.000000000000e+00	3.988973380000e-01	-1.073510550000e-04	0.000000000000e+00
500	-6.136000000000e-02	0	0.000000000000e+00	3.991715800000e-01	-1.025497530000e-04	0.000000000000e+00
500	-6.045000000000e-02	0	0.000000000000e+00	3.993834940000e-01	-1.066651550000e-04	0.000000000000e+00
500	-5.973000000000e-02	0	0.000000000000e+00	3.993045450000e-01	-1.025497530000e-04	0.000000000000e+00
500	-5.885000000000e-02	0	0.000000000000e+00	3.994243530000e-01	-1.059792550000e-04	0.000000000000e+00
500	-5.800000000000e-02	0	0.000000000000e+00	3.996667380000e-01	-1.059792550000e-04	0.000000000000e+00
500	-5.705000000000e-02	0	6.103560000000e-05	3.994922210000e-01	-1.059792550000e-04	0.000000000000e+00
500	-5.620000000000e-02	0	0.000000000000e+00	3.997699250000e-01	-1.025497530000e-04	0.000000000000e+00
500	-5.535000000000e-02	0	0.000000000000e+00	3.997872380000e-01	-1.066651550000e-04	0.000000000000e+00
500	-5.454000000000e-02	0	0.000000000000e+00	4.000441660000e-01	-1.039215540000e-04	0.000000000000e+00
500	-5.369000000000e-02	0	0.000000000000e+00	3.999021980000e-01	-1.059792550000e-04	0.000000000000e+00
500	-5.278000000000e-02	0	0.000000000000e+00	4.001113420000e-01	-1.046074540000e-04	0.000000000000e+00
500	-5.194000000000e-02	0	0.000000000000e+00	4.001951380000e-01	-1.094087560000e-04	0.000000000000e+00
500	-5.105000000000e-02	0	0.000000000000e+00	4.000725600000e-01	-1.039215540000e-04	0.000000000000e+00
500	-5.017000000000e-02	0	0.000000000000e+00	4.003197930000e-01	-1.025497530000e-04	0.000000000000e+00
500	-4.932000000000e-02	0	6.103560000000e-05	4.002823970000e-01	-1.059792550000e-04	0.000000000000e+00
500	-4.851000000000e-02	0	0.000000000000e+00	4.004361380000e-01	-1.094087560000e-04	0.000000000000e+00
500	-4.764000000000e-02	0	0.000000000000e+00	4.006487440000e-01	-1.046074540000e-04	0.000000000000e+00
500	-4.678000000000e-02	0	0.000000000000e+00	4.006286610000e-01	-1.039215540000e-04	0.000000000000e+00
500	-4.589000000000e-02	0	0.000000000000e+00	4.004915400000e-01	-1.046074540000e-04	0.000000000000e+00
500	-4.500000000000e-02	0	6.103560000000e-05	4.005386320000e-01	-1.039215540000e-04	0.000000000000e+00
500	-4.416000000000e-02	0	1.220710000000e-04	4.008800490000e-01	-1.032356540000e-04	0.000000000000e+00
500	-4.326000000000e-02	0	6.103560000000e-05	4.008793570000e-01	-1.025497530000e-04	0.000000000000e+00
500	-4.248000000000e-02	0	0.000000000000e+00	4.006113480000e-01	-1.018638530000e-04	0.000000000000e+00
500	-4.158000000000e-02	0	0.000000000000e+00	4.006383570000e-01	-1.039215540000e-04	0.000000000000e+00
500	-4.071000000000e-02	0	6.103560000000e-05	4.007311550000e-01	-1.032356540000e-04	0.000000000000e+00
500	-3.984000000000e-02	0	0.000000000000e+00	4.007969460000e-01	-9.637665140000e-05	0.000000000000e+00
500	-3.893000000000e-02	0	0.000000000000e+00	4.014146820000e-01	-9.980615260000e-05	0.000000000000e+00
500	-3.805000000000e-02	0	6.103560000000e-05	4.011439030000e-01	-1.018638530000e-04	0.000000000000e+00
500	-3.723000000000e-02	0	0.000000000000e+00	4.015559580000e-01	-9.912025230000e-05	0.000000000000e+00
500	-3.641000000000e-02	0	0.000000000000e+00	4.014042940000e-01	-9.637665140000e-05	0.000000000000e+00
500	-3.556000000000e-02	0	0.000000000000e+00	4.012297760000e-01	-9.774845190000e-05	0.000000000000e+00
500	-3.468000000000e-02	0	0.000000000000e+00	4.016272880000e-01	-9.912025230000e-05	0.000000000000e+00
500	-3.378000000000e-02	0	0.000000000000e+00	4.017616390000e-01	-1.025497530000e-04	0.000000000000e+00
500	-3.293000000000e-02	0	0.000000000000e+00	4.014832420000e-01	-1.004920530000e-04	0.000000000000e+00
500	-3.202000000000e-02	0	6.103560000000e-05	4.013869810000e-01	-9.706255170000e-05	0.000000000000e+00
500	-3.127000000000e-02	0	6.103560000000e-05	4.020573490000e-01	-9.774845190000e-05	0.000000000000e+00
500	-3.041000000000e-02	0	0.000000000000e+00	4.019527770000e-01	-9.706255170000e-05	0.000000000000e+00
500	-2.950000000000e-02	0	6.103560000000e-05	4.019666280000e-01	-9.774845190000e-05	0.000000000000e+00
500	-2.863000000000e-02	0	0.000000000000e+00	4.022124750000e-01	-1.011779530000e-04	0.000000000000e+00
500	-2.776000000000e-02	0	0.000000000000e+00	4.019977910000e-01	-9.637665140000e-05	0.000000000000e+00
500	-2.684000000000e-02	0	0.000000000000e+00	4.020656590000e-01	-9.843435210000e-05	0.000000000000e+00
500	-2.609000000000e-02	0	0.000000000000e+00	4.021203690000e-01	-9.843435210000e-05	0.000000000000e+00
500	-2.521000000000e-02	0	6.103560000000e-05	4.025324240000e-01	-9.980615260000e-05	0.000000000000e+00
500	-2.433000000000e-02	0	6.103560000000e-05	4.022138600000e-01	-9.980615260000e-05	0.000000000000e+00
500	-2.346000000000e-02	0	0.000000000000e+00	4.025795160000e-01	-1.052933540000e-04	0.000000000000e+00
500	-2.259000000000e-02	0	0.000000000000e+00	4.018883720000e-01	-1.025497530000e-04	0.000000000000e+00
500	-2.171000000000e-02	0	0.000000000000e+00	4.026356110000e-01	-1.011779530000e-04	0.000000000000e+00
500	-2.092000000000e-02	0	6.103560000000e-05	4.025351940000e-01	-1.011779530000e-04	0.000000000000e+00
500	-2.005000000000e-02	0	6.103560000000e-05	4.021459930000e-01	-9.980615260000e-05	0.000000000000e+00
500	-1.920000000000e-02	0	0.000000000000e+00	4.028523720000e-01	-1.025497530000e-04	0.000000000000e+00
500	-1.826000000000e-02	0	6.103560000000e-05	4.026640040000e-01	-1.018638530000e-04	0.000000000000e+00
500	-1.741000000000e-02	0	6.103560000000e-05	4.028315970000e-01	-1.011779530000e-04	0.000000000000e+00
500	-1.650000000000e-02	0	6.103560000000e-05	4.029140080000e-01	-1.011779530000e-04	0.000000000000e+00
500	-1.565000000000e-02	0	0.000000000000e+00	4.025192660000e-01	-9.774845190000e-05	0.000000000000e+00
500	-1.488000000000e-02	0	0.000000000000e+00	4.025428120000e-01	-1.011779530000e-04	0.000000000000e+00
500	-1.397000000000e-02	0	0.000000000000e+00	4.030642860000e-01	-1.004920530000e-04	0.000000000000e+00
500	-1.312000000000e-02	0	0.000000000000e+00	4.031563930000e-01	-1.025497530000e-04	0.000000000000e+00
500	-1.223000000000e-02	0	0.000000000000e+00	4.021986250000e-01	-9.980615260000e-05	0.000000000000e+00
500	-1.134000000000e-02	0	0.000000000000e+00	4.030088840000e-01	-1.039215540000e-04	0.000000000000e+00
500	-1.047000000000e-02	0	6.103560000000e-05	4.025407340000e-01	-9.431895080000e-05	0.000000000000e+00
500	-9.600000000000e-03	0	6.103560000000e-05	4.023461340000e-01	-9.912025230000e-05	0.000000000000e+00
500	-8.810000000000e-03	0	6.103560000000e-05	4.030767520000e-01	-1.018638530000e-04	0.000000000000e+00
500	-7.920000000000e-03	0	6.103560000000e-05	4.033447610000e-01	-1.032356540000e-04	0.000000000000e+00
500	-7.070000000000e-03	0	6.103560000000e-05	4.035511340000e-01	-9.774845190000e-05	0.000000000000e+00
500	-6.160000000000e-03	0	0.000000000000e+00	4.033433760000e-01	-1.032356540000e-04	0.000000000000e+00
500	-5.310000000000e-03	0	6.103560000000e-05	4.033530710000e-01	-1.011779530000e-04	0.000000000000e+00
500	-4.450000000000e-03	0	0.000000000000e+00	4.032201050000e-01	-1.004920530000e-04	0.000000000000e+00
500	-3.650000000000e-03	0	0.000000000000e+00	4.033890830000e-01	-1.011779530000e-04	0.000000000000e+00
500	-2.770000000000e-03	0	6.103560000000e-05	4.033468380000e-01	-1.025497530000e-04	0.000000000000e+00
500	-1.940000000000e-03	0	0.000000000000e+00	4.033482230000e-01	-1.046074540000e-04	0.000000000000e+00
500	-1.040000000000e-03	0	0.000000000000e+00	4.034763410000e-01	-1.059792550000e-04	0.000000000000e+00
500	-1.100000000000e-04	0	0.000000000000e+00	4.033662290000e-01	-1.018638530000e-04	0.000000000000e+00
500	6.400000000000e-04	0	0.000000000000e+00	4.035462870000e-01	-9.912025230000e-05	0.000000000000e+00
500	1.480000000000e-03	0	0.000000000000e+00	4.032561170000e-01	-1.004920530000e-04	0.000000000000e+00
500	2.370000000000e-03	0	0.000000000000e+00	4.033835420000e-01	-1.018638530000e-04	0.000000000000e+00
500	3.290000000000e-03	0	0.000000000000e+00	4.034424070000e-01	-9.774845190000e-05	0.000000000000e+00
500	4.150000000000e-03	0	0.000000000000e+00	4.033454530000e-01	-9.912025230000e-05	0.000000000000e+00
500	5.020000000000e-03	0	0.000000000000e+00	4.031321540000e-01	-1.059792550000e-04	0.000000000000e+00
500	5.810000000000e-03	0	6.103560000000e-05	4.031425420000e-01	-1.039215540000e-04	0.000000000000e+00
500	6.660000000000e-03	0	0.000000000000e+00	4.032166430000e-01	-9.843435210000e-05	0.000000000000e+00
500	7.540000000000e-03	0	6.103560000000e-05	4.032498840000e-01	-1.032356540000e-04	0.000000000000e+00
500	8.430000000000e-03	0	0.000000000000e+00	4.032422660000e-01	-1.011779530000e-04	0.000000000000e+00
500	9.340000000000e-03	0	6.103560000000e-05	4.030116540000e-01	-1.073510550000e-04	0.000000000000e+00
500	1.018000000000e-02	0	0.000000000000e+00	4.028288260000e-01	-1.059792550000e-04	0.000000000000e+00
500	1.097000000000e-02	0	6.103560000000e-05	4.014908600000e-01	-1.032356540000e-04	0.000000000000e+00
500	1.184000000000e-02	0	6.103560000000e-05	4.030739820000e-01	-1.018638530000e-04	0.000000000000e+00
500	1.272000000000e-02	0	6.103560000000e-05	4.025968290000e-01	-1.032356540000e-04	0.000000000000e+00
500	1.359000000000e-02	0	0.000000000000e+00	4.027900450000e-01	-1.011779530000e-04	0.000000000000e+00
500	1.448000000000e-02	0	0.000000000000e+00	4.029631770000e-01	-1.025497530000e-04	0.000000000000e+00
500	1.527000000000e-02	0	0.000000000000e+00	4.029077750000e-01	-1.032356540000e-04	0.000000000000e+00
500	1.613000000000e-02	0	6.103560000000e-05	4.027367200000e-01	-1.011779530000e-04	0.000000000000e+00
500	1.697000000000e-02	0	0.000000000000e+00	4.029610990000e-01	-9.980615260000e-05	0.000000000000e+00
500	1.791000000000e-02	0	0.000000000000e+00	4.024742510000e-01	-1.039215540000e-04	0.000000000000e+00
500	1.878000000000e-02	0	1.220710000000e-04	4.026646970000e-01	-9.980615260000e-05	0.000000000000e+00
500	1.965000000000e-02	0	6.103560000000e-05	4.024728660000e-01	-1.011779530000e-04	0.000000000000e+00
500	2.049000000000e-02	0	0.000000000000e+00	4.027242550000e-01	-9.706255170000e-05	0.000000000000e+00
500	2.135000000000e-02	0	0.000000000000e+00	4.025566620000e-01	-1.025497530000e-04	0.000000000000e+00
500	2.217000000000e-02	0	0.000000000000e+00	4.026092950000e-01	-1.052933540000e-04	0.000000000000e+00
500	2.303000000000e-02	0	0.000000000000e+00	4.025677430000e-01	-1.039215540000e-04	0.000000000000e+00
500	2.395000000000e-02	0	0.000000000000e+00	4.022200930000e-01	-9.774845190000e-05	0.000000000000e+00
500	2.470000000000e-02	0	0.000000000000e+00	4.022055500000e-01	-1.011779530000e-04	0.000000000000e+00
500	2.557000000000e-02	0	0.000000000000e+00	4.020137200000e-01	-9.912025230000e-05	0.000000000000e+00
500	2.649000000000e-02	0	0.000000000000e+00	4.016508340000e-01	-1.032356540000e-04	0.000000000000e+00
500	2.738000000000e-02	0	0.000000000000e+00	4.023281280000e-01	-1.073510550000e-04	0.000000000000e+00
500	2.823000000000e-02	0	0.000000000000e+00	4.022664930000e-01	-1.080369550000e-04	0.000000000000e+00
500	2.909000000000e-02	0	0.000000000000e+00	4.023606770000e-01	-9.980615260000e-05	0.000000000000e+00
500	2.988000000000e-02	0	6.103560000000e-05	4.015843510000e-01	-1.052933540000e-04	0.000000000000e+00
500	3.076000000000e-02	0	0.000000000000e+00	4.019693980000e-01	-1.025497530000e-04	0.000000000000e+00
500	3.162000000000e-02	0	0.000000000000e+00	4.017858770000e-01	-9.843435210000e-05	0.000000000000e+00
500	3.253000000000e-02	0	0.000000000000e+00	4.016882310000e-01	-9.912025230000e-05	0.000000000000e+00
500	3.342000000000e-02	0	6.103560000000e-05	4.017727190000e-01	-1.018638530000e-04	0.000000000000e+00
500	3.428000000000e-02	0	0.000000000000e+00	4.014382280000e-01	-1.018638530000e-04	0.000000000000e+00
500	3.503000000000e-02	0	0.000000000000e+00	4.014278400000e-01	-9.912025230000e-05	0.000000000000e+00
500	3.594000000000e-02	0	6.103560000000e-05	4.017394780000e-01	-1.004920530000e-04	0.000000000000e+00
500	3.682000000000e-02	0	0.000000000000e+00	4.015421070000e-01	-1.025497530000e-04	0.000000000000e+00
500	3.767000000000e-02	0	6.103560000000e-05	4.014174520000e-01	-1.025497530000e-04	0.000000000000e+00
500	3.857000000000e-02	0	0.000000000000e+00	4.013142650000e-01	-1.004920530000e-04	0.000000000000e+00
500	3.934000000000e-02	0	0.000000000000e+00	4.014250700000e-01	-1.032356540000e-04	0.000000000000e+00
500	4.020000000000e-02	0	6.103560000000e-05	4.010919630000e-01	-1.011779530000e-04	0.000000000000e+00
500	4.108000000000e-02	0	6.103560000000e-05	4.011286670000e-01	-1.011779530000e-04	0.000000000000e+00
500	4.197000000000e-02	0	0.000000000000e+00	4.009763110000e-01	-9.774845190000e-05	0.000000000000e+00
500	4.287000000000e-02	0	0.000000000000e+00	4.009070580000e-01	-1.032356540000e-04	0.000000000000e+00
500	4.371000000000e-02	0	6.103560000000e-05	4.007643970000e-01	-1.004920530000e-04	0.000000000000e+00
500	4.464000000000e-02	0	0.000000000000e+00	4.009479170000e-01	-1.011779530000e-04	0.000000000000e+00
500	4.538000000000e-02	0	0.000000000000e+00	4.007560860000e-01	-9.706255170000e-05	0.000000000000e+00
500	4.627000000000e-02	0	0.000000000000e+00	4.009936240000e-01	-9.774845190000e-05	0.000000000000e+00
500	4.714000000000e-02	0	0.000000000000e+00	4.003724250000e-01	-1.025497530000e-04	0.000000000000e+00
500	4.803000000000e-02	0	6.103560000000e-05	4.001833650000e-01	-1.004920530000e-04	0.000000000000e+00
500	4.888000000000e-02	0	0.000000000000e+00	4.004756120000e-01	-1.004920530000e-04	0.000000000000e+00
500	4.978000000000e-02	0	0.000000000000e+00	4.001625890000e-01	-9.843435210000e-05	0.000000000000e+00
500	5.065000000000e-02	0	0.000000000000e+00	4.004250580000e-01	-1.032356540000e-04	0.000000000000e+00
500	5.144000000000e-02	0	0.000000000000e+00	4.003149450000e-01	-9.912025230000e-05	0.000000000000e+00
500	5.229000000000e-02	0	0.000000000000e+00	4.002124510000e-01	-9.912025230000e-05	0.000000000000e+00
500	5.323000000000e-02	0	0.000000000000e+00	4.002304570000e-01	-1.032356540000e-04	0.000000000000e+00
500	5.407000000000e-02	0	6.103560000000e-05	4.002810110000e-01	-1.018638530000e-04	0.000000000000e+00
500	5.495000000000e-02	0	0.000000000000e+00	3.999929190000e-01	-9.843435210000e-05	0.000000000000e+00
500	5.572000000000e-02	0	0.000000000000e+00	3.999922270000e-01	-1.039215540000e-04	0.000000000000e+00
500	5.660000000000e-02	0	0.000000000000e+00	3.995129970000e-01	-1.004920530000e-04	0.000000000000e+00
500	5.750000000000e-02	0	6.103560000000e-05	3.994375110000e-01	-1.046074540000e-04	0.000000000000e+00
500	5.835000000000e-02	0	6.103560000000e-05	3.991023270000e-01	-1.039215540000e-04	0.000000000000e+00
500	5.923000000000e-02	0	0.000000000000e+00	3.992941570000e-01	-1.025497530000e-04	0.000000000000e+00
500	6.013000000000e-02	0	0.000000000000e+00	3.992512210000e-01	-1.046074540000e-04	0.000000000000e+00
500	6.089000000000e-02	0	0.000000000000e+00	3.990898610000e-01	-1.052933540000e-04	0.000000000000e+00
500	6.175000000000e-02	0	0.000000000000e+00	3.991334910000e-01	-9.980615260000e-05	0.000000000000e+00
500	6.265000000000e-02	0	0.000000000000e+00	3.989672840000e-01	-1.011779530000e-04	0.000000000000e+00
500	6.352000000000e-02	0	0.000000000000e+00	3.988204670000e-01	-9.912025230000e-05	0.000000000000e+00
500	6.440000000000e-02	0	0.000000000000e+00	3.988724070000e-01	-1.032356540000e-04	0.000000000000e+00
500	6.529000000000e-02	0	0.000000000000e+00	3.986826540000e-01	-1.004920530000e-04	0.000000000000e+00
500	6.608000000000e-02	0	0.000000000000e+00	3.991120220000e-01	-1.032356540000e-04	0.000000000000e+00
500	6.694000000000e-02	0	0.000000000000e+00	3.987006600000e-01	-1.032356540000e-04	0.000000000000e+00
500	6.782000000000e-02	0	0.000000000000e+00	3.988564790000e-01	-1.018638530000e-04	0.000000000000e+00
500	6.871000000000e-02	0	0.000000000000e+00	3.987803010000e-01	-9.774845190000e-05	0.000000000000e+00
500	6.958000000000e-02	0	0.000000000000e+00	3.987581400000e-01	-9.843435210000e-05	0.000000000000e+00
500	7.043000000000e-02	0	0.000000000000e+00	3.987172800000e-01	-9.912025230000e-05	0.000000000000e+00
500	7.130000000000e-02	0	0.000000000000e+00	3.986507980000e-01	-9.843435210000e-05	0.000000000000e+00
500	7.213000000000e-02	0	0.000000000000e+00	3.985344530000e-01	-9.774845190000e-05	0.000000000000e+00
500	7.299000000000e-02	0	0.000000000000e+00	3.984423460000e-01	-1.052933540000e-04	0.000000000000e+00
500	7.383000000000e-02	0	0.000000000000e+00	3.984188000000e-01	-1.004920530000e-04	0.000000000000e+00
500	7.473000000000e-02	0	0.000000000000e+00	3.983945620000e-01	-9.774845190000e-05	0.000000000000e+00
500	7.561000000000e-02	0	0.000000000000e+00	3.983537030000e-01	-9.774845190000e-05	0.000000000000e+00
500	7.638000000000e-02	0	0.000000000000e+00	3.982858350000e-01	-1.032356540000e-04	0.000000000000e+00
500	7.728000000000e-02	0	0.000000000000e+00	3.981113170000e-01	-9.431895080000e-05	0.000000000000e+00
500	7.815000000000e-02	0	0.000000000000e+00	3.981888810000e-01	-9.980615260000e-05	0.000000000000e+00
500	7.900000000000e-02	0	0.000000000000e+00	3.983987170000e-01	-9.980615260000e-05	0.000000000000e+00
500	7.991000000000e-02	0	6.103560000000e-05	3.982553640000e-01	-9.637665140000e-05	0.000000000000e+00
500	8.077000000000e-02	0	0.000000000000e+00	3.980953890000e-01	-1.004920530000e-04	0.000000000000e+00
500	8.157000000000e-02	0	0.000000000000e+00	3.980185190000e-01	-9.912025230000e-05	0.000000000000e+00
500	8.244000000000e-02	0	0.000000000000e+00	3.979908170000e-01	-1.052933540000e-04	0.000000000000e+00
500	8.331000000000e-02	0	1.220710000000e-04	3.980205960000e-01	-1.025497530000e-04	0.000000000000e+00
500	8.420000000000e-02	0	0.000000000000e+00	3.979832000000e-01	-1.025497530000e-04	0.000000000000e+00
500	8.508000000000e-02	0	0.000000000000e+00	3.978966330000e-01	-9.843435210000e-05	0.000000000000e+00
500	8.596000000000e-02	0	0.000000000000e+00	3.978218400000e-01	-9.774845190000e-05	0.000000000000e+00
500	8.681000000000e-02	0	0.000000000000e+00	3.978661620000e-01	-1.039215540000e-04	0.000000000000e+00
500	8.763000000000e-02	0	0.000000000000e+00	3.976847190000e-01	-1.073510550000e-04	0.000000000000e+00
500	8.848000000000e-02	0	0.000000000000e+00	3.977733630000e-01	-1.004920530000e-04	0.000000000000e+00
500	8.936000000000e-02	0	0.000000000000e+00	3.974728050000e-01	-9.980615260000e-05	0.000000000000e+00
500	9.025000000000e-02	0	0.000000000000e+00	3.974007820000e-01	-9.431895080000e-05	0.000000000000e+00
500	9.111000000000e-02	0	6.103560000000e-05	3.950607260000e-01	-9.774845190000e-05	0.000000000000e+00
500	9.187000000000e-02	0	0.000000000000e+00	3.977048030000e-01	-9.980615260000e-05	0.000000000000e+00
500	9.276000000000e-02	0	0.000000000000e+00	3.974208660000e-01	-9.637665140000e-05	0.000000000000e+00
500	9.368000000000e-02	0	0.000000000000e+00	3.973391470000e-01	-9.774845190000e-05	0.000000000000e+00
500	9.454000000000e-02	0	0.000000000000e+00	3.971854060000e-01	-9.980615260000e-05	0.000000000000e+00
500	9.543000000000e-02	0	0.000000000000e+00	3.971881760000e-01	-9.500485100000e-05	0.000000000000e+00
500	9.630000000000e-02	0	0.000000000000e+00	3.972096440000e-01	-9.637665140000e-05	0.000000000000e+00
500	9.709000000000e-02	0	0.000000000000e+00	3.972027190000e-01	-9.980615260000e-05	0.000000000000e+00
500	9.793000000000e-02	0	0.000000000000e+00	3.971251560000e-01	-1.025497530000e-04	0.000000000000e+00
500	9.882000000000e-02	0	0.000000000000e+00	3.970676760000e-01	-1.004920530000e-04	0.000000000000e+00
500	9.973000000000e-02	0	0.000000000000e+00	3.971840210000e-01	-9.431895080000e-05	0.000000000000e+00
500	1.005700000000e-01	0	0.000000000000e+00	3.971660150000e-01	-9.500485100000e-05	0.000000000000e+00
500	1.014600000000e-01	0	0.000000000000e+00	3.971812510000e-01	-9.431895080000e-05	0.000000000000e+00
500	1.023300000000e-01	0	0.000000000000e+00	3.969942680000e-01	-9.500485100000e-05	0.000000000000e+00
500	1.031300000000e-01	0	0.000000000000e+00	3.970095030000e-01	-9.363305060000e-05	0.000000000000e+00
500	1.040100000000e-01	0	0.000000000000e+00	3.971452390000e-01	-9.843435210000e-05	0.000000000000e+00
500	1.048600000000e-01	0	0.000000000000e+00	3.970469000000e-01	-9.363305060000e-05	0.000000000000e+00
500	1.057300000000e-01	0	0.000000000000e+00	3.971459320000e-01	-9.912025230000e-05	0.000000000000e+00
500	1.066300000000e-01	0	0.000000000000e+00	3.970309720000e-01	-9.637665140000e-05	0.000000000000e+00
500	1.075000000000e-01	0	0.000000000000e+00	3.970025780000e-01	-9.569075120000e-05	0.000000000000e+00
500	1.082500000000e-01	0	0.000000000000e+00	3.970960700000e-01	-9.569075120000e-05	0.000000000000e+00
500	1.091700000000e-01	0	0.000000000000e+00	3.970780640000e-01	-9.843435210000e-05	0.000000000000e+00
500	1.100300000000e-01	0	0.000000000000e+00	3.968675350000e-01	-9.706255170000e-05	0.000000000000e+00
500	1.109000000000e-01	0	6.103560000000e-05	3.967560380000e-01	-9.569075120000e-05	0.000000000000e+00
500	1.117900000000e-01	0	0.000000000000e+00	3.967781990000e-01	-9.774845190000e-05	0.000000000000e+00
500	1.125800000000e-01	0	0.000000000000e+00	3.968114400000e-01	-9.843435210000e-05	0.000000000000e+00
500	1.134500000000e-01	0	0.000000000000e+00	3.968696130000e-01	-9.774845190000e-05	0.000000000000e+00
500	1.143100000000e-01	0	0.000000000000e+00	3.967456500000e-01	-9.774845190000e-05	0.000000000000e+00
500	1.152500000000e-01	0	0.000000000000e+00	3.969270920000e-01	-9.569075120000e-05	0.000000000000e+00
500	1.160800000000e-01	0	0.000000000000e+00	3.966348450000e-01	-9.637665140000e-05	0.000000000000e+00
500	1.169500000000e-01	0	0.000000000000e+00	3.966798600000e-01	-9.431895080000e-05	0.000000000000e+00
500	1.177400000000e-01	0	6.103560000000e-05	3.968633800000e-01	-9.706255170000e-05	0.000000000000e+00
500	1.186000000000e-01	0	6.103560000000e-05	3.969090870000e-01	-9.637665140000e-05	0.000000000000e+00
500	1.194800000000e-01	0	0.000000000000e+00	3.965365060000e-01	-9.637665140000e-05	0.000000000000e+00
500	1.204000000000e-01	0	0.000000000000e+00	3.968045150000e-01	-9.912025230000e-05	0.000000000000e+00
500	1.212500000000e-01	0	0.000000000000e+00	3.969381730000e-01	-1.004920530000e-04	0.000000000000e+00
500	1.220900000000e-01	0	0.000000000000e+00	3.970427450000e-01	-9.980615260000e-05	0.000000000000e+00
500	1.230000000000e-01	0	0.000000000000e+00	3.970510550000e-01	-9.569075120000e-05	0.000000000000e+00
500	1.237800000000e-01	0	0.000000000000e+00	3.968820780000e-01	-9.569075120000e-05	0.000000000000e+00
500	1.246500000000e-01	0	0.000000000000e+00	3.969824950000e-01	-9.843435210000e-05	0.000000000000e+00
500	1.255500000000e-01	0	0.000000000000e+00	3.967311070000e-01	-9.774845190000e-05	0.000000000000e+00
500	1.264100000000e-01	0	0.000000000000e+00	3.969035460000e-01	-1.039215540000e-04	0.000000000000e+00
500	1.272900000000e-01	0	0.000000000000e+00	3.971168450000e-01	-9.706255170000e-05	0.000000000000e+00
500	1.280500000000e-01	0	6.103560000000e-05	3.969714140000e-01	-9.431895080000e-05	0.000000000000e+00
500	1.289300000000e-01	0	6.103560000000e-05	3.968848480000e-01	-8.883174900000e-05	0.000000000000e+00
500	1.298200000000e-01	0	0.000000000000e+00	3.970095030000e-01	-9.637665140000e-05	0.000000000000e+00
500	1.307000000000e-01	0	0.000000000000e+00	3.967456500000e-01	-9.706255170000e-05	0.000000000000e+00
500	1.315800000000e-01	0	6.103560000000e-05	3.968017450000e-01	-9.706255170000e-05	0.000000000000e+00
500	1.324600000000e-01	0	0.000000000000e+00	3.968716900000e-01	-9.500485100000e-05	0.000000000000e+00
500	1.332300000000e-01	0	0.000000000000e+00	3.970863740000e-01	-9.226125010000e-05	0.000000000000e+00
500	1.341100000000e-01	0	0.000000000000e+00	3.970101960000e-01	-9.363305060000e-05	0.000000000000e+00
500	1.349900000000e-01	0	6.103560000000e-05	3.972345750000e-01	-9.363305060000e-05	0.000000000000e+00
500	1.358700000000e-01	0	0.000000000000e+00	3.973114460000e-01	-9.706255170000e-05	0.000000000000e+00
500	1.367400000000e-01	0	0.000000000000e+00	3.970877590000e-01	-9.500485100000e-05	0.000000000000e+00
500	1.376500000000e-01	0	0.000000000000e+00	3.971327740000e-01	-9.294715030000e-05	0.000000000000e+00
500	1.384900000000e-01	0	0.000000000000e+00	3.975469060000e-01	-9.569075120000e-05	0.000000000000e+00
500	1.392800000000e-01	0	0.000000000000e+00	3.969139340000e-01	-9.363305060000e-05	0.000000000000e+00
500	1.401800000000e-01	0	6.103560000000e-05	3.973419170000e-01	-9.431895080000e-05	0.000000000000e+00
500	1.410200000000e-01	0	0.000000000000e+00	3.967885870000e-01	-9.706255170000e-05	0.000000000000e+00
500	1.419200000000e-01	0	0.000000000000e+00	3.966992500000e-01	-9.706255170000e-05	0.000000000000e+00
500	1.428000000000e-01	0	6.103560000000e-05	3.968093630000e-01	-9.294715030000e-05	0.000000000000e+00
500	1.436700000000e-01	0	0.000000000000e+00	3.968363710000e-01	-9.157534990000e-05	0.000000000000e+00
500	1.444300000000e-01	0	0.000000000000e+00	3.976348570000e-01	-9.294715030000e-05	0.000000000000e+00
500	1.453200000000e-01	0	0.000000000000e+00	3.974783460000e-01	-9.706255170000e-05	0.000000000000e+00
500	1.462200000000e-01	0	1.220710000000e-04	3.974679580000e-01	-9.843435210000e-05	0.000000000000e+00
500	1.470800000000e-01	0	6.103560000000e-05	3.971043800000e-01	-9.912025230000e-05	0.000000000000e+00
500	1.479700000000e-01	0	0.000000000000e+00	3.976632510000e-01	-9.431895080000e-05	0.000000000000e+00
500	1.488400000000e-01	0	0.000000000000e+00	3.950932750000e-01	-9.843435210000e-05	0.000000000000e+00
500	1.497400000000e-01	0	6.103560000000e-05	3.974347160000e-01	-9.774845190000e-05	0.000000000000e+00
500	1.506000000000e-01	0	0.000000000000e+00	3.954644710000e-01	-1.011779530000e-04	0.000000000000e+00
500	1.513800000000e-01	0	6.103560000000e-05	3.967442650000e-01	-1.004920530000e-04	0.000000000000e+00
500	1.522200000000e-01	0	6.103560000000e-05	3.968308310000e-01	-9.569075120000e-05	0.000000000000e+00
500	1.531400000000e-01	0	6.103560000000e-05	3.965365060000e-01	-1.025497530000e-04	0.000000000000e+00
500	1.540200000000e-01	0	6.103560000000e-05	3.968280610000e-01	-9.637665140000e-05	0.000000000000e+00
500	1.549100000000e-01	0	6.103560000000e-05	3.970773710000e-01	-1.011779530000e-04	0.000000000000e+00
500	1.557500000000e-01	0	6.103560000000e-05	3.968038220000e-01	-9.706255170000e-05	0.000000000000e+00
500	1.566500000000e-01	0	0.000000000000e+00	3.973038280000e-01	-1.011779530000e-04	0.000000000000e+00
500	1.574300000000e-01	0	0.000000000000e+00	3.973855470000e-01	-1.025497530000e-04	0.000000000000e+00
500	1.583100000000e-01	0	6.103560000000e-05	3.958225080000e-01	-1.059792550000e-04	0.000000000000e+00
500	1.592100000000e-01	0	0.000000000000e+00	3.975642190000e-01	-1.039215540000e-04	0.000000000000e+00
500	1.600700000000e-01	0	0.000000000000e+00	3.981237830000e-01	-1.011779530000e-04	0.000000000000e+00
500	1.609600000000e-01	0	0.000000000000e+00	3.981944210000e-01	-9.569075120000e-05	0.000000000000e+00
500	1.618400000000e-01	0	6.103560000000e-05	3.959125370000e-01	-1.025497530000e-04	0.000000000000e+00
500	1.627000000000e-01	0	6.103560000000e-05	3.983086880000e-01	-1.004920530000e-04	0.000000000000e+00
500	1.634700000000e-01	0	0.000000000000e+00	3.982373580000e-01	-1.025497530000e-04	0.000000000000e+00
500	1.643500000000e-01	0	0.000000000000e+00	3.972311130000e-01	-1.025497530000e-04	0.000000000000e+00
500	1.652200000000e-01	0	6.103560000000e-05	3.972442710000e-01	-9.980615260000e-05	0.000000000000e+00
500	1.661100000000e-01	0	0.000000000000e+00	3.973363770000e-01	-1.004920530000e-04	0.000000000000e+00
500	1.669800000000e-01	0	1.220710000000e-04	3.979624240000e-01	-9.980615260000e-05	0.000000000000e+00
500	1.678700000000e-01	0	6.103560000000e-05	3.976604810000e-01	-9.637665140000e-05	0.000000000000e+00
500	1.687400000000e-01	0	0.000000000000e+00	3.977913690000e-01	-9.843435210000e-05	0.000000000000e+00
500	1.695400000000e-01	0	0.000000000000e+00	3.986064760000e-01	-9.980615260000e-05	0.000000000000e+00
500	1.703900000000e-01	0	0.000000000000e+00	3.987262830000e-01	-9.843435210000e-05	0.000000000000e+00
500	1.712700000000e-01	0	0.000000000000e+00	3.983128430000e-01	-9.774845190000e-05	0.000000000000e+00
500	1.721600000000e-01	0	0.000000000000e+00	3.987138180000e-01	-1.004920530000e-04	0.000000000000e+00
500	1.730400000000e-01	0	0.000000000000e+00	3.987782230000e-01	-9.637665140000e-05	0.000000000000e+00
500	1.739000000000e-01	0	6.103560000000e-05	3.978834750000e-01	-9.637665140000e-05	0.000000000000e+00
500	1.746700000000e-01	0	0.000000000000e+00	3.987962290000e-01	-9.980615260000e-05	0.000000000000e+00
500	1.755800000000e-01	0	0.000000000000e+00	3.988696370000e-01	-9.843435210000e-05	0.000000000000e+00
500	1.764500000000e-01	0	0.000000000000e+00	3.988267000000e-01	-1.004920530000e-04	0.000000000000e+00
500	1.773100000000e-01	0	0.000000000000e+00	3.991487260000e-01	-9.912025230000e-05	0.000000000000e+00
500	1.782100000000e-01	0	0.000000000000e+00	3.988433210000e-01	-9.706255170000e-05	0.000000000000e+00
500	1.790900000000e-01	0	6.103560000000e-05	3.989001080000e-01	-9.774845190000e-05	0.000000000000e+00
500	1.799400000000e-01	0	6.103560000000e-05	3.987782230000e-01	-1.004920530000e-04	0.000000000000e+00
500	1.808300000000e-01	0	6.103560000000e-05	3.990780880000e-01	-1.004920530000e-04	0.000000000000e+00
500	1.817100000000e-01	0	0.000000000000e+00	3.988557860000e-01	-9.912025230000e-05	0.000000000000e+00
500	1.825900000000e-01	0	6.103560000000e-05	3.995074560000e-01	-1.004920530000e-04	0.000000000000e+00
500	1.834700000000e-01	0	0.000000000000e+00	3.991071740000e-01	-9.569075120000e-05	0.000000000000e+00
500	1.842500000000e-01	0	0.000000000000e+00	3.995815570000e-01	-9.843435210000e-05	0.000000000000e+00
500	1.851200000000e-01	0	0.000000000000e+00	3.993682580000e-01	-9.637665140000e-05	0.000000000000e+00
500	1.860100000000e-01	0	0.000000000000e+00	3.991057890000e-01	-9.843435210000e-05	0.000000000000e+00
500	1.869000000000e-01	0	0.000000000000e+00	3.988398580000e-01	-9.843435210000e-05	0.000000000000e+00
500	1.877500000000e-01	0	0.000000000000e+00	3.993987290000e-01	-1.018638530000e-04	0.000000000000e+00
500	1.886500000000e-01	0	6.103560000000e-05	3.987255910000e-01	-1.011779530000e-04	0.000000000000e+00
500	1.895400000000e-01	0	1.220710000000e-04	3.996147980000e-01	-9.980615260000e-05	0.000000000000e+00
500	1.903000000000e-01	0	6.103560000000e-05	3.996833590000e-01	-9.500485100000e-05	0.000000000000e+00
500	1.911700000000e-01	0	6.103560000000e-05	3.997075970000e-01	-1.011779530000e-04	0.000000000000e+00
500	1.920400000000e-01	0	0.000000000000e+00	3.993793380000e-01	-9.569075120000e-05	0.000000000000e+00
500	1.929500000000e-01	0	1.220710000000e-04	3.996030250000e-01	-9.843435210000e-05	0.000000000000e+00
500	1.938100000000e-01	0	6.103560000000e-05	4.001591260000e-01	-9.569075120000e-05	0.000000000000e+00
500	1.947000000000e-01	0	6.103560000000e-05	3.999395950000e-01	-9.294715030000e-05	0.000000000000e+00
500	1.955600000000e-01	0	0.000000000000e+00	3.999271290000e-01	-9.774845190000e-05	0.000000000000e+00
500	1.963600000000e-01	0	0.000000000000e+00	3.991078670000e-01	-9.294715030000e-05	0.000000000000e+00
500	1.971700000000e-01	0	0.000000000000e+00	4.000109250000e-01	-8.951764920000e-05	0.000000000000e+00
500	1.980900000000e-01	0	0.000000000000e+00	3.998557990000e-01	-9.363305060000e-05	0.000000000000e+00
500	1.989900000000e-01	0	0.000000000000e+00	4.002858590000e-01	-9.843435210000e-05	0.000000000000e+00
500	1.996500000000e-01	0	6.103560000000e-05	4.001535860000e-01	-9.294715030000e-05	0.000000000000e+00
500	1.998300000000e-01	0	0.000000000000e+00	4.001141120000e-01	-9.500485100000e-05	0.000000000000e+00
500	1.999300000000e-01	0	0.000000000000e+00	4.002006780000e-01	-9.157534990000e-05	0.000000000000e+00

