# Filename: data_1153.dat
# Timestamp: Sun Dec 15 00:36:55 2019

# Column 1:
#	end: -0.2
#	name: IPS120-10 (swept B(T))
#	size: 2
#	start: 0.2
#	type: coordinate
# Column 2:
#	end: 0
#	name: y_parameter (none)
#	size: 1
#	start: 0
#	type: coordinate
# Column 3:
#	end: 0
#	name: z_parameter (none)
#	size: 1
#	start: 0
#	type: coordinate
# Column 4:
#	name: lockin 1
#	type: value
# Column 5:
#	name: Keithley 1
#	type: value
# Column 6:
#	name: Keithley 2
#	type: value
# Column 7:
#	name: lockin 2
#	type: value

100	1.998000000000e-01	0	9.418550000000e-03	8.653859920000e-02	3.943146850000e-05	5.423120000000e-06
100	1.991500000000e-01	0	9.416640000000e-03	8.962175100000e-02	3.463017990000e-05	5.285280000000e-06
100	1.983500000000e-01	0	9.421410000000e-03	8.942368690000e-02	4.011736690000e-05	5.368170000000e-06
100	1.975200000000e-01	0	9.485300000000e-03	8.857187270000e-02	3.531607830000e-05	5.412880000000e-06
100	1.966600000000e-01	0	9.423320000000e-03	8.783224870000e-02	3.943146850000e-05	5.397970000000e-06
100	1.957800000000e-01	0	9.429040000000e-03	8.936066650000e-02	3.737377340000e-05	5.285280000000e-06
100	1.948900000000e-01	0	9.503420000000e-03	8.928241040000e-02	3.600197670000e-05	5.236860000000e-06
100	1.940100000000e-01	0	9.431900000000e-03	8.940014080000e-02	3.668787500000e-05	5.397040000000e-06
100	1.931700000000e-01	0	9.435710000000e-03	8.740287900000e-02	3.394428150000e-05	5.326260000000e-06
100	1.922800000000e-01	0	9.434760000000e-03	9.014461260000e-02	3.737377340000e-05	5.396110000000e-06
100	1.913800000000e-01	0	9.465280000000e-03	8.846453030000e-02	3.325838320000e-05	5.289010000000e-06
100	1.906300000000e-01	0	9.436670000000e-03	9.008921000000e-02	3.943146850000e-05	5.372830000000e-06
100	1.896400000000e-01	0	9.437620000000e-03	8.788765130000e-02	3.600197670000e-05	5.455720000000e-06
100	1.888800000000e-01	0	9.452880000000e-03	9.043478340000e-02	3.668787500000e-05	5.525570000000e-06
100	1.879800000000e-01	0	9.485300000000e-03	8.895068770000e-02	2.982889130000e-05	5.542330000000e-06
100	1.871100000000e-01	0	9.478630000000e-03	8.551988490000e-02	3.737377340000e-05	5.379350000000e-06
100	1.862200000000e-01	0	9.493890000000e-03	8.957604390000e-02	3.463017990000e-05	5.289010000000e-06
100	1.853400000000e-01	0	9.459560000000e-03	8.557528750000e-02	3.600197670000e-05	5.491110000000e-06
100	1.844900000000e-01	0	9.456690000000e-03	8.881079620000e-02	3.531607830000e-05	5.248960000000e-06
100	1.836000000000e-01	0	9.455740000000e-03	8.555381900000e-02	3.463017990000e-05	5.370040000000e-06
100	1.826900000000e-01	0	9.458600000000e-03	9.002272700000e-02	3.325838320000e-05	5.327190000000e-06
100	1.818200000000e-01	0	9.467180000000e-03	8.618471550000e-02	3.463017990000e-05	5.370970000000e-06
100	1.809500000000e-01	0	9.494840000000e-03	9.037384060000e-02	4.080326530000e-05	5.370970000000e-06
100	1.800700000000e-01	0	9.475770000000e-03	8.679345100000e-02	3.325838320000e-05	5.366310000000e-06
100	1.791600000000e-01	0	9.498660000000e-03	8.964391200000e-02	4.011736690000e-05	5.399840000000e-06
100	1.782800000000e-01	0	9.473860000000e-03	8.597418580000e-02	3.531607830000e-05	5.496690000000e-06
100	1.774600000000e-01	0	9.483400000000e-03	8.857879810000e-02	3.943146850000e-05	5.472480000000e-06
100	1.766400000000e-01	0	9.482440000000e-03	8.585784040000e-02	3.943146850000e-05	5.380280000000e-06
100	1.757700000000e-01	0	9.489120000000e-03	8.756354640000e-02	3.394428150000e-05	5.460370000000e-06
100	1.748900000000e-01	0	9.490070000000e-03	8.610230420000e-02	3.737377340000e-05	5.465960000000e-06
100	1.739900000000e-01	0	9.491030000000e-03	8.597418580000e-02	3.325838320000e-05	5.456650000000e-06
100	1.731200000000e-01	0	9.491980000000e-03	8.815773870000e-02	3.805967180000e-05	5.333710000000e-06
100	1.722400000000e-01	0	9.500560000000e-03	8.688140250000e-02	3.943146850000e-05	5.375620000000e-06
100	1.713900000000e-01	0	9.505330000000e-03	9.057121220000e-02	4.148916360000e-05	5.515320000000e-06
100	1.704600000000e-01	0	9.566370000000e-03	8.901717070000e-02	3.874557010000e-05	5.457580000000e-06
100	1.696100000000e-01	0	9.546340000000e-03	9.117094470000e-02	4.011736690000e-05	5.373760000000e-06
100	1.687600000000e-01	0	9.510100000000e-03	9.087661870000e-02	3.805967180000e-05	5.457580000000e-06
100	1.678700000000e-01	0	9.510100000000e-03	8.960928540000e-02	4.080326530000e-05	5.348610000000e-06
100	1.671000000000e-01	0	9.513910000000e-03	9.079905510000e-02	4.148916360000e-05	5.409150000000e-06
100	1.662000000000e-01	0	9.518680000000e-03	8.724290410000e-02	3.874557010000e-05	5.542330000000e-06
100	1.653500000000e-01	0	9.544430000000e-03	8.863627820000e-02	3.874557010000e-05	5.462240000000e-06
100	1.644300000000e-01	0	9.521540000000e-03	8.616324700000e-02	3.531607830000e-05	5.499490000000e-06
100	1.635700000000e-01	0	9.519640000000e-03	8.651159050000e-02	3.943146850000e-05	5.527430000000e-06
100	1.627000000000e-01	0	9.542520000000e-03	8.765357550000e-02	4.011736690000e-05	5.411940000000e-06
100	1.618200000000e-01	0	9.531080000000e-03	8.660577480000e-02	3.668787500000e-05	5.419400000000e-06
100	1.609000000000e-01	0	9.532030000000e-03	9.003172990000e-02	4.148916360000e-05	5.423120000000e-06
100	1.600400000000e-01	0	9.542520000000e-03	8.863558570000e-02	3.943146850000e-05	5.443610000000e-06
100	1.591700000000e-01	0	9.532030000000e-03	9.139116990000e-02	3.805967180000e-05	5.455720000000e-06
100	1.582700000000e-01	0	9.535850000000e-03	8.984197610000e-02	4.148916360000e-05	5.612180000000e-06
100	1.574200000000e-01	0	9.540620000000e-03	9.111346460000e-02	4.148916360000e-05	5.411010000000e-06
100	1.565200000000e-01	0	9.553970000000e-03	9.143826200000e-02	3.943146850000e-05	5.455720000000e-06
100	1.557400000000e-01	0	9.542520000000e-03	8.912243560000e-02	4.148916360000e-05	5.381210000000e-06
100	1.548600000000e-01	0	9.565410000000e-03	9.037314810000e-02	3.805967180000e-05	5.308570000000e-06
100	1.539900000000e-01	0	9.543480000000e-03	8.676367210000e-02	3.943146850000e-05	5.406360000000e-06
100	1.531300000000e-01	0	9.555880000000e-03	8.779900720000e-02	3.874557010000e-05	5.543260000000e-06
100	1.522300000000e-01	0	9.567320000000e-03	8.611892500000e-02	3.805967180000e-05	5.424980000000e-06
100	1.513800000000e-01	0	9.605470000000e-03	8.637239160000e-02	4.011736690000e-05	5.414740000000e-06
100	1.504800000000e-01	0	9.562550000000e-03	8.866467200000e-02	4.560455390000e-05	5.243380000000e-06
100	1.496000000000e-01	0	9.607370000000e-03	8.703514460000e-02	3.943146850000e-05	5.421260000000e-06
100	1.487100000000e-01	0	9.570180000000e-03	9.080182530000e-02	4.354685880000e-05	5.316020000000e-06
100	1.478400000000e-01	0	9.550150000000e-03	8.978103330000e-02	4.011736690000e-05	5.575860000000e-06
100	1.469700000000e-01	0	9.547290000000e-03	9.134754040000e-02	3.874557010000e-05	5.402630000000e-06
100	1.461800000000e-01	0	9.563510000000e-03	8.918476340000e-02	4.080326530000e-05	5.266660000000e-06
100	1.453000000000e-01	0	9.563510000000e-03	9.086830830000e-02	3.737377340000e-05	5.201470000000e-06
100	1.444300000000e-01	0	9.543480000000e-03	8.661547030000e-02	4.354685880000e-05	5.368170000000e-06
100	1.435300000000e-01	0	9.547290000000e-03	9.017785410000e-02	3.943146850000e-05	5.370040000000e-06
100	1.426700000000e-01	0	9.552060000000e-03	8.623527030000e-02	3.668787500000e-05	5.368170000000e-06
100	1.417800000000e-01	0	9.555880000000e-03	9.073741980000e-02	3.463017990000e-05	5.457580000000e-06
100	1.409300000000e-01	0	9.550150000000e-03	8.658984660000e-02	4.286096040000e-05	5.456650000000e-06
100	1.399800000000e-01	0	9.543480000000e-03	8.762518170000e-02	3.943146850000e-05	5.320670000000e-06
100	1.391400000000e-01	0	9.567320000000e-03	8.635923350000e-02	4.148916360000e-05	5.333710000000e-06
100	1.382600000000e-01	0	9.544430000000e-03	8.707600400000e-02	3.805967180000e-05	5.371900000000e-06
100	1.373700000000e-01	0	9.546340000000e-03	8.711963350000e-02	3.394428150000e-05	5.262930000000e-06
100	1.365000000000e-01	0	9.539660000000e-03	8.873600280000e-02	4.629045220000e-05	5.288080000000e-06
100	1.356400000000e-01	0	9.538710000000e-03	9.047633530000e-02	4.011736690000e-05	5.497630000000e-06
100	1.347700000000e-01	0	9.547290000000e-03	8.993962310000e-02	3.943146850000e-05	5.654090000000e-06
100	1.339500000000e-01	0	9.533940000000e-03	8.990014880000e-02	3.600197670000e-05	5.492970000000e-06
100	1.330900000000e-01	0	9.540620000000e-03	9.087107850000e-02	4.148916360000e-05	5.543260000000e-06
100	1.322200000000e-01	0	9.538710000000e-03	8.985444170000e-02	4.011736690000e-05	5.508800000000e-06
100	1.313300000000e-01	0	9.546340000000e-03	9.090085730000e-02	3.531607830000e-05	5.504150000000e-06
100	1.304500000000e-01	0	9.529170000000e-03	9.063631020000e-02	3.805967180000e-05	5.374690000000e-06
100	1.295600000000e-01	0	9.525360000000e-03	8.883711240000e-02	3.943146850000e-05	5.287150000000e-06
100	1.287100000000e-01	0	9.531080000000e-03	9.110930940000e-02	4.148916360000e-05	5.285280000000e-06
100	1.278100000000e-01	0	9.542520000000e-03	8.915290700000e-02	3.600197670000e-05	5.300190000000e-06
100	1.269400000000e-01	0	9.558740000000e-03	9.016538850000e-02	3.531607830000e-05	5.540470000000e-06
100	1.260700000000e-01	0	9.529170000000e-03	8.609676390000e-02	3.874557010000e-05	5.628940000000e-06
100	1.251900000000e-01	0	9.550150000000e-03	9.017577650000e-02	3.737377340000e-05	5.533020000000e-06
100	1.244200000000e-01	0	9.524410000000e-03	8.921177220000e-02	3.943146850000e-05	5.470620000000e-06
100	1.234400000000e-01	0	9.524410000000e-03	9.087938880000e-02	4.354685880000e-05	5.587960000000e-06
100	1.226600000000e-01	0	9.540620000000e-03	8.620479890000e-02	3.943146850000e-05	5.630810000000e-06
100	1.217600000000e-01	0	9.527270000000e-03	8.992785010000e-02	4.148916360000e-05	5.628940000000e-06
100	1.208800000000e-01	0	9.513910000000e-03	8.690564110000e-02	3.737377340000e-05	5.505080000000e-06
100	1.200100000000e-01	0	9.520590000000e-03	9.054905120000e-02	4.080326530000e-05	5.543260000000e-06
100	1.191400000000e-01	0	9.515820000000e-03	8.761340870000e-02	3.668787500000e-05	5.628010000000e-06
100	1.182400000000e-01	0	9.514870000000e-03	9.078658960000e-02	3.737377340000e-05	5.627080000000e-06
100	1.173600000000e-01	0	9.525360000000e-03	8.999364060000e-02	3.737377340000e-05	5.628940000000e-06
100	1.165100000000e-01	0	9.543480000000e-03	8.925470910000e-02	3.668787500000e-05	5.421260000000e-06
100	1.156200000000e-01	0	9.510100000000e-03	9.069448280000e-02	4.286096040000e-05	5.461300000000e-06
100	1.147400000000e-01	0	9.512010000000e-03	8.763695480000e-02	3.668787500000e-05	5.602870000000e-06
100	1.138200000000e-01	0	9.517730000000e-03	9.023325660000e-02	3.737377340000e-05	5.421260000000e-06
100	1.130800000000e-01	0	9.523450000000e-03	8.563830790000e-02	3.805967180000e-05	5.632670000000e-06
100	1.121800000000e-01	0	9.525360000000e-03	8.806286180000e-02	3.737377340000e-05	5.589830000000e-06
100	1.113100000000e-01	0	9.513910000000e-03	8.540907980000e-02	4.148916360000e-05	5.505080000000e-06
100	1.104600000000e-01	0	9.600700000000e-03	8.607875810000e-02	3.394428150000e-05	5.412880000000e-06
100	1.095400000000e-01	0	9.592120000000e-03	8.644441490000e-02	4.354685880000e-05	5.461300000000e-06
100	1.086600000000e-01	0	9.597840000000e-03	8.552127000000e-02	3.668787500000e-05	5.510660000000e-06
100	1.078300000000e-01	0	9.596880000000e-03	8.871938200000e-02	3.874557010000e-05	5.525570000000e-06
100	1.069200000000e-01	0	9.594980000000e-03	8.740980430000e-02	3.463017990000e-05	5.469690000000e-06
100	1.060300000000e-01	0	9.589250000000e-03	9.058644790000e-02	3.737377340000e-05	5.465030000000e-06
100	1.051500000000e-01	0	9.600700000000e-03	8.986759980000e-02	4.148916360000e-05	5.503210000000e-06
100	1.043000000000e-01	0	9.601650000000e-03	8.979626900000e-02	3.874557010000e-05	5.542330000000e-06
100	1.034100000000e-01	0	9.604510000000e-03	8.785233220000e-02	3.668787500000e-05	5.329060000000e-06
100	1.025300000000e-01	0	9.595930000000e-03	8.595756500000e-02	3.394428150000e-05	5.542330000000e-06
100	1.016700000000e-01	0	9.600700000000e-03	8.646657590000e-02	3.531607830000e-05	5.546990000000e-06
100	1.008700000000e-01	0	9.593070000000e-03	8.534882950000e-02	3.668787500000e-05	5.526500000000e-06
100	1.000000000000e-01	0	9.596880000000e-03	9.028242640000e-02	3.394428150000e-05	5.457580000000e-06
100	9.913000000000e-02	0	9.599750000000e-03	8.548664340000e-02	3.394428150000e-05	5.373760000000e-06
100	9.823000000000e-02	0	9.591160000000e-03	9.036137500000e-02	3.531607830000e-05	5.501350000000e-06
100	9.735000000000e-02	0	9.597840000000e-03	8.511752390000e-02	4.286096040000e-05	5.377490000000e-06
100	9.647000000000e-02	0	9.602610000000e-03	9.037661070000e-02	3.668787500000e-05	5.316950000000e-06
100	9.560000000000e-02	0	9.596880000000e-03	8.837588620000e-02	3.737377340000e-05	5.289010000000e-06
100	9.470000000000e-02	0	9.605470000000e-03	9.016261840000e-02	3.188658640000e-05	5.372830000000e-06
100	9.383000000000e-02	0	9.603560000000e-03	9.033713640000e-02	3.463017990000e-05	5.596350000000e-06
100	9.296000000000e-02	0	9.598790000000e-03	8.718680910000e-02	3.943146850000e-05	5.457580000000e-06
100	9.205000000000e-02	0	9.600700000000e-03	9.037591820000e-02	3.737377340000e-05	5.445470000000e-06
100	9.130000000000e-02	0	9.600700000000e-03	8.723874890000e-02	3.257248480000e-05	5.429640000000e-06
100	9.041000000000e-02	0	9.609280000000e-03	9.044378630000e-02	3.531607830000e-05	5.417530000000e-06
100	8.946000000000e-02	0	9.601650000000e-03	8.587584630000e-02	3.257248480000e-05	5.272250000000e-06
100	8.866000000000e-02	0	9.603560000000e-03	9.001995680000e-02	2.914299290000e-05	5.370970000000e-06
100	8.781000000000e-02	0	9.603560000000e-03	8.518331440000e-02	2.914299290000e-05	5.455720000000e-06
100	8.692000000000e-02	0	9.599750000000e-03	8.931011170000e-02	3.463017990000e-05	5.465960000000e-06
100	8.602000000000e-02	0	9.602610000000e-03	8.737240760000e-02	2.914299290000e-05	5.627080000000e-06
100	8.513000000000e-02	0	9.605470000000e-03	8.634469030000e-02	2.982889130000e-05	5.542330000000e-06
100	8.427000000000e-02	0	9.603560000000e-03	8.589869980000e-02	2.708529780000e-05	5.522770000000e-06
100	8.343000000000e-02	0	9.602610000000e-03	8.966399550000e-02	3.394428150000e-05	5.457580000000e-06
100	8.251000000000e-02	0	9.607370000000e-03	8.759748040000e-02	3.257248480000e-05	5.453850000000e-06
100	8.164000000000e-02	0	9.605470000000e-03	8.987106250000e-02	3.188658640000e-05	5.368170000000e-06
100	8.077000000000e-02	0	9.603560000000e-03	8.594163680000e-02	3.051478970000e-05	5.520910000000e-06
100	7.988000000000e-02	0	9.609280000000e-03	8.743750560000e-02	3.463017990000e-05	5.575860000000e-06
100	7.899000000000e-02	0	9.606420000000e-03	8.531351040000e-02	2.777119620000e-05	5.428710000000e-06
100	7.825000000000e-02	0	9.607370000000e-03	8.636823640000e-02	3.600197670000e-05	5.457580000000e-06
100	7.733000000000e-02	0	9.603560000000e-03	8.520824560000e-02	3.120068810000e-05	5.542330000000e-06
100	7.646000000000e-02	0	9.605470000000e-03	8.521170820000e-02	3.325838320000e-05	5.755600000000e-06
100	7.558000000000e-02	0	9.611190000000e-03	8.822491430000e-02	3.394428150000e-05	5.661540000000e-06
100	7.469000000000e-02	0	9.609280000000e-03	8.562445720000e-02	3.531607830000e-05	5.628940000000e-06
100	7.382000000000e-02	0	9.598790000000e-03	8.936897690000e-02	3.120068810000e-05	5.370970000000e-06
100	7.292000000000e-02	0	9.596880000000e-03	8.756839410000e-02	3.531607830000e-05	5.572130000000e-06
100	7.208000000000e-02	0	9.604510000000e-03	9.046663990000e-02	3.120068810000e-05	5.637320000000e-06
100	7.119000000000e-02	0	9.611190000000e-03	9.008921000000e-02	3.463017990000e-05	5.734180000000e-06
100	7.027000000000e-02	0	9.611190000000e-03	8.911066250000e-02	2.845709460000e-05	5.655020000000e-06
100	6.941000000000e-02	0	9.607370000000e-03	8.849361660000e-02	3.051478970000e-05	5.544190000000e-06
100	6.856000000000e-02	0	9.600700000000e-03	8.535021460000e-02	3.463017990000e-05	5.572130000000e-06
100	6.774000000000e-02	0	9.607370000000e-03	8.640632570000e-02	3.051478970000e-05	5.627080000000e-06
100	6.688000000000e-02	0	9.606420000000e-03	8.523109910000e-02	3.805967180000e-05	5.589830000000e-06
100	6.602000000000e-02	0	9.611190000000e-03	8.959127960000e-02	3.051478970000e-05	5.459440000000e-06
100	6.513000000000e-02	0	9.611190000000e-03	8.559467830000e-02	3.805967180000e-05	5.562820000000e-06
100	6.422000000000e-02	0	9.610240000000e-03	8.934196810000e-02	3.737377340000e-05	5.784470000000e-06
100	6.337000000000e-02	0	9.607370000000e-03	8.763210700000e-02	3.600197670000e-05	5.714620000000e-06
100	6.251000000000e-02	0	9.611190000000e-03	9.062799980000e-02	3.257248480000e-05	5.622420000000e-06
100	6.161000000000e-02	0	9.615960000000e-03	9.013353200000e-02	3.463017990000e-05	5.602870000000e-06
100	6.074000000000e-02	0	9.614050000000e-03	8.926440460000e-02	3.668787500000e-05	5.769570000000e-06
100	5.985000000000e-02	0	9.606420000000e-03	9.009890550000e-02	3.600197670000e-05	5.795650000000e-06
100	5.899000000000e-02	0	9.602610000000e-03	8.665909980000e-02	3.188658640000e-05	5.638260000000e-06
100	5.808000000000e-02	0	9.617870000000e-03	8.803308300000e-02	2.914299290000e-05	5.707170000000e-06
100	5.723000000000e-02	0	9.615960000000e-03	8.556836210000e-02	3.325838320000e-05	5.542330000000e-06
100	5.635000000000e-02	0	9.615960000000e-03	8.585230020000e-02	3.394428150000e-05	5.613110000000e-06
100	5.554000000000e-02	0	9.616910000000e-03	8.679068080000e-02	3.531607830000e-05	5.718350000000e-06
100	5.467000000000e-02	0	9.616910000000e-03	8.583567940000e-02	3.668787500000e-05	5.516250000000e-06
100	5.379000000000e-02	0	9.621680000000e-03	8.956911860000e-02	2.845709460000e-05	5.542330000000e-06
100	5.295000000000e-02	0	9.622630000000e-03	8.816881920000e-02	3.257248480000e-05	5.388660000000e-06
100	5.200000000000e-02	0	9.627400000000e-03	9.086553820000e-02	3.463017990000e-05	5.546990000000e-06
100	5.116000000000e-02	0	9.621680000000e-03	9.040846720000e-02	3.463017990000e-05	5.466890000000e-06
100	5.028000000000e-02	0	9.623590000000e-03	8.959820490000e-02	3.051478970000e-05	5.471550000000e-06
100	4.940000000000e-02	0	9.624540000000e-03	9.058921800000e-02	3.257248480000e-05	5.469690000000e-06
100	4.853000000000e-02	0	9.628360000000e-03	8.869168070000e-02	3.463017990000e-05	5.492970000000e-06
100	4.763000000000e-02	0	9.628360000000e-03	9.079905510000e-02	3.188658640000e-05	5.428710000000e-06
100	4.674000000000e-02	0	9.626450000000e-03	8.744027570000e-02	3.325838320000e-05	5.490180000000e-06
100	4.596000000000e-02	0	9.628360000000e-03	9.061899690000e-02	3.188658640000e-05	5.318810000000e-06
100	4.513000000000e-02	0	9.635980000000e-03	8.781008770000e-02	3.120068810000e-05	5.383070000000e-06
100	4.423000000000e-02	0	9.635030000000e-03	9.034267670000e-02	2.708529780000e-05	5.215440000000e-06
100	4.335000000000e-02	0	9.635980000000e-03	9.014114990000e-02	2.914299290000e-05	5.294600000000e-06
100	4.247000000000e-02	0	9.630260000000e-03	9.083645190000e-02	2.777119620000e-05	5.232200000000e-06
100	4.161000000000e-02	0	9.636940000000e-03	8.588623430000e-02	3.257248480000e-05	4.962120000000e-06
100	4.071000000000e-02	0	9.633120000000e-03	9.068894260000e-02	2.708529780000e-05	4.968640000000e-06
100	3.982000000000e-02	0	9.644570000000e-03	8.581836610000e-02	2.708529780000e-05	4.787960000000e-06
100	3.897000000000e-02	0	9.649340000000e-03	9.096734040000e-02	3.051478970000e-05	4.946280000000e-06
100	3.808000000000e-02	0	9.646480000000e-03	8.610645940000e-02	2.708529780000e-05	4.879230000000e-06
100	3.720000000000e-02	0	9.660780000000e-03	9.072910940000e-02	3.051478970000e-05	4.909030000000e-06
100	3.632000000000e-02	0	9.671270000000e-03	8.980596450000e-02	2.571350110000e-05	4.872710000000e-06
100	3.545000000000e-02	0	9.679850000000e-03	9.047010250000e-02	3.188658640000e-05	4.866190000000e-06
100	3.455000000000e-02	0	9.661730000000e-03	9.050888430000e-02	3.257248480000e-05	4.791680000000e-06
100	3.377000000000e-02	0	9.683670000000e-03	8.975540970000e-02	3.188658640000e-05	4.622180000000e-06
100	3.291000000000e-02	0	9.653150000000e-03	9.003242240000e-02	2.845709460000e-05	4.705070000000e-06
100	3.201000000000e-02	0	9.657920000000e-03	9.078451200000e-02	3.188658640000e-05	4.874570000000e-06
100	3.114000000000e-02	0	9.657920000000e-03	8.937451710000e-02	2.639939940000e-05	4.622180000000e-06
100	3.027000000000e-02	0	9.662690000000e-03	9.094102420000e-02	3.120068810000e-05	4.521600000000e-06
100	2.940000000000e-02	0	9.687480000000e-03	9.044932660000e-02	2.845709460000e-05	4.486210000000e-06
100	2.851000000000e-02	0	9.693210000000e-03	9.046733240000e-02	2.982889130000e-05	4.529050000000e-06
100	2.760000000000e-02	0	9.704650000000e-03	8.975056190000e-02	2.639939940000e-05	4.462930000000e-06
100	2.674000000000e-02	0	9.684620000000e-03	9.091124530000e-02	2.708529780000e-05	4.366070000000e-06
100	2.590000000000e-02	0	9.687480000000e-03	8.944861810000e-02	2.296990760000e-05	4.516940000000e-06
100	2.506000000000e-02	0	9.676990000000e-03	9.111900490000e-02	2.365580600000e-05	4.292490000000e-06
100	2.421000000000e-02	0	9.694160000000e-03	9.124089050000e-02	2.777119620000e-05	4.362340000000e-06
100	2.334000000000e-02	0	9.682710000000e-03	8.900886030000e-02	2.708529780000e-05	4.181670000000e-06
100	2.247000000000e-02	0	9.687480000000e-03	9.125958880000e-02	2.845709460000e-05	4.308330000000e-06
100	2.156000000000e-02	0	9.711330000000e-03	8.795136420000e-02	2.777119620000e-05	4.296220000000e-06
100	2.071000000000e-02	0	9.702740000000e-03	9.095002710000e-02	3.051478970000e-05	4.312980000000e-06
100	1.985000000000e-02	0	9.696070000000e-03	8.878378750000e-02	3.325838320000e-05	4.237550000000e-06
100	1.897000000000e-02	0	9.696070000000e-03	9.134961800000e-02	3.463017990000e-05	4.209610000000e-06
100	1.806000000000e-02	0	9.700830000000e-03	8.838488910000e-02	3.325838320000e-05	4.195640000000e-06
100	1.721000000000e-02	0	9.734210000000e-03	8.733016310000e-02	3.051478970000e-05	4.110890000000e-06
100	1.629000000000e-02	0	9.719910000000e-03	9.003034480000e-02	3.120068810000e-05	3.992610000000e-06
100	1.541000000000e-02	0	9.744700000000e-03	8.608914610000e-02	2.914299290000e-05	4.015890000000e-06
100	1.453000000000e-02	0	9.721820000000e-03	8.832117620000e-02	3.257248480000e-05	4.179800000000e-06
100	1.365000000000e-02	0	9.718000000000e-03	8.740426410000e-02	2.845709460000e-05	4.151870000000e-06
100	1.286000000000e-02	0	9.727540000000e-03	9.117094470000e-02	3.120068810000e-05	4.014960000000e-06
100	1.204000000000e-02	0	9.733260000000e-03	8.619718100000e-02	3.120068810000e-05	4.104370000000e-06
100	1.111000000000e-02	0	9.771410000000e-03	8.962105850000e-02	3.394428150000e-05	4.092260000000e-06
100	1.026000000000e-02	0	9.759010000000e-03	8.822283670000e-02	3.325838320000e-05	3.980500000000e-06
100	9.370000000000e-03	0	9.760920000000e-03	8.623527030000e-02	3.188658640000e-05	4.057800000000e-06
100	8.490000000000e-03	0	9.754240000000e-03	8.824153510000e-02	2.982889130000e-05	4.178870000000e-06
100	7.620000000000e-03	0	9.766640000000e-03	8.682184480000e-02	3.120068810000e-05	4.041040000000e-06
100	6.620000000000e-03	0	9.760920000000e-03	9.085168760000e-02	3.463017990000e-05	3.942320000000e-06
100	5.850000000000e-03	0	9.767590000000e-03	8.808502290000e-02	3.188658640000e-05	3.897610000000e-06
100	4.970000000000e-03	0	9.775220000000e-03	9.139740270000e-02	2.914299290000e-05	4.092260000000e-06
100	4.080000000000e-03	0	9.799060000000e-03	8.625881640000e-02	3.188658640000e-05	3.869670000000e-06
100	3.200000000000e-03	0	9.787620000000e-03	8.974917690000e-02	2.571350110000e-05	3.896680000000e-06
100	2.350000000000e-03	0	9.793340000000e-03	8.630660110000e-02	3.257248480000e-05	4.005650000000e-06
100	1.440000000000e-03	0	9.793340000000e-03	8.849015400000e-02	2.708529780000e-05	3.955360000000e-06
100	6.700000000000e-04	0	9.806690000000e-03	8.618610050000e-02	2.708529780000e-05	3.986090000000e-06
100	-1.900000000000e-04	0	9.857240000000e-03	8.720966260000e-02	2.982889130000e-05	3.969330000000e-06
100	-1.080000000000e-03	0	9.818140000000e-03	8.679137340000e-02	3.051478970000e-05	3.983300000000e-06
100	-1.940000000000e-03	0	9.820040000000e-03	8.647419380000e-02	2.914299290000e-05	3.940450000000e-06
100	-2.840000000000e-03	0	9.831490000000e-03	8.780316240000e-02	3.257248480000e-05	3.783050000000e-06
100	-3.720000000000e-03	0	9.832440000000e-03	8.661824040000e-02	2.639939940000e-05	3.970260000000e-06
100	-4.610000000000e-03	0	9.848650000000e-03	9.040361950000e-02	3.120068810000e-05	4.100640000000e-06
100	-5.480000000000e-03	0	9.841980000000e-03	8.618194530000e-02	3.120068810000e-05	3.913450000000e-06
100	-6.340000000000e-03	0	9.843890000000e-03	9.130391090000e-02	3.188658640000e-05	4.098780000000e-06
100	-7.240000000000e-03	0	9.862960000000e-03	8.626020140000e-02	2.982889130000e-05	4.050350000000e-06
100	-8.120000000000e-03	0	9.855330000000e-03	9.133992250000e-02	2.708529780000e-05	4.017750000000e-06
100	-8.990000000000e-03	0	9.879170000000e-03	8.807740500000e-02	3.325838320000e-05	4.098780000000e-06
100	-9.870000000000e-03	0	9.863910000000e-03	8.947077910000e-02	2.502760270000e-05	4.014960000000e-06
100	-1.074000000000e-02	0	9.869640000000e-03	8.613139050000e-02	3.120068810000e-05	4.163970000000e-06
100	-1.150000000000e-02	0	9.885850000000e-03	8.680868670000e-02	3.668787500000e-05	4.113680000000e-06
100	-1.240000000000e-02	0	9.884890000000e-03	8.672558280000e-02	2.777119620000e-05	4.172350000000e-06
100	-1.328000000000e-02	0	9.892520000000e-03	8.609953410000e-02	3.600197670000e-05	4.118340000000e-06
100	-1.418000000000e-02	0	9.925900000000e-03	8.954972770000e-02	3.257248480000e-05	4.011240000000e-06
100	-1.507000000000e-02	0	9.896340000000e-03	8.673458580000e-02	3.188658640000e-05	4.353030000000e-06
100	-1.592000000000e-02	0	9.903010000000e-03	9.069656040000e-02	3.394428150000e-05	4.394940000000e-06
100	-1.678000000000e-02	0	9.902060000000e-03	8.784263670000e-02	3.257248480000e-05	4.367930000000e-06
100	-1.766000000000e-02	0	9.923040000000e-03	9.121111160000e-02	3.668787500000e-05	4.422880000000e-06
100	-1.854000000000e-02	0	9.907780000000e-03	8.751299160000e-02	3.668787500000e-05	4.539300000000e-06
100	-1.939000000000e-02	0	9.905870000000e-03	9.103867120000e-02	3.463017990000e-05	4.552330000000e-06
100	-2.035000000000e-02	0	9.908740000000e-03	8.574980550000e-02	3.394428150000e-05	4.407050000000e-06
100	-2.110000000000e-02	0	9.916370000000e-03	8.999918090000e-02	3.463017990000e-05	4.451750000000e-06
100	-2.209000000000e-02	0	9.925900000000e-03	8.578581710000e-02	3.600197670000e-05	4.547680000000e-06
100	-2.285000000000e-02	0	9.906830000000e-03	9.011968140000e-02	3.051478970000e-05	4.542090000000e-06
100	-2.374000000000e-02	0	9.899200000000e-03	8.635438580000e-02	2.914299290000e-05	4.489000000000e-06
100	-2.461000000000e-02	0	9.896340000000e-03	8.758570740000e-02	3.051478970000e-05	4.519740000000e-06
100	-2.547000000000e-02	0	9.885850000000e-03	8.613485320000e-02	3.188658640000e-05	4.725560000000e-06
100	-2.640000000000e-02	0	9.892520000000e-03	8.591324300000e-02	2.708529780000e-05	4.637080000000e-06
100	-2.728000000000e-02	0	9.886800000000e-03	8.820206070000e-02	3.394428150000e-05	4.716250000000e-06
100	-2.812000000000e-02	0	9.882030000000e-03	8.595825760000e-02	3.188658640000e-05	4.788890000000e-06
100	-2.900000000000e-02	0	9.873450000000e-03	8.985444170000e-02	3.325838320000e-05	4.909030000000e-06
100	-2.989000000000e-02	0	9.871540000000e-03	8.683500290000e-02	2.982889130000e-05	4.895060000000e-06
100	-3.076000000000e-02	0	9.857240000000e-03	8.822006660000e-02	3.257248480000e-05	4.882950000000e-06
100	-3.166000000000e-02	0	9.852470000000e-03	8.780246990000e-02	3.531607830000e-05	5.045930000000e-06
100	-3.243000000000e-02	0	9.854380000000e-03	8.583844960000e-02	3.325838320000e-05	4.885750000000e-06
100	-3.331000000000e-02	0	9.847700000000e-03	8.720342980000e-02	3.257248480000e-05	5.053390000000e-06
100	-3.417000000000e-02	0	9.841980000000e-03	8.548387330000e-02	3.668787500000e-05	5.056180000000e-06
100	-3.507000000000e-02	0	9.828630000000e-03	8.810926150000e-02	3.600197670000e-05	5.056180000000e-06
100	-3.595000000000e-02	0	9.819090000000e-03	8.590631770000e-02	3.257248480000e-05	5.119510000000e-06
100	-3.685000000000e-02	0	9.786670000000e-03	8.919238130000e-02	3.394428150000e-05	5.000300000000e-06
100	-3.768000000000e-02	0	9.787620000000e-03	8.642017630000e-02	3.188658640000e-05	5.044070000000e-06
100	-3.860000000000e-02	0	9.755190000000e-03	9.008643990000e-02	3.600197670000e-05	5.234990000000e-06
100	-3.948000000000e-02	0	9.743750000000e-03	8.697489430000e-02	3.600197670000e-05	5.281560000000e-06
100	-4.035000000000e-02	0	9.738030000000e-03	9.046525480000e-02	3.257248480000e-05	5.316020000000e-06
100	-4.122000000000e-02	0	9.725630000000e-03	8.787172300000e-02	3.805967180000e-05	5.412880000000e-06
100	-4.210000000000e-02	0	9.741840000000e-03	9.022979400000e-02	3.600197670000e-05	5.392390000000e-06
100	-4.298000000000e-02	0	9.717050000000e-03	8.875816380000e-02	4.011736690000e-05	5.343960000000e-06
100	-4.384000000000e-02	0	9.713230000000e-03	9.026649820000e-02	3.394428150000e-05	5.489240000000e-06
100	-4.467000000000e-02	0	9.711330000000e-03	8.987036990000e-02	3.188658640000e-05	5.586100000000e-06
100	-4.554000000000e-02	0	9.709420000000e-03	8.516461610000e-02	3.805967180000e-05	5.564680000000e-06
100	-4.639000000000e-02	0	9.686530000000e-03	8.968684900000e-02	3.943146850000e-05	5.477140000000e-06
100	-4.727000000000e-02	0	9.682710000000e-03	8.524148710000e-02	3.257248480000e-05	5.511600000000e-06
100	-4.816000000000e-02	0	9.683670000000e-03	8.987314010000e-02	3.394428150000e-05	5.651290000000e-06
100	-4.907000000000e-02	0	9.659830000000e-03	8.585160770000e-02	3.600197670000e-05	5.735110000000e-06
100	-4.992000000000e-02	0	9.672220000000e-03	8.960236010000e-02	4.080326530000e-05	5.641050000000e-06
100	-5.080000000000e-02	0	9.660780000000e-03	8.811964940000e-02	3.600197670000e-05	5.556300000000e-06
100	-5.169000000000e-02	0	9.657920000000e-03	8.989807120000e-02	3.394428150000e-05	5.841280000000e-06
100	-5.257000000000e-02	0	9.642660000000e-03	9.009890550000e-02	3.874557010000e-05	5.674580000000e-06
100	-5.343000000000e-02	0	9.637890000000e-03	8.741949980000e-02	3.325838320000e-05	5.800310000000e-06
100	-5.422000000000e-02	0	9.635030000000e-03	9.004350290000e-02	3.737377340000e-05	5.800310000000e-06
100	-5.519000000000e-02	0	9.635030000000e-03	8.682115220000e-02	3.600197670000e-05	5.747220000000e-06
100	-5.606000000000e-02	0	9.637890000000e-03	8.915152190000e-02	3.394428150000e-05	5.774230000000e-06
100	-5.685000000000e-02	0	9.635980000000e-03	8.492569260000e-02	3.805967180000e-05	5.808690000000e-06
100	-5.772000000000e-02	0	9.630260000000e-03	8.845414230000e-02	3.805967180000e-05	5.687620000000e-06
100	-5.857000000000e-02	0	9.629310000000e-03	8.561476180000e-02	3.737377340000e-05	5.634530000000e-06
100	-5.948000000000e-02	0	9.632170000000e-03	8.939667820000e-02	3.325838320000e-05	5.565610000000e-06
100	-6.038000000000e-02	0	9.631220000000e-03	8.674151110000e-02	4.217506200000e-05	5.582380000000e-06
100	-6.120000000000e-02	0	9.634080000000e-03	8.950194300000e-02	3.325838320000e-05	5.687620000000e-06
100	-6.212000000000e-02	0	9.630260000000e-03	8.763556970000e-02	4.080326530000e-05	5.748150000000e-06
100	-6.303000000000e-02	0	9.625490000000e-03	8.940914370000e-02	3.874557010000e-05	5.801240000000e-06
100	-6.386000000000e-02	0	9.620730000000e-03	8.997355720000e-02	3.600197670000e-05	5.712760000000e-06
100	-6.475000000000e-02	0	9.624540000000e-03	8.767227390000e-02	4.080326530000e-05	5.572130000000e-06
100	-6.563000000000e-02	0	9.619770000000e-03	8.885165560000e-02	3.463017990000e-05	5.678300000000e-06
100	-6.651000000000e-02	0	9.607370000000e-03	8.440975640000e-02	3.531607830000e-05	5.716490000000e-06
100	-6.735000000000e-02	0	9.609280000000e-03	8.652959630000e-02	3.257248480000e-05	5.696930000000e-06
100	-6.816000000000e-02	0	9.607370000000e-03	8.458219680000e-02	3.737377340000e-05	5.609380000000e-06
100	-6.904000000000e-02	0	9.604510000000e-03	8.813003740000e-02	3.668787500000e-05	5.696930000000e-06
100	-6.993000000000e-02	0	9.600700000000e-03	8.664317160000e-02	3.394428150000e-05	5.542330000000e-06
100	-7.078000000000e-02	0	9.595930000000e-03	8.942230180000e-02	4.011736690000e-05	5.637320000000e-06
100	-7.169000000000e-02	0	9.594980000000e-03	8.935027850000e-02	3.188658640000e-05	5.633600000000e-06
100	-7.255000000000e-02	0	9.593070000000e-03	8.899639480000e-02	3.463017990000e-05	5.644780000000e-06
100	-7.346000000000e-02	0	9.582580000000e-03	8.984128360000e-02	3.463017990000e-05	5.543260000000e-06
100	-7.428000000000e-02	0	9.591160000000e-03	8.619094830000e-02	3.188658640000e-05	5.459440000000e-06
100	-7.521000000000e-02	0	9.584490000000e-03	8.994516340000e-02	3.394428150000e-05	5.477140000000e-06
100	-7.606000000000e-02	0	9.574000000000e-03	8.616740220000e-02	3.188658640000e-05	5.606590000000e-06
100	-7.693000000000e-02	0	9.575900000000e-03	8.977341550000e-02	3.463017990000e-05	5.599140000000e-06
100	-7.784000000000e-02	0	9.573040000000e-03	8.876093390000e-02	2.982889130000e-05	5.772370000000e-06
100	-7.860000000000e-02	0	9.563510000000e-03	8.938629020000e-02	3.463017990000e-05	5.713690000000e-06
100	-7.958000000000e-02	0	9.560640000000e-03	9.001095390000e-02	3.805967180000e-05	5.547920000000e-06
100	-8.037000000000e-02	0	9.558740000000e-03	8.683777300000e-02	3.463017990000e-05	5.628940000000e-06
100	-8.127000000000e-02	0	9.559690000000e-03	8.874985340000e-02	3.257248480000e-05	5.573990000000e-06
100	-8.212000000000e-02	0	9.560640000000e-03	8.511267620000e-02	3.188658640000e-05	5.630810000000e-06
100	-8.301000000000e-02	0	9.553970000000e-03	8.604967180000e-02	2.708529780000e-05	5.754670000000e-06
100	-8.386000000000e-02	0	9.547290000000e-03	8.527680620000e-02	3.325838320000e-05	5.628940000000e-06
100	-8.476000000000e-02	0	9.543480000000e-03	8.476294760000e-02	3.051478970000e-05	5.557230000000e-06
100	-8.562000000000e-02	0	9.540620000000e-03	8.755731360000e-02	3.051478970000e-05	5.502280000000e-06
100	-8.654000000000e-02	0	9.553970000000e-03	8.626227900000e-02	2.845709460000e-05	5.723940000000e-06
100	-8.743000000000e-02	0	9.541570000000e-03	8.978657360000e-02	3.257248480000e-05	5.591690000000e-06
100	-8.828000000000e-02	0	9.540620000000e-03	8.751368410000e-02	3.120068810000e-05	5.706240000000e-06
100	-8.914000000000e-02	0	9.542520000000e-03	9.000679870000e-02	3.325838320000e-05	5.650360000000e-06
100	-8.994000000000e-02	0	9.549200000000e-03	8.576919640000e-02	3.257248480000e-05	5.519980000000e-06
100	-9.086000000000e-02	0	9.532030000000e-03	8.681630450000e-02	3.325838320000e-05	5.633600000000e-06
100	-9.170000000000e-02	0	9.518680000000e-03	8.487998550000e-02	3.463017990000e-05	5.692270000000e-06
100	-9.257000000000e-02	0	9.522500000000e-03	8.516669370000e-02	2.914299290000e-05	5.645710000000e-06
100	-9.349000000000e-02	0	9.516780000000e-03	8.643818210000e-02	3.463017990000e-05	5.721140000000e-06
100	-9.434000000000e-02	0	9.525360000000e-03	8.691672160000e-02	3.394428150000e-05	5.697860000000e-06
100	-9.524000000000e-02	0	9.524410000000e-03	8.496516690000e-02	3.463017990000e-05	5.774230000000e-06
100	-9.611000000000e-02	0	9.523450000000e-03	8.587030600000e-02	4.080326530000e-05	5.571200000000e-06
100	-9.697000000000e-02	0	9.523450000000e-03	9.003519250000e-02	3.737377340000e-05	5.710900000000e-06
100	-9.785000000000e-02	0	9.530130000000e-03	8.598595880000e-02	3.943146850000e-05	5.641050000000e-06
100	-9.875000000000e-02	0	9.539660000000e-03	8.971939800000e-02	4.148916360000e-05	5.727660000000e-06
100	-9.962000000000e-02	0	9.527270000000e-03	8.849569420000e-02	4.491865550000e-05	5.692270000000e-06
100	-1.004800000000e-01	0	9.535850000000e-03	8.774152710000e-02	4.148916360000e-05	5.809620000000e-06
100	-1.013300000000e-01	0	9.527270000000e-03	8.505588860000e-02	4.011736690000e-05	5.729530000000e-06
100	-1.021400000000e-01	0	9.522500000000e-03	8.710093510000e-02	4.286096040000e-05	5.848730000000e-06
100	-1.030300000000e-01	0	9.526310000000e-03	8.500394870000e-02	4.629045220000e-05	5.875740000000e-06
100	-1.039300000000e-01	0	9.534900000000e-03	8.742434750000e-02	4.491865550000e-05	5.802170000000e-06
100	-1.047700000000e-01	0	9.535850000000e-03	8.564523320000e-02	4.766224900000e-05	5.813340000000e-06
100	-1.056700000000e-01	0	9.526310000000e-03	8.871037910000e-02	3.943146850000e-05	5.718350000000e-06
100	-1.065400000000e-01	0	9.527270000000e-03	8.804762610000e-02	4.766224900000e-05	5.737910000000e-06
100	-1.074000000000e-01	0	9.529170000000e-03	9.026095790000e-02	4.903404570000e-05	5.832900000000e-06
100	-1.083200000000e-01	0	9.533940000000e-03	9.014669020000e-02	4.629045220000e-05	5.950250000000e-06
100	-1.092000000000e-01	0	9.533940000000e-03	8.838004140000e-02	4.697635060000e-05	5.800310000000e-06
100	-1.100500000000e-01	0	9.544430000000e-03	9.032397830000e-02	4.217506200000e-05	5.643840000000e-06
100	-1.109600000000e-01	0	9.545390000000e-03	8.779000430000e-02	4.491865550000e-05	5.872950000000e-06
100	-1.118400000000e-01	0	9.538710000000e-03	8.916745010000e-02	4.354685880000e-05	5.926030000000e-06
100	-1.127300000000e-01	0	9.532030000000e-03	8.546586740000e-02	4.354685880000e-05	5.895300000000e-06
100	-1.135300000000e-01	0	9.546340000000e-03	8.916398750000e-02	3.805967180000e-05	5.896230000000e-06
100	-1.143400000000e-01	0	9.542520000000e-03	8.807948260000e-02	4.080326530000e-05	5.994950000000e-06
100	-1.152600000000e-01	0	9.539660000000e-03	8.970208470000e-02	3.805967180000e-05	6.107640000000e-06
100	-1.160900000000e-01	0	9.558740000000e-03	8.962175100000e-02	4.080326530000e-05	5.965150000000e-06
100	-1.169800000000e-01	0	9.539660000000e-03	8.807255730000e-02	4.148916360000e-05	5.942800000000e-06
100	-1.178700000000e-01	0	9.547290000000e-03	9.042370290000e-02	4.834814740000e-05	5.852460000000e-06
100	-1.187400000000e-01	0	9.547290000000e-03	8.628513260000e-02	3.737377340000e-05	5.804960000000e-06
100	-1.196300000000e-01	0	9.547290000000e-03	8.858433830000e-02	3.874557010000e-05	5.854320000000e-06
100	-1.205200000000e-01	0	9.545390000000e-03	8.544439890000e-02	4.011736690000e-05	5.805890000000e-06
100	-1.214100000000e-01	0	9.542520000000e-03	9.035444970000e-02	3.668787500000e-05	5.961420000000e-06
100	-1.222400000000e-01	0	9.542520000000e-03	8.676851980000e-02	3.943146850000e-05	5.828250000000e-06
100	-1.231600000000e-01	0	9.543480000000e-03	8.965291490000e-02	3.943146850000e-05	5.820800000000e-06
100	-1.239100000000e-01	0	9.540620000000e-03	8.699636280000e-02	3.737377340000e-05	5.902750000000e-06
100	-1.249100000000e-01	0	9.565410000000e-03	9.071595130000e-02	4.217506200000e-05	5.917650000000e-06
100	-1.257600000000e-01	0	9.554920000000e-03	8.793058830000e-02	4.354685880000e-05	5.807760000000e-06
100	-1.265700000000e-01	0	9.545390000000e-03	9.075057790000e-02	4.629045220000e-05	6.009850000000e-06
100	-1.274200000000e-01	0	9.562550000000e-03	9.037799580000e-02	4.217506200000e-05	5.888780000000e-06
100	-1.283100000000e-01	0	9.561600000000e-03	8.842436350000e-02	3.737377340000e-05	5.894370000000e-06
100	-1.291900000000e-01	0	9.553970000000e-03	9.067509190000e-02	4.286096040000e-05	5.661540000000e-06
100	-1.300800000000e-01	0	9.552060000000e-03	8.720550740000e-02	4.011736690000e-05	5.704380000000e-06
100	-1.309400000000e-01	0	9.545390000000e-03	8.858710840000e-02	3.737377340000e-05	5.736040000000e-06
100	-1.318300000000e-01	0	9.553020000000e-03	8.568955520000e-02	3.463017990000e-05	5.734180000000e-06
100	-1.327200000000e-01	0	9.565410000000e-03	8.619094830000e-02	3.394428150000e-05	5.745360000000e-06
100	-1.335900000000e-01	0	9.544430000000e-03	8.688001740000e-02	3.463017990000e-05	5.564680000000e-06
100	-1.344700000000e-01	0	9.552060000000e-03	8.816881920000e-02	3.600197670000e-05	5.604730000000e-06
100	-1.353800000000e-01	0	9.575900000000e-03	9.032120820000e-02	4.286096040000e-05	5.678300000000e-06
100	-1.361100000000e-01	0	9.555880000000e-03	8.968546390000e-02	4.354685880000e-05	5.603800000000e-06
100	-1.370200000000e-01	0	9.552060000000e-03	9.095764490000e-02	3.668787500000e-05	5.732320000000e-06
100	-1.378800000000e-01	0	9.584490000000e-03	8.700259560000e-02	4.286096040000e-05	5.634530000000e-06
100	-1.387800000000e-01	0	9.555880000000e-03	8.977549310000e-02	3.737377340000e-05	5.584240000000e-06
100	-1.396200000000e-01	0	9.556830000000e-03	8.609330130000e-02	3.943146850000e-05	5.738840000000e-06
100	-1.405400000000e-01	0	9.571140000000e-03	9.095279720000e-02	4.148916360000e-05	5.640120000000e-06
100	-1.414200000000e-01	0	9.562550000000e-03	8.673250820000e-02	3.874557010000e-05	5.689480000000e-06
100	-1.422900000000e-01	0	9.562550000000e-03	9.115501650000e-02	3.600197670000e-05	5.554440000000e-06
100	-1.431500000000e-01	0	9.555880000000e-03	8.682946260000e-02	3.943146850000e-05	5.398910000000e-06
100	-1.440500000000e-01	0	9.562550000000e-03	9.068755750000e-02	4.080326530000e-05	5.560960000000e-06
100	-1.449300000000e-01	0	9.560640000000e-03	8.591601310000e-02	4.080326530000e-05	5.460370000000e-06
100	-1.458200000000e-01	0	9.565410000000e-03	9.052273490000e-02	4.354685880000e-05	5.562820000000e-06
100	-1.466800000000e-01	0	9.567320000000e-03	8.692780210000e-02	4.354685880000e-05	5.388660000000e-06
100	-1.475700000000e-01	0	9.582580000000e-03	8.776161050000e-02	3.737377340000e-05	5.454790000000e-06
100	-1.483300000000e-01	0	9.607370000000e-03	8.544162880000e-02	3.737377340000e-05	5.385870000000e-06
100	-1.492300000000e-01	0	9.627400000000e-03	8.609814900000e-02	3.805967180000e-05	5.395180000000e-06
100	-1.500800000000e-01	0	9.604510000000e-03	8.626227900000e-02	3.805967180000e-05	5.466890000000e-06
100	-1.510100000000e-01	0	9.615000000000e-03	8.660854500000e-02	3.805967180000e-05	5.369100000000e-06
100	-1.518600000000e-01	0	9.572090000000e-03	8.664247900000e-02	3.874557010000e-05	5.313220000000e-06
100	-1.527300000000e-01	0	9.568270000000e-03	8.933850550000e-02	3.394428150000e-05	5.492970000000e-06
100	-1.535900000000e-01	0	9.568270000000e-03	8.995762900000e-02	4.148916360000e-05	5.474340000000e-06
100	-1.544900000000e-01	0	9.578760000000e-03	9.090778260000e-02	4.080326530000e-05	5.416600000000e-06
100	-1.553900000000e-01	0	9.574950000000e-03	8.994862600000e-02	4.080326530000e-05	5.452920000000e-06
100	-1.562200000000e-01	0	9.572090000000e-03	9.101443260000e-02	3.943146850000e-05	5.480860000000e-06
100	-1.571300000000e-01	0	9.573040000000e-03	8.774291210000e-02	3.737377340000e-05	5.472480000000e-06
100	-1.580200000000e-01	0	9.624540000000e-03	8.792158530000e-02	3.394428150000e-05	5.426850000000e-06
100	-1.588600000000e-01	0	9.569230000000e-03	8.734609140000e-02	3.600197670000e-05	5.473410000000e-06
100	-1.596400000000e-01	0	9.571140000000e-03	8.657391840000e-02	3.463017990000e-05	5.435230000000e-06
100	-1.605400000000e-01	0	9.594980000000e-03	8.753584510000e-02	3.805967180000e-05	5.429640000000e-06
100	-1.614200000000e-01	0	9.573040000000e-03	8.610091910000e-02	3.668787500000e-05	5.349550000000e-06
100	-1.622800000000e-01	0	9.565410000000e-03	8.860719190000e-02	3.668787500000e-05	5.318810000000e-06
100	-1.631700000000e-01	0	9.573040000000e-03	8.728861120000e-02	3.737377340000e-05	5.379350000000e-06
100	-1.640600000000e-01	0	9.562550000000e-03	9.098880890000e-02	3.325838320000e-05	5.345820000000e-06
100	-1.649300000000e-01	0	9.598790000000e-03	8.996039910000e-02	3.943146850000e-05	5.384940000000e-06
100	-1.658000000000e-01	0	9.582580000000e-03	9.042370290000e-02	3.188658640000e-05	5.387730000000e-06
100	-1.666800000000e-01	0	9.562550000000e-03	9.074226750000e-02	3.531607830000e-05	5.302050000000e-06
100	-1.675800000000e-01	0	9.589250000000e-03	8.810995400000e-02	3.531607830000e-05	5.358860000000e-06
100	-1.684600000000e-01	0	9.594020000000e-03	8.929487600000e-02	3.257248480000e-05	5.460370000000e-06
100	-1.693400000000e-01	0	9.571140000000e-03	8.625396870000e-02	3.325838320000e-05	5.460370000000e-06
100	-1.702200000000e-01	0	9.589250000000e-03	8.835580280000e-02	3.737377340000e-05	5.461300000000e-06
100	-1.710600000000e-01	0	9.559690000000e-03	8.596933810000e-02	3.051478970000e-05	5.374690000000e-06
100	-1.718900000000e-01	0	9.580670000000e-03	8.639247500000e-02	2.708529780000e-05	5.384940000000e-06
100	-1.727500000000e-01	0	9.549200000000e-03	8.716949580000e-02	3.531607830000e-05	5.460370000000e-06
100	-1.736000000000e-01	0	9.540620000000e-03	8.597487830000e-02	3.051478970000e-05	5.392390000000e-06
100	-1.745100000000e-01	0	9.541570000000e-03	8.815773870000e-02	3.325838320000e-05	5.385870000000e-06
100	-1.754100000000e-01	0	9.539660000000e-03	8.673804840000e-02	3.737377340000e-05	5.328130000000e-06
100	-1.762400000000e-01	0	9.553020000000e-03	9.057051960000e-02	3.668787500000e-05	5.311360000000e-06
100	-1.771300000000e-01	0	9.579720000000e-03	8.914944430000e-02	3.531607830000e-05	5.492040000000e-06
100	-1.780200000000e-01	0	9.525360000000e-03	9.071872150000e-02	3.463017990000e-05	5.345820000000e-06
100	-1.789000000000e-01	0	9.529170000000e-03	8.685023860000e-02	3.394428150000e-05	5.333710000000e-06
100	-1.797600000000e-01	0	9.533940000000e-03	8.769235730000e-02	2.914299290000e-05	5.256410000000e-06
100	-1.806700000000e-01	0	9.542520000000e-03	8.808502290000e-02	2.914299290000e-05	5.375620000000e-06
100	-1.815500000000e-01	0	9.527270000000e-03	8.594786960000e-02	2.708529780000e-05	5.262000000000e-06
100	-1.823100000000e-01	0	9.540620000000e-03	8.644787760000e-02	3.257248480000e-05	5.363520000000e-06
100	-1.832700000000e-01	0	9.508190000000e-03	8.635715590000e-02	3.531607830000e-05	5.322540000000e-06
100	-1.840900000000e-01	0	9.522500000000e-03	8.590770270000e-02	3.051478970000e-05	5.208920000000e-06
100	-1.849500000000e-01	0	9.517730000000e-03	8.551642220000e-02	2.982889130000e-05	5.199600000000e-06
100	-1.858400000000e-01	0	9.511050000000e-03	8.670619200000e-02	3.120068810000e-05	5.201470000000e-06
100	-1.867100000000e-01	0	9.498660000000e-03	8.552611770000e-02	3.257248480000e-05	5.096230000000e-06
100	-1.876000000000e-01	0	9.520590000000e-03	8.601920040000e-02	3.394428150000e-05	5.250830000000e-06
100	-1.884600000000e-01	0	9.496750000000e-03	8.726645020000e-02	3.600197670000e-05	5.121370000000e-06
100	-1.893600000000e-01	0	9.499610000000e-03	8.511198370000e-02	3.394428150000e-05	5.119510000000e-06
100	-1.902600000000e-01	0	9.536800000000e-03	8.762864440000e-02	3.325838320000e-05	5.126030000000e-06
100	-1.911300000000e-01	0	9.482440000000e-03	8.928379550000e-02	3.257248480000e-05	5.205190000000e-06
100	-1.919700000000e-01	0	9.540620000000e-03	8.925193900000e-02	3.120068810000e-05	5.126960000000e-06
100	-1.928800000000e-01	0	9.473860000000e-03	8.777961630000e-02	3.874557010000e-05	5.232200000000e-06
100	-1.936600000000e-01	0	9.471000000000e-03	8.980388690000e-02	3.325838320000e-05	5.122300000000e-06
100	-1.945000000000e-01	0	9.488170000000e-03	8.867021230000e-02	3.394428150000e-05	4.949080000000e-06
100	-1.954000000000e-01	0	9.496750000000e-03	8.452748680000e-02	3.737377340000e-05	5.147450000000e-06
100	-1.963700000000e-01	0	9.467180000000e-03	8.706561600000e-02	3.600197670000e-05	5.200530000000e-06
100	-1.971700000000e-01	0	9.470050000000e-03	8.534605940000e-02	3.188658640000e-05	5.287150000000e-06
100	-1.980400000000e-01	0	9.474810000000e-03	8.513068200000e-02	3.737377340000e-05	5.289940000000e-06
100	-1.989000000000e-01	0	9.507240000000e-03	8.440629370000e-02	3.120068810000e-05	5.117650000000e-06
100	-1.996100000000e-01	0	9.507240000000e-03	8.748459770000e-02	3.188658640000e-05	5.238720000000e-06
100	-1.998400000000e-01	0	9.480540000000e-03	8.636685140000e-02	3.874557010000e-05	5.126030000000e-06
100	-1.999300000000e-01	0	9.476720000000e-03	8.945762100000e-02	3.188658640000e-05	5.265730000000e-06

