# Filename: data_850.dat
# Timestamp: Thu Dec 12 17:42:40 2019

# Column 1:
#	end: 0.2
#	name: IPS120-10 (swept B(T))
#	size: 2
#	start: -0.2
#	type: coordinate
# Column 2:
#	end: 0
#	name: y_parameter (none)
#	size: 1
#	start: 0
#	type: coordinate
# Column 3:
#	end: 0
#	name: z_parameter (none)
#	size: 1
#	start: 0
#	type: coordinate
# Column 4:
#	name: lockin 1
#	type: value
# Column 5:
#	name: Keithley 1
#	type: value
# Column 6:
#	name: Keithley 2
#	type: value
# Column 7:
#	name: lockin 2
#	type: value

0	-1.997300000000e-01	0	3.623020000000e-03	-4.478081330000e-03	3.257248480000e-05	5.387260000000e-06
0	-1.991600000000e-01	0	3.625880000000e-03	-4.097882160000e-03	3.257248480000e-05	5.317420000000e-06
0	-1.983600000000e-01	0	3.624930000000e-03	-4.110347700000e-03	3.394428150000e-05	5.354670000000e-06
0	-1.975200000000e-01	0	3.623020000000e-03	-4.553567140000e-03	3.257248480000e-05	5.386800000000e-06
0	-1.966600000000e-01	0	3.603000000000e-03	-4.527943520000e-03	3.051478970000e-05	5.507410000000e-06
0	-1.957700000000e-01	0	3.609670000000e-03	-3.969764040000e-03	3.051478970000e-05	5.323000000000e-06
0	-1.949100000000e-01	0	3.605860000000e-03	-4.430989270000e-03	3.325838320000e-05	5.285280000000e-06
0	-1.940200000000e-01	0	3.591550000000e-03	-2.705203570000e-03	2.982889130000e-05	5.334640000000e-06
0	-1.931400000000e-01	0	3.597270000000e-03	-4.426141550000e-03	2.982889130000e-05	5.421720000000e-06
0	-1.922500000000e-01	0	3.600140000000e-03	-3.032077900000e-03	2.982889130000e-05	5.329990000000e-06
0	-1.914100000000e-01	0	3.581060000000e-03	-4.637363320000e-03	3.531607830000e-05	5.359320000000e-06
0	-1.905300000000e-01	0	3.578200000000e-03	-2.882491340000e-03	2.777119620000e-05	5.278770000000e-06
0	-1.897300000000e-01	0	3.581060000000e-03	-4.503012430000e-03	3.257248480000e-05	5.438020000000e-06
0	-1.888400000000e-01	0	3.583920000000e-03	-3.306319930000e-03	2.982889130000e-05	5.412410000000e-06
0	-1.879900000000e-01	0	3.591550000000e-03	-4.237080760000e-03	3.051478970000e-05	5.361650000000e-06
0	-1.871200000000e-01	0	3.587740000000e-03	-3.683056460000e-03	3.188658640000e-05	5.239650000000e-06
0	-1.862200000000e-01	0	3.585830000000e-03	-2.906037380000e-03	3.600197670000e-05	5.434300000000e-06
0	-1.853300000000e-01	0	3.591550000000e-03	-4.181678330000e-03	3.051478970000e-05	5.501350000000e-06
0	-1.844600000000e-01	0	3.589650000000e-03	-2.692045490000e-03	2.982889130000e-05	5.346290000000e-06
0	-1.835900000000e-01	0	3.584880000000e-03	-3.608955710000e-03	2.777119620000e-05	5.296930000000e-06
0	-1.826900000000e-01	0	3.582020000000e-03	-3.138727580000e-03	3.257248480000e-05	5.306710000000e-06
0	-1.818200000000e-01	0	3.580110000000e-03	-4.556337270000e-03	2.914299290000e-05	5.344890000000e-06
0	-1.809500000000e-01	0	3.580110000000e-03	-4.241928470000e-03	2.914299290000e-05	5.178650000000e-06
0	-1.800700000000e-01	0	3.580110000000e-03	-4.380434550000e-03	3.188658640000e-05	5.276440000000e-06
0	-1.791700000000e-01	0	3.581060000000e-03	-4.138741450000e-03	2.777119620000e-05	5.479470000000e-06
0	-1.783200000000e-01	0	3.582970000000e-03	-4.430989270000e-03	2.571350110000e-05	5.337440000000e-06
0	-1.775200000000e-01	0	3.582020000000e-03	-4.491931940000e-03	2.777119620000e-05	5.412880000000e-06
0	-1.766500000000e-01	0	3.582970000000e-03	-4.068795880000e-03	2.845709460000e-05	5.352810000000e-06
0	-1.758000000000e-01	0	3.583920000000e-03	-4.448995060000e-03	2.777119620000e-05	5.463170000000e-06
0	-1.749000000000e-01	0	3.583920000000e-03	-3.066011890000e-03	2.982889130000e-05	5.252690000000e-06
0	-1.740100000000e-01	0	3.584880000000e-03	-4.524480870000e-03	2.777119620000e-05	5.269920000000e-06
0	-1.731400000000e-01	0	3.632560000000e-03	-3.195515070000e-03	2.571350110000e-05	5.336970000000e-06
0	-1.722600000000e-01	0	3.650680000000e-03	-4.262011850000e-03	3.051478970000e-05	5.268990000000e-06
0	-1.713800000000e-01	0	3.647820000000e-03	-2.795925050000e-03	2.296990760000e-05	5.173060000000e-06
0	-1.705000000000e-01	0	3.646870000000e-03	-3.117259140000e-03	3.051478970000e-05	5.141860000000e-06
0	-1.696200000000e-01	0	3.651630000000e-03	-4.602044270000e-03	2.571350110000e-05	5.128820000000e-06
0	-1.687300000000e-01	0	3.644000000000e-03	-3.683748990000e-03	3.120068810000e-05	5.101350000000e-06
0	-1.678700000000e-01	0	3.637330000000e-03	-2.716976580000e-03	2.777119620000e-05	5.069220000000e-06
0	-1.669800000000e-01	0	3.641140000000e-03	-3.340253920000e-03	2.708529780000e-05	5.102750000000e-06
0	-1.661000000000e-01	0	3.649730000000e-03	-4.505090020000e-03	2.845709460000e-05	5.172590000000e-06
0	-1.653200000000e-01	0	3.644960000000e-03	-2.867255670000e-03	2.639939940000e-05	5.289480000000e-06
0	-1.644400000000e-01	0	3.647820000000e-03	-4.634593200000e-03	3.257248480000e-05	5.187030000000e-06
0	-1.635500000000e-01	0	3.644000000000e-03	-3.393578760000e-03	3.120068810000e-05	5.295060000000e-06
0	-1.626900000000e-01	0	3.651630000000e-03	-3.952450780000e-03	3.257248480000e-05	5.221490000000e-06
0	-1.618100000000e-01	0	3.638280000000e-03	-2.720439230000e-03	2.845709460000e-05	5.184700000000e-06
0	-1.609400000000e-01	0	3.660220000000e-03	-3.349949350000e-03	2.914299290000e-05	5.148850000000e-06
0	-1.600700000000e-01	0	3.656400000000e-03	-2.775841670000e-03	3.051478970000e-05	5.199600000000e-06
0	-1.591500000000e-01	0	3.663080000000e-03	-3.475297350000e-03	2.982889130000e-05	5.313690000000e-06
0	-1.583000000000e-01	0	3.653540000000e-03	-2.731519720000e-03	3.051478970000e-05	5.234060000000e-06
0	-1.574200000000e-01	0	3.676430000000e-03	-2.677502350000e-03	2.777119620000e-05	5.302510000000e-06
0	-1.565300000000e-01	0	3.634470000000e-03	-3.769622760000e-03	2.777119620000e-05	5.239650000000e-06
0	-1.556800000000e-01	0	3.658310000000e-03	-2.722516830000e-03	2.708529780000e-05	5.146980000000e-06
0	-1.547800000000e-01	0	3.631610000000e-03	-4.178215680000e-03	3.120068810000e-05	5.238720000000e-06
0	-1.538900000000e-01	0	3.641140000000e-03	-3.090942990000e-03	2.639939940000e-05	5.253150000000e-06
0	-1.531200000000e-01	0	3.630650000000e-03	-4.532098700000e-03	2.914299290000e-05	5.348610000000e-06
0	-1.522600000000e-01	0	3.643050000000e-03	-2.746062860000e-03	2.914299290000e-05	5.427310000000e-06
0	-1.513900000000e-01	0	3.638280000000e-03	-4.340960320000e-03	2.708529780000e-05	5.284350000000e-06
0	-1.504900000000e-01	0	3.641140000000e-03	-2.979445600000e-03	2.845709460000e-05	5.114850000000e-06
0	-1.496100000000e-01	0	3.640190000000e-03	-3.809096990000e-03	2.639939940000e-05	5.341630000000e-06
0	-1.487400000000e-01	0	3.640190000000e-03	-2.765453710000e-03	2.777119620000e-05	5.418460000000e-06
0	-1.478800000000e-01	0	3.644960000000e-03	-2.783459500000e-03	2.502760270000e-05	5.292740000000e-06
0	-1.469300000000e-01	0	3.656400000000e-03	-3.292469330000e-03	2.639939940000e-05	5.169340000000e-06
0	-1.461100000000e-01	0	3.660220000000e-03	-3.394963820000e-03	2.982889130000e-05	5.248030000000e-06
0	-1.452300000000e-01	0	3.665940000000e-03	-2.775841670000e-03	2.571350110000e-05	5.368640000000e-06
0	-1.443200000000e-01	0	3.661170000000e-03	-2.994681260000e-03	2.434170430000e-05	5.327190000000e-06
0	-1.434600000000e-01	0	3.680240000000e-03	-4.743320470000e-03	2.434170430000e-05	5.448270000000e-06
0	-1.425800000000e-01	0	3.682150000000e-03	-2.779996850000e-03	2.571350110000e-05	5.503680000000e-06
0	-1.417100000000e-01	0	3.678340000000e-03	-4.440684690000e-03	3.051478970000e-05	5.356070000000e-06
0	-1.409200000000e-01	0	3.693600000000e-03	-3.059779120000e-03	2.502760270000e-05	5.336040000000e-06
0	-1.400500000000e-01	0	3.697410000000e-03	-4.101344810000e-03	2.777119620000e-05	5.487850000000e-06
0	-1.391700000000e-01	0	3.711720000000e-03	-2.768223830000e-03	2.982889130000e-05	5.403560000000e-06
0	-1.382800000000e-01	0	3.715530000000e-03	-4.726699740000e-03	2.502760270000e-05	5.465500000000e-06
0	-1.374100000000e-01	0	3.717440000000e-03	-3.307012460000e-03	2.845709460000e-05	5.550710000000e-06
0	-1.365400000000e-01	0	3.718390000000e-03	-4.286942950000e-03	2.639939940000e-05	5.467360000000e-06
0	-1.356600000000e-01	0	3.729840000000e-03	-3.912284010000e-03	2.914299290000e-05	5.629870000000e-06
0	-1.347700000000e-01	0	3.720300000000e-03	-4.573650520000e-03	2.571350110000e-05	5.452460000000e-06
0	-1.339000000000e-01	0	3.731740000000e-03	-3.568788950000e-03	3.120068810000e-05	5.434300000000e-06
0	-1.330300000000e-01	0	3.740330000000e-03	-4.779332050000e-03	2.159811080000e-05	5.522770000000e-06
0	-1.321200000000e-01	0	3.742230000000e-03	-3.569481480000e-03	2.708529780000e-05	5.586100000000e-06
0	-1.313300000000e-01	0	3.750820000000e-03	-4.853432800000e-03	2.845709460000e-05	5.680630000000e-06
0	-1.303900000000e-01	0	3.747000000000e-03	-3.921286910000e-03	2.708529780000e-05	5.565150000000e-06
0	-1.296000000000e-01	0	3.764170000000e-03	-4.829886760000e-03	2.845709460000e-05	5.426380000000e-06
0	-1.287200000000e-01	0	3.767030000000e-03	-4.502319900000e-03	2.296990760000e-05	5.498090000000e-06
0	-1.278300000000e-01	0	3.779430000000e-03	-4.633900670000e-03	2.502760270000e-05	5.541860000000e-06
0	-1.269800000000e-01	0	3.769890000000e-03	-4.807725790000e-03	3.120068810000e-05	5.481330000000e-06
0	-1.260800000000e-01	0	3.788960000000e-03	-3.689289230000e-03	2.982889130000e-05	5.604260000000e-06
0	-1.252100000000e-01	0	3.797550000000e-03	-4.230155460000e-03	3.051478970000e-05	5.765850000000e-06
0	-1.243200000000e-01	0	3.788960000000e-03	-2.890109180000e-03	2.708529780000e-05	5.585640000000e-06
0	-1.234400000000e-01	0	3.802310000000e-03	-3.185819650000e-03	2.502760270000e-05	5.612640000000e-06
0	-1.225500000000e-01	0	3.810900000000e-03	-3.219753640000e-03	2.777119620000e-05	5.463630000000e-06
0	-1.217000000000e-01	0	3.813760000000e-03	-2.868640740000e-03	3.188658640000e-05	5.499020000000e-06
0	-1.208000000000e-01	0	3.835690000000e-03	-3.590949920000e-03	2.296990760000e-05	5.479000000000e-06
0	-1.200100000000e-01	0	3.833790000000e-03	-3.087480330000e-03	3.188658640000e-05	5.569800000000e-06
0	-1.191300000000e-01	0	3.850000000000e-03	-4.638748380000e-03	2.708529780000e-05	5.650830000000e-06
0	-1.182900000000e-01	0	3.865260000000e-03	-4.154669650000e-03	2.434170430000e-05	5.636860000000e-06
0	-1.173800000000e-01	0	3.874790000000e-03	-5.008559600000e-03	3.394428150000e-05	5.699720000000e-06
0	-1.165000000000e-01	0	3.866210000000e-03	-4.946231870000e-03	2.982889130000e-05	5.606590000000e-06
0	-1.156300000000e-01	0	3.879560000000e-03	-4.218382440000e-03	3.188658640000e-05	5.694600000000e-06
0	-1.147300000000e-01	0	3.885280000000e-03	-4.313951630000e-03	2.639939940000e-05	5.799370000000e-06
0	-1.138600000000e-01	0	3.892910000000e-03	-3.007839340000e-03	2.845709460000e-05	5.776560000000e-06
0	-1.130000000000e-01	0	3.899590000000e-03	-4.212149670000e-03	2.982889130000e-05	5.595420000000e-06
0	-1.121000000000e-01	0	3.901500000000e-03	-2.892879300000e-03	2.159811080000e-05	5.585640000000e-06
0	-1.112500000000e-01	0	3.911050000000e-03	-4.133893730000e-03	2.708529780000e-05	5.562350000000e-06
0	-1.103600000000e-01	0	3.915820000000e-03	-3.471834690000e-03	2.228400920000e-05	5.614970000000e-06
0	-1.094900000000e-01	0	3.996880000000e-03	-5.196927860000e-03	2.639939940000e-05	5.506940000000e-06
0	-1.086300000000e-01	0	4.011180000000e-03	-3.954528370000e-03	2.228400920000e-05	5.413340000000e-06
0	-1.078000000000e-01	0	4.021670000000e-03	-5.125597240000e-03	2.639939940000e-05	5.441280000000e-06
0	-1.069200000000e-01	0	4.002600000000e-03	-4.363121290000e-03	2.159811080000e-05	5.660610000000e-06
0	-1.060900000000e-01	0	4.015000000000e-03	-5.172689300000e-03	2.845709460000e-05	5.392850000000e-06
0	-1.051800000000e-01	0	4.025490000000e-03	-4.733625040000e-03	2.434170430000e-05	5.406360000000e-06
0	-1.042800000000e-01	0	4.017860000000e-03	-4.937921500000e-03	2.571350110000e-05	5.465960000000e-06
0	-1.034200000000e-01	0	4.020720000000e-03	-5.081275290000e-03	2.639939940000e-05	5.450130000000e-06
0	-1.025500000000e-01	0	4.016910000000e-03	-4.499549770000e-03	2.639939940000e-05	5.438020000000e-06
0	-1.016900000000e-01	0	4.025490000000e-03	-4.954542230000e-03	2.502760270000e-05	5.529290000000e-06
0	-1.007900000000e-01	0	4.013090000000e-03	-2.982908250000e-03	2.845709460000e-05	5.526960000000e-06
0	-9.996000000000e-02	0	4.028350000000e-03	-4.503012430000e-03	2.434170430000e-05	5.442210000000e-06
0	-9.904000000000e-02	0	4.025490000000e-03	-3.014072110000e-03	2.296990760000e-05	5.458980000000e-06
0	-9.815000000000e-02	0	4.036930000000e-03	-4.194143880000e-03	2.365580600000e-05	5.530690000000e-06
0	-9.729000000000e-02	0	4.040750000000e-03	-3.127647100000e-03	2.708529780000e-05	5.459910000000e-06
0	-9.643000000000e-02	0	4.040750000000e-03	-4.667834660000e-03	2.777119620000e-05	5.347680000000e-06
0	-9.561000000000e-02	0	4.023580000000e-03	-4.068795880000e-03	3.257248480000e-05	5.338840000000e-06
0	-9.473000000000e-02	0	4.045520000000e-03	-5.105513850000e-03	2.914299290000e-05	5.418460000000e-06
0	-9.387000000000e-02	0	4.043610000000e-03	-4.931688730000e-03	2.708529780000e-05	5.309500000000e-06
0	-9.298000000000e-02	0	4.037890000000e-03	-4.782102170000e-03	2.982889130000e-05	5.295060000000e-06
0	-9.207000000000e-02	0	4.046470000000e-03	-4.856202920000e-03	3.188658640000e-05	5.397510000000e-06
0	-9.124000000000e-02	0	4.054100000000e-03	-4.875593770000e-03	3.120068810000e-05	5.424050000000e-06
0	-9.036000000000e-02	0	4.053150000000e-03	-4.833349420000e-03	2.777119620000e-05	5.332780000000e-06
0	-8.945000000000e-02	0	4.054100000000e-03	-4.937921500000e-03	2.777119620000e-05	5.202400000000e-06
0	-8.860000000000e-02	0	4.006420000000e-03	-5.154683510000e-03	2.982889130000e-05	5.362580000000e-06
0	-8.773000000000e-02	0	3.994020000000e-03	-3.816714820000e-03	3.188658640000e-05	5.318810000000e-06
0	-8.681000000000e-02	0	3.997830000000e-03	-5.155376040000e-03	2.639939940000e-05	5.363050000000e-06
0	-8.595000000000e-02	0	3.979710000000e-03	-3.126954570000e-03	2.982889130000e-05	5.201470000000e-06
0	-8.507000000000e-02	0	3.986390000000e-03	-5.088893130000e-03	3.120068810000e-05	5.373290000000e-06
0	-8.421000000000e-02	0	3.973990000000e-03	-3.066011890000e-03	3.120068810000e-05	5.402170000000e-06
0	-8.344000000000e-02	0	3.961590000000e-03	-4.487084230000e-03	2.502760270000e-05	5.394250000000e-06
0	-8.259000000000e-02	0	3.948240000000e-03	-3.276541130000e-03	2.845709460000e-05	5.479000000000e-06
0	-8.169000000000e-02	0	3.941570000000e-03	-4.869361000000e-03	2.571350110000e-05	5.310900000000e-06
0	-8.077000000000e-02	0	3.927260000000e-03	-3.665743200000e-03	2.571350110000e-05	5.335580000000e-06
0	-7.989000000000e-02	0	3.904360000000e-03	-5.008559600000e-03	2.571350110000e-05	5.319740000000e-06
0	-7.904000000000e-02	0	3.896730000000e-03	-4.640825970000e-03	2.502760270000e-05	5.316020000000e-06
0	-7.814000000000e-02	0	3.886240000000e-03	-4.744013000000e-03	2.708529780000e-05	5.238720000000e-06
0	-7.725000000000e-02	0	3.874790000000e-03	-3.817407350000e-03	2.914299290000e-05	5.300650000000e-06
0	-7.638000000000e-02	0	3.859530000000e-03	-3.336098740000e-03	2.777119620000e-05	5.226150000000e-06
0	-7.553000000000e-02	0	3.843320000000e-03	-3.077784910000e-03	3.394428150000e-05	5.133010000000e-06
0	-7.463000000000e-02	0	3.829020000000e-03	-2.921273040000e-03	2.639939940000e-05	5.149310000000e-06
0	-7.378000000000e-02	0	3.810900000000e-03	-4.253701490000e-03	2.571350110000e-05	5.146050000000e-06
0	-7.288000000000e-02	0	3.800410000000e-03	-2.906729910000e-03	2.845709460000e-05	5.295990000000e-06
0	-7.201000000000e-02	0	3.795640000000e-03	-4.274477400000e-03	2.365580600000e-05	5.173990000000e-06
0	-7.121000000000e-02	0	3.770840000000e-03	-2.888724120000e-03	3.257248480000e-05	5.173060000000e-06
0	-7.035000000000e-02	0	3.762260000000e-03	-3.207980620000e-03	3.463017990000e-05	5.253620000000e-06
0	-6.945000000000e-02	0	3.751770000000e-03	-3.527929650000e-03	3.325838320000e-05	5.264800000000e-06
0	-6.858000000000e-02	0	3.743190000000e-03	-2.910192560000e-03	2.914299290000e-05	5.126960000000e-06
0	-6.769000000000e-02	0	3.740330000000e-03	-3.280003780000e-03	3.051478970000e-05	4.974690000000e-06
0	-6.683000000000e-02	0	3.739370000000e-03	-3.386653460000e-03	2.845709460000e-05	5.138600000000e-06
0	-6.597000000000e-02	0	3.738420000000e-03	-2.964902460000e-03	2.639939940000e-05	5.144660000000e-06
0	-6.506000000000e-02	0	3.739370000000e-03	-3.029307780000e-03	3.120068810000e-05	5.002630000000e-06
0	-6.420000000000e-02	0	3.740330000000e-03	-4.273092340000e-03	2.571350110000e-05	5.004490000000e-06
0	-6.333000000000e-02	0	3.747000000000e-03	-2.825703850000e-03	2.982889130000e-05	5.085980000000e-06
0	-6.242000000000e-02	0	3.750820000000e-03	-4.482236510000e-03	3.051478970000e-05	5.233600000000e-06
0	-6.164000000000e-02	0	3.763210000000e-03	-3.509923860000e-03	2.845709460000e-05	5.250830000000e-06
0	-6.077000000000e-02	0	3.761310000000e-03	-4.877671360000e-03	2.777119620000e-05	5.079000000000e-06
0	-5.990000000000e-02	0	3.773700000000e-03	-4.553567140000e-03	2.708529780000e-05	5.146980000000e-06
0	-5.899000000000e-02	0	3.777520000000e-03	-4.562570040000e-03	3.051478970000e-05	5.066890000000e-06
0	-5.812000000000e-02	0	3.790870000000e-03	-4.853432800000e-03	3.051478970000e-05	5.078530000000e-06
0	-5.725000000000e-02	0	3.826160000000e-03	-2.919887980000e-03	2.708529780000e-05	5.258280000000e-06
0	-5.637000000000e-02	0	3.822340000000e-03	-4.139433980000e-03	2.982889130000e-05	4.968170000000e-06
0	-5.548000000000e-02	0	3.832830000000e-03	-2.921273040000e-03	2.571350110000e-05	5.045930000000e-06
0	-5.461000000000e-02	0	3.846180000000e-03	-3.671975970000e-03	2.708529780000e-05	4.931380000000e-06
0	-5.374000000000e-02	0	3.859530000000e-03	-3.282081370000e-03	3.325838320000e-05	5.041740000000e-06
0	-5.284000000000e-02	0	3.878610000000e-03	-4.808418320000e-03	2.708529780000e-05	5.126490000000e-06
0	-5.199000000000e-02	0	3.900540000000e-03	-4.326417180000e-03	2.434170430000e-05	5.082260000000e-06
0	-5.110000000000e-02	0	3.926310000000e-03	-3.070859610000e-03	2.914299290000e-05	5.207980000000e-06
0	-5.022000000000e-02	0	3.912960000000e-03	-3.610340770000e-03	3.463017990000e-05	5.085050000000e-06
0	-4.945000000000e-02	0	3.927260000000e-03	-3.599952810000e-03	2.914299290000e-05	5.098550000000e-06
0	-4.861000000000e-02	0	3.941570000000e-03	-3.462139270000e-03	3.257248480000e-05	5.110660000000e-06
0	-4.771000000000e-02	0	3.962550000000e-03	-3.904666180000e-03	2.982889130000e-05	5.139530000000e-06
0	-4.681000000000e-02	0	3.959690000000e-03	-2.949666790000e-03	2.777119620000e-05	4.961650000000e-06
0	-4.593000000000e-02	0	3.975900000000e-03	-4.771714210000e-03	2.982889130000e-05	4.908100000000e-06
0	-4.506000000000e-02	0	3.986390000000e-03	-4.044557320000e-03	2.708529780000e-05	4.972360000000e-06
0	-4.414000000000e-02	0	4.005460000000e-03	-4.284172830000e-03	3.120068810000e-05	4.926730000000e-06
0	-4.328000000000e-02	0	4.001650000000e-03	-5.053574080000e-03	2.777119620000e-05	5.100420000000e-06
0	-4.242000000000e-02	0	4.033120000000e-03	-4.652598990000e-03	2.571350110000e-05	5.141860000000e-06
0	-4.154000000000e-02	0	4.034070000000e-03	-5.088893130000e-03	2.571350110000e-05	5.172130000000e-06
0	-4.064000000000e-02	0	4.027400000000e-03	-3.587487270000e-03	2.571350110000e-05	5.252690000000e-06
0	-3.977000000000e-02	0	4.056960000000e-03	-4.196221470000e-03	3.051478970000e-05	5.202400000000e-06
0	-3.892000000000e-02	0	4.036930000000e-03	-3.071552140000e-03	2.777119620000e-05	5.146980000000e-06
0	-3.813000000000e-02	0	4.063640000000e-03	-3.852033870000e-03	2.639939940000e-05	5.015670000000e-06
0	-3.724000000000e-02	0	4.048380000000e-03	-3.157425900000e-03	3.188658640000e-05	5.228010000000e-06
0	-3.636000000000e-02	0	4.075080000000e-03	-3.178894340000e-03	2.914299290000e-05	5.232660000000e-06
0	-3.548000000000e-02	0	4.098920000000e-03	-3.754387090000e-03	3.805967180000e-05	5.122770000000e-06
0	-3.460000000000e-02	0	4.055050000000e-03	-3.354797060000e-03	2.708529780000e-05	5.234060000000e-06
0	-3.374000000000e-02	0	4.056010000000e-03	-4.879748950000e-03	3.120068810000e-05	5.190760000000e-06
0	-3.285000000000e-02	0	4.078890000000e-03	-4.331957420000e-03	2.982889130000e-05	5.268060000000e-06
0	-3.198000000000e-02	0	4.094150000000e-03	-5.370060460000e-03	3.120068810000e-05	5.259670000000e-06
0	-3.105000000000e-02	0	4.146610000000e-03	-5.337511530000e-03	2.708529780000e-05	5.318810000000e-06
0	-3.021000000000e-02	0	4.139930000000e-03	-4.577805710000e-03	3.394428150000e-05	5.302980000000e-06
0	-2.935000000000e-02	0	4.124670000000e-03	-5.129752420000e-03	3.394428150000e-05	5.319740000000e-06
0	-2.843000000000e-02	0	4.140880000000e-03	-3.558400990000e-03	2.845709460000e-05	5.309030000000e-06
0	-2.757000000000e-02	0	4.162820000000e-03	-4.186526040000e-03	3.188658640000e-05	5.388200000000e-06
0	-2.672000000000e-02	0	4.162820000000e-03	-4.845814960000e-03	3.188658640000e-05	5.360260000000e-06
0	-2.592000000000e-02	0	4.165680000000e-03	-5.145680620000e-03	3.188658640000e-05	5.489710000000e-06
0	-2.503000000000e-02	0	4.194290000000e-03	-4.282787770000e-03	3.805967180000e-05	5.382610000000e-06
0	-2.417000000000e-02	0	4.187610000000e-03	-5.372138050000e-03	3.463017990000e-05	5.492040000000e-06
0	-2.326000000000e-02	0	4.175220000000e-03	-5.223936550000e-03	3.463017990000e-05	5.565610000000e-06
0	-2.240000000000e-02	0	4.204780000000e-03	-4.995401520000e-03	3.051478970000e-05	5.535340000000e-06
0	-2.155000000000e-02	0	4.194290000000e-03	-5.411612280000e-03	3.188658640000e-05	5.329520000000e-06
0	-2.069000000000e-02	0	4.247700000000e-03	-4.726699740000e-03	3.120068810000e-05	5.486450000000e-06
0	-1.974000000000e-02	0	4.225760000000e-03	-5.485713030000e-03	3.120068810000e-05	5.463170000000e-06
0	-1.890000000000e-02	0	4.262950000000e-03	-4.057022860000e-03	3.257248480000e-05	5.531620000000e-06
0	-1.804000000000e-02	0	4.281070000000e-03	-5.582667280000e-03	3.257248480000e-05	5.651290000000e-06
0	-1.712000000000e-02	0	4.329710000000e-03	-4.415753600000e-03	3.051478970000e-05	5.584700000000e-06
0	-1.622000000000e-02	0	4.335430000000e-03	-5.530034980000e-03	3.325838320000e-05	5.596810000000e-06
0	-1.537000000000e-02	0	4.331620000000e-03	-4.090264320000e-03	3.394428150000e-05	5.577250000000e-06
0	-1.451000000000e-02	0	4.371670000000e-03	-4.877671360000e-03	3.051478970000e-05	5.499020000000e-06
0	-1.370000000000e-02	0	4.368810000000e-03	-3.370725260000e-03	2.982889130000e-05	5.627080000000e-06
0	-1.283000000000e-02	0	4.396470000000e-03	-5.607598380000e-03	2.845709460000e-05	5.705310000000e-06
0	-1.197000000000e-02	0	4.431750000000e-03	-4.068103350000e-03	3.051478970000e-05	5.618700000000e-06
0	-1.106000000000e-02	0	4.457500000000e-03	-5.788348810000e-03	2.434170430000e-05	5.647100000000e-06
0	-1.019000000000e-02	0	4.482300000000e-03	-3.702447310000e-03	3.051478970000e-05	5.700650000000e-06
0	-9.310000000000e-03	0	4.509000000000e-03	-5.767572890000e-03	2.365580600000e-05	5.668990000000e-06
0	-8.450000000000e-03	0	4.549060000000e-03	-3.753694560000e-03	2.982889130000e-05	5.653160000000e-06
0	-7.550000000000e-03	0	4.553820000000e-03	-5.512029190000e-03	2.845709460000e-05	5.763980000000e-06
0	-6.680000000000e-03	0	4.557640000000e-03	-4.781409640000e-03	2.434170430000e-05	5.748620000000e-06
0	-5.820000000000e-03	0	4.623440000000e-03	-3.912976540000e-03	2.845709460000e-05	5.688550000000e-06
0	-4.920000000000e-03	0	4.630120000000e-03	-3.959376080000e-03	2.571350110000e-05	5.700650000000e-06
0	-4.020000000000e-03	0	4.633930000000e-03	-3.550090630000e-03	3.325838320000e-05	5.757470000000e-06
0	-3.180000000000e-03	0	4.646330000000e-03	-4.286250420000e-03	2.365580600000e-05	5.757930000000e-06
0	-2.310000000000e-03	0	4.646330000000e-03	-3.468372040000e-03	3.257248480000e-05	5.709040000000e-06
0	-1.520000000000e-03	0	4.674940000000e-03	-4.667142130000e-03	2.571350110000e-05	5.762590000000e-06
0	-6.400000000000e-04	0	4.666360000000e-03	-3.557708460000e-03	2.777119620000e-05	5.736980000000e-06
0	2.100000000000e-04	0	4.670170000000e-03	-5.183769790000e-03	2.914299290000e-05	5.890180000000e-06
0	1.130000000000e-03	0	4.660640000000e-03	-3.695522010000e-03	2.434170430000e-05	6.026620000000e-06
0	1.990000000000e-03	0	4.648240000000e-03	-6.016191300000e-03	3.120068810000e-05	5.943260000000e-06
0	2.910000000000e-03	0	4.648240000000e-03	-3.843030980000e-03	2.845709460000e-05	5.886920000000e-06
0	3.740000000000e-03	0	4.618670000000e-03	-5.802199410000e-03	3.120068810000e-05	5.882260000000e-06
0	4.670000000000e-03	0	4.606280000000e-03	-4.069488410000e-03	3.120068810000e-05	5.949320000000e-06
0	5.530000000000e-03	0	4.600550000000e-03	-5.593747770000e-03	3.257248480000e-05	6.011250000000e-06
0	6.420000000000e-03	0	4.577670000000e-03	-3.789013610000e-03	3.051478970000e-05	6.184940000000e-06
0	7.280000000000e-03	0	4.539520000000e-03	-5.171304240000e-03	3.120068810000e-05	6.105310000000e-06
0	8.050000000000e-03	0	4.535700000000e-03	-3.637349450000e-03	2.571350110000e-05	6.059680000000e-06
0	8.920000000000e-03	0	4.515680000000e-03	-4.036939480000e-03	3.325838320000e-05	6.102990000000e-06
0	9.790000000000e-03	0	4.489930000000e-03	-3.408814430000e-03	3.463017990000e-05	5.993560000000e-06
0	1.069000000000e-02	0	4.451780000000e-03	-3.679593810000e-03	3.188658640000e-05	6.202170000000e-06
0	1.158000000000e-02	0	4.438430000000e-03	-3.720453100000e-03	3.051478970000e-05	6.296700000000e-06
0	1.243000000000e-02	0	4.420310000000e-03	-3.813252170000e-03	2.982889130000e-05	6.217070000000e-06
0	1.333000000000e-02	0	4.386930000000e-03	-5.579897160000e-03	2.708529780000e-05	6.180290000000e-06
0	1.420000000000e-02	0	4.375490000000e-03	-3.380420680000e-03	2.639939940000e-05	6.261780000000e-06
0	1.508000000000e-02	0	4.368810000000e-03	-5.603443200000e-03	3.120068810000e-05	6.272020000000e-06
0	1.596000000000e-02	0	4.353550000000e-03	-4.246776190000e-03	2.914299290000e-05	6.181680000000e-06
0	1.685000000000e-02	0	4.358320000000e-03	-5.473940010000e-03	3.051478970000e-05	6.176560000000e-06
0	1.771000000000e-02	0	4.208590000000e-03	-3.650507530000e-03	3.120068810000e-05	6.240360000000e-06
0	1.861000000000e-02	0	4.197150000000e-03	-4.347193090000e-03	2.639939940000e-05	6.297630000000e-06
0	1.935000000000e-02	0	4.167590000000e-03	-3.251610030000e-03	2.639939940000e-05	6.258980000000e-06
0	2.026000000000e-02	0	4.169490000000e-03	-4.623512710000e-03	2.708529780000e-05	6.305080000000e-06
0	2.113000000000e-02	0	4.138020000000e-03	-3.072937200000e-03	2.777119620000e-05	6.324640000000e-06
0	2.199000000000e-02	0	4.108460000000e-03	-5.255100420000e-03	3.120068810000e-05	6.390300000000e-06
0	2.289000000000e-02	0	4.120860000000e-03	-3.505768680000e-03	3.463017990000e-05	6.355840000000e-06
0	2.375000000000e-02	0	4.101780000000e-03	-5.250252700000e-03	2.777119620000e-05	6.350250000000e-06
0	2.467000000000e-02	0	4.108460000000e-03	-3.172661570000e-03	3.051478970000e-05	6.211950000000e-06
0	2.556000000000e-02	0	4.086520000000e-03	-4.608277040000e-03	2.777119620000e-05	6.183080000000e-06
0	2.641000000000e-02	0	4.065540000000e-03	-2.984293310000e-03	2.571350110000e-05	6.105780000000e-06
0	2.731000000000e-02	0	4.082710000000e-03	-4.203839300000e-03	2.708529780000e-05	6.209620000000e-06
0	2.814000000000e-02	0	4.089390000000e-03	-3.282773900000e-03	2.434170430000e-05	6.099730000000e-06
0	2.906000000000e-02	0	4.056960000000e-03	-4.793875180000e-03	2.639939940000e-05	6.080630000000e-06
0	2.992000000000e-02	0	4.016910000000e-03	-3.203132910000e-03	3.051478970000e-05	6.107180000000e-06
0	3.079000000000e-02	0	4.012140000000e-03	-4.355503460000e-03	3.257248480000e-05	6.070860000000e-06
0	3.158000000000e-02	0	3.997830000000e-03	-3.093713110000e-03	2.571350110000e-05	6.155140000000e-06
0	3.246000000000e-02	0	4.001650000000e-03	-3.843723510000e-03	3.188658640000e-05	6.170040000000e-06
0	3.334000000000e-02	0	4.001650000000e-03	-2.935123650000e-03	3.120068810000e-05	6.393090000000e-06
0	3.421000000000e-02	0	3.969220000000e-03	-3.301472220000e-03	2.982889130000e-05	6.151880000000e-06
0	3.510000000000e-02	0	3.975900000000e-03	-4.293868250000e-03	2.914299290000e-05	6.139310000000e-06
0	3.597000000000e-02	0	3.938700000000e-03	-3.094405640000e-03	2.434170430000e-05	6.189600000000e-06
0	3.684000000000e-02	0	3.938700000000e-03	-4.553567140000e-03	3.257248480000e-05	6.132320000000e-06
0	3.775000000000e-02	0	3.942520000000e-03	-2.953821970000e-03	3.325838320000e-05	6.243620000000e-06
0	3.863000000000e-02	0	3.945380000000e-03	-4.234310640000e-03	3.188658640000e-05	6.113700000000e-06
0	3.948000000000e-02	0	3.933940000000e-03	-3.576406780000e-03	2.845709460000e-05	6.098790000000e-06
0	4.035000000000e-02	0	3.937750000000e-03	-5.022410210000e-03	3.394428150000e-05	6.086220000000e-06
0	4.114000000000e-02	0	3.919630000000e-03	-4.567417750000e-03	3.120068810000e-05	6.062010000000e-06
0	4.214000000000e-02	0	3.917720000000e-03	-3.589564860000e-03	2.845709460000e-05	6.157470000000e-06
0	4.300000000000e-02	0	3.914860000000e-03	-5.028642980000e-03	3.463017990000e-05	6.127200000000e-06
0	4.380000000000e-02	0	3.917720000000e-03	-2.925428230000e-03	2.708529780000e-05	6.021030000000e-06
0	4.466000000000e-02	0	3.909140000000e-03	-5.077812640000e-03	3.051478970000e-05	6.195650000000e-06
0	4.557000000000e-02	0	3.892910000000e-03	-3.497458320000e-03	2.982889130000e-05	6.030340000000e-06
0	4.641000000000e-02	0	3.862400000000e-03	-4.961467540000e-03	3.188658640000e-05	6.068990000000e-06
0	4.731000000000e-02	0	3.849040000000e-03	-3.027922720000e-03	3.600197670000e-05	5.981450000000e-06
0	4.818000000000e-02	0	3.870980000000e-03	-4.561184980000e-03	2.914299290000e-05	5.584700000000e-06
0	4.905000000000e-02	0	3.828060000000e-03	-4.428219150000e-03	3.600197670000e-05	5.469690000000e-06
0	4.994000000000e-02	0	3.813760000000e-03	-4.638748380000e-03	3.805967180000e-05	5.467360000000e-06
0	5.082000000000e-02	0	3.801360000000e-03	-4.876286300000e-03	3.325838320000e-05	5.358390000000e-06
0	5.166000000000e-02	0	3.786100000000e-03	-3.077092380000e-03	3.805967180000e-05	5.400300000000e-06
0	5.260000000000e-02	0	3.776570000000e-03	-4.559107390000e-03	3.737377340000e-05	5.449660000000e-06
0	5.347000000000e-02	0	3.750820000000e-03	-3.056316470000e-03	3.805967180000e-05	5.616370000000e-06
0	5.433000000000e-02	0	3.782290000000e-03	-4.503704960000e-03	3.463017990000e-05	5.438950000000e-06
0	5.518000000000e-02	0	3.708850000000e-03	-3.354104530000e-03	3.600197670000e-05	5.507870000000e-06
0	5.599000000000e-02	0	3.691690000000e-03	-4.700383580000e-03	3.188658640000e-05	5.641520000000e-06
0	5.685000000000e-02	0	3.718390000000e-03	-3.911591480000e-03	4.011736690000e-05	5.420330000000e-06
0	5.773000000000e-02	0	3.662120000000e-03	-4.688610570000e-03	3.531607830000e-05	5.326730000000e-06
0	5.861000000000e-02	0	3.661170000000e-03	-4.965622720000e-03	4.354685880000e-05	5.302510000000e-06
0	5.951000000000e-02	0	3.635420000000e-03	-3.942062820000e-03	3.737377340000e-05	5.236390000000e-06
0	6.037000000000e-02	0	3.671660000000e-03	-4.156054710000e-03	3.188658640000e-05	5.196810000000e-06
0	6.123000000000e-02	0	3.671660000000e-03	-2.737752490000e-03	3.668787500000e-05	5.438950000000e-06
0	6.214000000000e-02	0	3.607760000000e-03	-3.669205850000e-03	4.217506200000e-05	5.447330000000e-06
0	6.302000000000e-02	0	3.582020000000e-03	-2.694815610000e-03	3.463017990000e-05	5.447330000000e-06
0	6.390000000000e-02	0	3.567710000000e-03	-3.659510430000e-03	3.531607830000e-05	5.407290000000e-06
0	6.477000000000e-02	0	3.590600000000e-03	-2.834014220000e-03	3.805967180000e-05	5.359320000000e-06
0	6.567000000000e-02	0	3.558170000000e-03	-4.575035590000e-03	3.943146850000e-05	5.358390000000e-06
0	6.653000000000e-02	0	3.578200000000e-03	-3.229449060000e-03	3.600197670000e-05	5.378880000000e-06
0	6.740000000000e-02	0	3.612530000000e-03	-4.374201780000e-03	3.188658640000e-05	5.402630000000e-06
0	6.818000000000e-02	0	3.549590000000e-03	-2.901189660000e-03	3.943146850000e-05	5.413340000000e-06
0	6.906000000000e-02	0	3.553410000000e-03	-3.282081370000e-03	3.600197670000e-05	5.404490000000e-06
0	6.993000000000e-02	0	3.581060000000e-03	-2.784844560000e-03	3.188658640000e-05	5.390060000000e-06
0	7.083000000000e-02	0	3.614440000000e-03	-2.784844560000e-03	3.943146850000e-05	5.324400000000e-06
0	7.171000000000e-02	0	3.575340000000e-03	-3.480145060000e-03	2.982889130000e-05	5.316020000000e-06
0	7.258000000000e-02	0	3.554360000000e-03	-2.705203570000e-03	3.600197670000e-05	5.390520000000e-06
0	7.344000000000e-02	0	3.564850000000e-03	-3.936522580000e-03	3.325838320000e-05	5.335110000000e-06
0	7.435000000000e-02	0	3.620160000000e-03	-3.400504070000e-03	3.188658640000e-05	5.285280000000e-06
0	7.522000000000e-02	0	3.621120000000e-03	-4.606891980000e-03	3.874557010000e-05	5.524170000000e-06
0	7.612000000000e-02	0	3.628750000000e-03	-2.823626260000e-03	3.463017990000e-05	5.343030000000e-06
0	7.699000000000e-02	0	3.609670000000e-03	-4.176138090000e-03	3.531607830000e-05	5.533950000000e-06
0	7.778000000000e-02	0	3.629700000000e-03	-3.125569510000e-03	3.325838320000e-05	5.298320000000e-06
0	7.861000000000e-02	0	3.637330000000e-03	-3.358259710000e-03	3.874557010000e-05	5.267590000000e-06
0	7.966000000000e-02	0	3.653540000000e-03	-3.307012460000e-03	3.325838320000e-05	5.313220000000e-06
0	8.041000000000e-02	0	3.657360000000e-03	-3.178894340000e-03	3.874557010000e-05	5.334640000000e-06
0	8.128000000000e-02	0	3.683110000000e-03	-3.256457750000e-03	3.600197670000e-05	5.272710000000e-06
0	8.215000000000e-02	0	3.693600000000e-03	-2.795925050000e-03	3.600197670000e-05	5.241980000000e-06
0	8.304000000000e-02	0	3.705040000000e-03	-3.872117250000e-03	3.531607830000e-05	5.361650000000e-06
0	8.392000000000e-02	0	3.684060000000e-03	-2.786229620000e-03	3.257248480000e-05	5.403560000000e-06
0	8.480000000000e-02	0	3.737460000000e-03	-4.160902420000e-03	3.463017990000e-05	5.373760000000e-06
0	8.566000000000e-02	0	3.828060000000e-03	-3.675438630000e-03	3.120068810000e-05	5.350940000000e-06
0	8.658000000000e-02	0	3.827110000000e-03	-4.964930190000e-03	3.531607830000e-05	5.351410000000e-06
0	8.742000000000e-02	0	3.842370000000e-03	-4.778639520000e-03	3.394428150000e-05	5.321140000000e-06
0	8.830000000000e-02	0	3.839510000000e-03	-4.269629690000e-03	3.188658640000e-05	5.238720000000e-06
0	8.920000000000e-02	0	3.829970000000e-03	-4.774484330000e-03	3.463017990000e-05	5.252220000000e-06
0	8.997000000000e-02	0	3.826160000000e-03	-2.893571830000e-03	3.531607830000e-05	5.163750000000e-06
0	9.084000000000e-02	0	3.850950000000e-03	-4.545949310000e-03	3.737377340000e-05	5.327660000000e-06
0	9.168000000000e-02	0	3.844280000000e-03	-3.050776220000e-03	2.982889130000e-05	5.277370000000e-06
0	9.260000000000e-02	0	3.858580000000e-03	-4.250238840000e-03	3.188658640000e-05	5.233600000000e-06
0	9.347000000000e-02	0	3.844280000000e-03	-2.919195450000e-03	3.257248480000e-05	5.255020000000e-06
0	9.434000000000e-02	0	3.855720000000e-03	-3.711450200000e-03	3.120068810000e-05	5.132080000000e-06
0	9.524000000000e-02	0	3.876700000000e-03	-2.950359320000e-03	3.188658640000e-05	5.160950000000e-06
0	9.612000000000e-02	0	3.897680000000e-03	-3.261305460000e-03	3.325838320000e-05	5.449660000000e-06
0	9.696000000000e-02	0	3.894820000000e-03	-4.376279370000e-03	2.914299290000e-05	5.338840000000e-06
0	9.786000000000e-02	0	3.908190000000e-03	-2.921965570000e-03	2.777119620000e-05	5.263400000000e-06
0	9.878000000000e-02	0	3.904360000000e-03	-3.984307170000e-03	2.982889130000e-05	5.326730000000e-06
0	9.962000000000e-02	0	3.926310000000e-03	-3.521004350000e-03	2.777119620000e-05	5.372360000000e-06
0	1.004800000000e-01	0	3.938700000000e-03	-5.043186120000e-03	2.982889130000e-05	5.348610000000e-06
0	1.013700000000e-01	0	3.956820000000e-03	-4.530021110000e-03	2.296990760000e-05	5.375160000000e-06
0	1.021400000000e-01	0	3.967310000000e-03	-4.473233620000e-03	2.845709460000e-05	5.163750000000e-06
0	1.030400000000e-01	0	3.991160000000e-03	-5.156761100000e-03	2.434170430000e-05	5.224280000000e-06
0	1.039100000000e-01	0	3.997830000000e-03	-4.143589160000e-03	2.365580600000e-05	5.248960000000e-06
0	1.047900000000e-01	0	4.028350000000e-03	-4.692073220000e-03	2.708529780000e-05	5.191690000000e-06
0	1.056700000000e-01	0	4.040750000000e-03	-3.124184440000e-03	2.571350110000e-05	5.187960000000e-06
0	1.065400000000e-01	0	4.072220000000e-03	-4.651213930000e-03	3.120068810000e-05	5.237320000000e-06
0	1.074400000000e-01	0	4.062680000000e-03	-3.149115540000e-03	2.434170430000e-05	5.255480000000e-06
0	1.082900000000e-01	0	4.087480000000e-03	-4.259241730000e-03	2.914299290000e-05	5.201000000000e-06
0	1.091800000000e-01	0	4.100830000000e-03	-3.335406210000e-03	2.914299290000e-05	5.295060000000e-06
0	1.101000000000e-01	0	4.108460000000e-03	-3.478760000000e-03	2.571350110000e-05	5.155830000000e-06
0	1.109600000000e-01	0	4.120860000000e-03	-4.211457140000e-03	2.296990760000e-05	5.114850000000e-06
0	1.118300000000e-01	0	4.123720000000e-03	-4.993323930000e-03	2.091221250000e-05	5.039880000000e-06
0	1.127000000000e-01	0	4.068400000000e-03	-4.435144450000e-03	2.434170430000e-05	5.239180000000e-06
0	1.134800000000e-01	0	4.082710000000e-03	-5.201083050000e-03	2.502760270000e-05	5.241980000000e-06
0	1.143700000000e-01	0	4.081760000000e-03	-3.057701530000e-03	2.708529780000e-05	5.304380000000e-06
0	1.152200000000e-01	0	4.061730000000e-03	-4.538331480000e-03	3.188658640000e-05	5.288540000000e-06
0	1.160900000000e-01	0	4.077940000000e-03	-4.471156030000e-03	2.571350110000e-05	5.260140000000e-06
0	1.170200000000e-01	0	4.039790000000e-03	-4.883904130000e-03	3.120068810000e-05	5.458980000000e-06
0	1.179000000000e-01	0	4.049330000000e-03	-3.967686440000e-03	2.845709460000e-05	5.489710000000e-06
0	1.187400000000e-01	0	4.042660000000e-03	-5.106206380000e-03	2.228400920000e-05	5.232200000000e-06
0	1.196400000000e-01	0	4.009280000000e-03	-3.506461210000e-03	2.708529780000e-05	5.303910000000e-06
0	1.205100000000e-01	0	3.982570000000e-03	-4.916453060000e-03	2.571350110000e-05	5.337900000000e-06
0	1.214200000000e-01	0	3.967310000000e-03	-2.986370900000e-03	2.159811080000e-05	5.108800000000e-06
0	1.222600000000e-01	0	3.961590000000e-03	-4.829886760000e-03	2.639939940000e-05	5.208920000000e-06
0	1.231700000000e-01	0	3.949200000000e-03	-3.161581090000e-03	2.228400920000e-05	5.253620000000e-06
0	1.240300000000e-01	0	3.911050000000e-03	-5.045263710000e-03	3.051478970000e-05	5.383070000000e-06
0	1.249300000000e-01	0	3.879560000000e-03	-3.709372610000e-03	2.296990760000e-05	5.543730000000e-06
0	1.256700000000e-01	0	3.845230000000e-03	-4.775869390000e-03	2.982889130000e-05	5.252690000000e-06
0	1.265800000000e-01	0	3.875750000000e-03	-3.201055320000e-03	2.639939940000e-05	5.312290000000e-06
0	1.274300000000e-01	0	3.819480000000e-03	-4.278632580000e-03	2.639939940000e-05	5.340230000000e-06
0	1.283300000000e-01	0	3.780380000000e-03	-2.818086020000e-03	2.159811080000e-05	5.366780000000e-06
0	1.292300000000e-01	0	3.757490000000e-03	-3.762004920000e-03	2.708529780000e-05	5.074340000000e-06
0	1.300900000000e-01	0	3.761310000000e-03	-2.793154920000e-03	2.708529780000e-05	5.213110000000e-06
0	1.309600000000e-01	0	3.731740000000e-03	-3.189974830000e-03	2.365580600000e-05	5.202860000000e-06
0	1.318700000000e-01	0	3.656400000000e-03	-2.926813290000e-03	2.434170430000e-05	5.387260000000e-06
0	1.327400000000e-01	0	3.655450000000e-03	-2.730827190000e-03	2.571350110000e-05	5.326730000000e-06
0	1.336100000000e-01	0	3.643050000000e-03	-4.643596090000e-03	2.845709460000e-05	5.366310000000e-06
0	1.344500000000e-01	0	3.607760000000e-03	-2.890801710000e-03	2.296990760000e-05	5.323470000000e-06
0	1.352600000000e-01	0	3.586780000000e-03	-4.660216820000e-03	2.777119620000e-05	5.375160000000e-06
0	1.361300000000e-01	0	3.580110000000e-03	-3.212135800000e-03	2.502760270000e-05	5.454320000000e-06
0	1.371000000000e-01	0	3.555310000000e-03	-4.600659210000e-03	2.571350110000e-05	5.262470000000e-06
0	1.379100000000e-01	0	3.509540000000e-03	-3.656047770000e-03	2.502760270000e-05	5.268520000000e-06
0	1.387900000000e-01	0	3.498090000000e-03	-4.457997950000e-03	2.845709460000e-05	5.369570000000e-06
0	1.396600000000e-01	0	3.500000000000e-03	-3.713527800000e-03	2.982889130000e-05	5.258740000000e-06
0	1.405400000000e-01	0	3.488560000000e-03	-4.001620430000e-03	2.845709460000e-05	5.332320000000e-06
0	1.414200000000e-01	0	3.483790000000e-03	-4.376279370000e-03	3.051478970000e-05	5.255950000000e-06
0	1.422700000000e-01	0	3.485690000000e-03	-3.238451960000e-03	2.502760270000e-05	5.318350000000e-06
0	1.431500000000e-01	0	3.490460000000e-03	-3.061164180000e-03	2.914299290000e-05	5.291340000000e-06
0	1.440500000000e-01	0	3.477110000000e-03	-3.162966150000e-03	2.296990760000e-05	5.201930000000e-06
0	1.449500000000e-01	0	3.479020000000e-03	-3.182357000000e-03	2.159811080000e-05	5.305310000000e-06
0	1.458100000000e-01	0	3.515260000000e-03	-2.640105710000e-03	2.434170430000e-05	5.236390000000e-06
0	1.467000000000e-01	0	3.497140000000e-03	-2.804927940000e-03	2.845709460000e-05	5.295530000000e-06
0	1.474900000000e-01	0	3.505720000000e-03	-3.005761750000e-03	2.022631410000e-05	5.189360000000e-06
0	1.483400000000e-01	0	3.500000000000e-03	-2.572237730000e-03	2.434170430000e-05	5.159560000000e-06
0	1.492100000000e-01	0	3.455180000000e-03	-3.228064000000e-03	2.845709460000e-05	5.284820000000e-06
0	1.501100000000e-01	0	3.494280000000e-03	-2.969057640000e-03	2.845709460000e-05	5.180980000000e-06
0	1.509700000000e-01	0	3.492370000000e-03	-4.462845660000e-03	2.022631410000e-05	5.352810000000e-06
0	1.518300000000e-01	0	3.493320000000e-03	-3.584717150000e-03	2.571350110000e-05	5.316020000000e-06
0	1.527100000000e-01	0	3.514300000000e-03	-4.064640700000e-03	1.954041570000e-05	5.226150000000e-06
0	1.535800000000e-01	0	3.502860000000e-03	-2.635258000000e-03	2.022631410000e-05	5.097620000000e-06
0	1.544900000000e-01	0	3.507630000000e-03	-3.676131160000e-03	2.708529780000e-05	5.068750000000e-06
0	1.553300000000e-01	0	3.502860000000e-03	-2.593706180000e-03	2.365580600000e-05	5.190290000000e-06
0	1.562700000000e-01	0	3.505720000000e-03	-3.187897240000e-03	2.708529780000e-05	5.223350000000e-06
0	1.571400000000e-01	0	3.519070000000e-03	-2.648416080000e-03	2.502760270000e-05	5.227080000000e-06
0	1.580200000000e-01	0	3.508580000000e-03	-2.844402170000e-03	2.777119620000e-05	5.087840000000e-06
0	1.588900000000e-01	0	3.526700000000e-03	-3.304934870000e-03	2.365580600000e-05	5.140460000000e-06
0	1.596600000000e-01	0	3.524800000000e-03	-2.649801140000e-03	2.639939940000e-05	4.934640000000e-06
0	1.605500000000e-01	0	3.530520000000e-03	-3.394271290000e-03	2.502760270000e-05	4.961650000000e-06
0	1.614300000000e-01	0	3.541960000000e-03	-3.000221510000e-03	2.845709460000e-05	4.854080000000e-06
0	1.623100000000e-01	0	3.549590000000e-03	-4.451765180000e-03	2.708529780000e-05	4.950010000000e-06
0	1.631700000000e-01	0	3.550540000000e-03	-4.392900100000e-03	2.777119620000e-05	4.959320000000e-06
0	1.640600000000e-01	0	3.562940000000e-03	-3.978074400000e-03	2.571350110000e-05	4.974220000000e-06
0	1.649400000000e-01	0	3.571530000000e-03	-3.831257960000e-03	2.228400920000e-05	5.005420000000e-06
0	1.658300000000e-01	0	3.573430000000e-03	-2.787614680000e-03	2.777119620000e-05	4.932780000000e-06
0	1.666700000000e-01	0	3.566760000000e-03	-3.525159530000e-03	2.845709460000e-05	4.885750000000e-06
0	1.675700000000e-01	0	3.581060000000e-03	-2.678887410000e-03	2.434170430000e-05	4.852690000000e-06
0	1.684600000000e-01	0	3.575340000000e-03	-3.874194840000e-03	2.434170430000e-05	5.031960000000e-06
0	1.693500000000e-01	0	3.597270000000e-03	-2.892879300000e-03	2.845709460000e-05	5.124630000000e-06
0	1.702200000000e-01	0	3.585830000000e-03	-4.425449020000e-03	2.502760270000e-05	4.775850000000e-06
0	1.710600000000e-01	0	3.611580000000e-03	-4.014085980000e-03	2.777119620000e-05	4.830330000000e-06
0	1.718700000000e-01	0	3.625880000000e-03	-4.525173400000e-03	2.708529780000e-05	4.793550000000e-06
0	1.727400000000e-01	0	3.632560000000e-03	-4.489854350000e-03	2.914299290000e-05	4.814500000000e-06
0	1.736200000000e-01	0	3.649730000000e-03	-4.106885050000e-03	2.777119620000e-05	4.798670000000e-06
0	1.745200000000e-01	0	3.646870000000e-03	-4.680300200000e-03	3.051478970000e-05	4.746050000000e-06
0	1.753700000000e-01	0	3.656400000000e-03	-3.580561960000e-03	2.914299290000e-05	4.816830000000e-06
0	1.762200000000e-01	0	3.653540000000e-03	-4.651906460000e-03	2.777119620000e-05	4.744650000000e-06
0	1.771400000000e-01	0	3.649730000000e-03	-3.151193130000e-03	3.188658640000e-05	4.769800000000e-06
0	1.780100000000e-01	0	3.656400000000e-03	-4.295253310000e-03	3.325838320000e-05	4.714380000000e-06
0	1.788800000000e-01	0	3.654490000000e-03	-2.879721220000e-03	2.708529780000e-05	4.705070000000e-06
0	1.797600000000e-01	0	3.655450000000e-03	-4.359658640000e-03	3.188658640000e-05	4.677130000000e-06
0	1.806700000000e-01	0	3.640190000000e-03	-2.955899560000e-03	3.188658640000e-05	4.864330000000e-06
0	1.815400000000e-01	0	3.643050000000e-03	-4.741935410000e-03	3.325838320000e-05	4.770730000000e-06
0	1.824200000000e-01	0	3.649730000000e-03	-2.956592090000e-03	2.982889130000e-05	4.579810000000e-06
0	1.831800000000e-01	0	3.641140000000e-03	-4.481543980000e-03	2.777119620000e-05	4.750240000000e-06
0	1.840800000000e-01	0	3.623020000000e-03	-2.996758860000e-03	2.914299290000e-05	4.712990000000e-06
0	1.849400000000e-01	0	3.589650000000e-03	-4.485699170000e-03	2.708529780000e-05	4.658500000000e-06
0	1.858200000000e-01	0	3.588690000000e-03	-4.094419500000e-03	2.434170430000e-05	4.619390000000e-06
0	1.867100000000e-01	0	3.582020000000e-03	-4.483621580000e-03	2.777119620000e-05	4.537900000000e-06
0	1.876000000000e-01	0	3.574390000000e-03	-4.372816720000e-03	2.365580600000e-05	4.557920000000e-06
0	1.884600000000e-01	0	3.542910000000e-03	-4.174060500000e-03	2.982889130000e-05	4.670150000000e-06
0	1.893700000000e-01	0	3.539100000000e-03	-3.669898380000e-03	2.982889130000e-05	4.592380000000e-06
0	1.902300000000e-01	0	3.520030000000e-03	-2.642875830000e-03	3.051478970000e-05	4.681790000000e-06
0	1.910900000000e-01	0	3.522890000000e-03	-3.744691660000e-03	2.777119620000e-05	4.611010000000e-06
0	1.919800000000e-01	0	3.505720000000e-03	-3.264075580000e-03	2.845709460000e-05	4.539300000000e-06
0	1.927600000000e-01	0	3.512400000000e-03	-4.550797020000e-03	2.914299290000e-05	4.673870000000e-06
0	1.936300000000e-01	0	3.507630000000e-03	-2.701048380000e-03	2.434170430000e-05	4.678060000000e-06
0	1.946200000000e-01	0	3.484740000000e-03	-3.845108570000e-03	2.571350110000e-05	4.499710000000e-06
0	1.954100000000e-01	0	3.504770000000e-03	-2.638720650000e-03	2.914299290000e-05	4.523000000000e-06
0	1.962800000000e-01	0	3.499050000000e-03	-3.812559640000e-03	3.051478970000e-05	4.584930000000e-06
0	1.971500000000e-01	0	3.448500000000e-03	-2.885261460000e-03	3.257248480000e-05	4.587260000000e-06
0	1.980100000000e-01	0	3.471390000000e-03	-3.230141590000e-03	2.845709460000e-05	4.552330000000e-06
0	1.989200000000e-01	0	3.416080000000e-03	-2.942741490000e-03	2.708529780000e-05	4.596110000000e-06
0	1.996100000000e-01	0	3.516210000000e-03	-3.248147380000e-03	2.639939940000e-05	4.529980000000e-06
0	1.998200000000e-01	0	3.502860000000e-03	-2.538996280000e-03	2.434170430000e-05	4.447090000000e-06
0	1.999500000000e-01	0	3.475200000000e-03	-2.588858460000e-03	2.845709460000e-05	4.455010000000e-06

