# Filename: data_755.dat
# Timestamp: Wed Sep 04 21:59:11 2019

# Column 1:
#	end: 0.2
#	name: IPS120-10 (swept B(T))
#	size: 2
#	start: -0.2
#	type: coordinate
# Column 2:
#	end: 0
#	name: y_parameter (none)
#	size: 1
#	start: 0
#	type: coordinate
# Column 3:
#	end: 0
#	name: z_parameter (none)
#	size: 1
#	start: 0
#	type: coordinate
# Column 4:
#	name: lockin 1
#	type: value
# Column 5:
#	name: Keithley 1
#	type: value
# Column 6:
#	name: Keithley 2
#	type: value
# Column 7:
#	name: processed dIdV
#	type: value

200	-1.998200000000e-01	0	0.000000000000e+00	2.222449090000e-01	-8.540224790000e-05	0.000000000000e+00
200	-1.991300000000e-01	0	0.000000000000e+00	2.223252430000e-01	-8.677404830000e-05	0.000000000000e+00
200	-1.983600000000e-01	0	0.000000000000e+00	2.222926940000e-01	-8.951764920000e-05	0.000000000000e+00
200	-1.975100000000e-01	0	0.000000000000e+00	2.224630560000e-01	-8.608814810000e-05	0.000000000000e+00
200	-1.967400000000e-01	0	0.000000000000e+00	2.225253840000e-01	-8.677404830000e-05	0.000000000000e+00
200	-1.958600000000e-01	0	0.000000000000e+00	2.225399270000e-01	-8.197274680000e-05	0.000000000000e+00
200	-1.950000000000e-01	0	6.103560000000e-05	2.226638900000e-01	-8.745994860000e-05	0.000000000000e+00
200	-1.941200000000e-01	0	0.000000000000e+00	2.225143030000e-01	-8.745994860000e-05	0.000000000000e+00
200	-1.932600000000e-01	0	0.000000000000e+00	2.226777400000e-01	-8.334454720000e-05	0.000000000000e+00
200	-1.923600000000e-01	0	0.000000000000e+00	2.227816200000e-01	-9.020354950000e-05	0.000000000000e+00
200	-1.915300000000e-01	0	0.000000000000e+00	2.227899300000e-01	-8.677404830000e-05	0.000000000000e+00
200	-1.907100000000e-01	0	0.000000000000e+00	2.227608440000e-01	-9.157534990000e-05	0.000000000000e+00
200	-1.898200000000e-01	0	6.103560000000e-05	2.228086280000e-01	-8.540224790000e-05	0.000000000000e+00
200	-1.889600000000e-01	0	0.000000000000e+00	2.227982400000e-01	-8.951764920000e-05	0.000000000000e+00
200	-1.880900000000e-01	0	0.000000000000e+00	2.228467170000e-01	-9.500485100000e-05	0.000000000000e+00
200	-1.871800000000e-01	0	0.000000000000e+00	2.228813440000e-01	-8.677404830000e-05	0.000000000000e+00
200	-1.864200000000e-01	0	0.000000000000e+00	2.230745590000e-01	-8.677404830000e-05	0.000000000000e+00
200	-1.855700000000e-01	0	0.000000000000e+00	2.230946430000e-01	-9.088944970000e-05	0.000000000000e+00
200	-1.846600000000e-01	0	6.103560000000e-05	2.229873010000e-01	-9.088944970000e-05	0.000000000000e+00
200	-1.837800000000e-01	0	0.000000000000e+00	2.231140340000e-01	-8.814584880000e-05	0.000000000000e+00
200	-1.829100000000e-01	0	6.103560000000e-05	2.230953350000e-01	-8.608814810000e-05	0.000000000000e+00
200	-1.820500000000e-01	0	0.000000000000e+00	2.232289930000e-01	-8.677404830000e-05	0.000000000000e+00
200	-1.812400000000e-01	0	0.000000000000e+00	2.232719300000e-01	-8.883174900000e-05	0.000000000000e+00
200	-1.803600000000e-01	0	0.000000000000e+00	2.232075250000e-01	-8.814584880000e-05	0.000000000000e+00
200	-1.795200000000e-01	0	0.000000000000e+00	2.231812090000e-01	-8.540224790000e-05	0.000000000000e+00
200	-1.786200000000e-01	0	0.000000000000e+00	2.232089100000e-01	-8.883174900000e-05	0.000000000000e+00
200	-1.778700000000e-01	0	0.000000000000e+00	2.232296860000e-01	-8.814584880000e-05	0.000000000000e+00
200	-1.769900000000e-01	0	0.000000000000e+00	2.234263640000e-01	-9.088944970000e-05	0.000000000000e+00
200	-1.761100000000e-01	0	0.000000000000e+00	2.234679160000e-01	-8.677404830000e-05	0.000000000000e+00
200	-1.752100000000e-01	0	0.000000000000e+00	2.234021260000e-01	-8.951764920000e-05	0.000000000000e+00
200	-1.743400000000e-01	0	0.000000000000e+00	2.234055880000e-01	-8.883174900000e-05	0.000000000000e+00
200	-1.735000000000e-01	0	0.000000000000e+00	2.233571110000e-01	-8.334454720000e-05	0.000000000000e+00
200	-1.726700000000e-01	0	0.000000000000e+00	2.234152840000e-01	-8.608814810000e-05	0.000000000000e+00
200	-1.717900000000e-01	0	0.000000000000e+00	2.235115450000e-01	-8.608814810000e-05	0.000000000000e+00
200	-1.709400000000e-01	0	0.000000000000e+00	2.236348160000e-01	-8.540224790000e-05	0.000000000000e+00
200	-1.700800000000e-01	0	0.000000000000e+00	2.236306600000e-01	-8.540224790000e-05	0.000000000000e+00
200	-1.691500000000e-01	0	0.000000000000e+00	2.235988040000e-01	-8.745994860000e-05	0.000000000000e+00
200	-1.683900000000e-01	0	0.000000000000e+00	2.236230430000e-01	-8.403044750000e-05	0.000000000000e+00
200	-1.675400000000e-01	0	0.000000000000e+00	2.235475570000e-01	-8.951764920000e-05	0.000000000000e+00
200	-1.666300000000e-01	0	0.000000000000e+00	2.237601630000e-01	-8.745994860000e-05	0.000000000000e+00
200	-1.657600000000e-01	0	0.000000000000e+00	2.237567010000e-01	-9.020354950000e-05	0.000000000000e+00
200	-1.648900000000e-01	0	0.000000000000e+00	2.237927120000e-01	-9.088944970000e-05	0.000000000000e+00
200	-1.640100000000e-01	0	0.000000000000e+00	2.236493590000e-01	-9.226125010000e-05	0.000000000000e+00
200	-1.632500000000e-01	0	6.103560000000e-05	2.236382780000e-01	-8.403044750000e-05	0.000000000000e+00
200	-1.623700000000e-01	0	0.000000000000e+00	2.236230430000e-01	-8.814584880000e-05	0.000000000000e+00
200	-1.615000000000e-01	0	0.000000000000e+00	2.236888330000e-01	-8.883174900000e-05	0.000000000000e+00
200	-1.605700000000e-01	0	0.000000000000e+00	2.237816320000e-01	-9.020354950000e-05	0.000000000000e+00
200	-1.597300000000e-01	0	0.000000000000e+00	2.237234590000e-01	-9.020354950000e-05	0.000000000000e+00
200	-1.589300000000e-01	0	0.000000000000e+00	2.236819070000e-01	-8.814584880000e-05	0.000000000000e+00
200	-1.580800000000e-01	0	0.000000000000e+00	2.236521290000e-01	-8.471634770000e-05	0.000000000000e+00
200	-1.571900000000e-01	0	0.000000000000e+00	2.236756750000e-01	-8.883174900000e-05	0.000000000000e+00
200	-1.563000000000e-01	0	0.000000000000e+00	2.237331550000e-01	-8.608814810000e-05	0.000000000000e+00
200	-1.554300000000e-01	0	0.000000000000e+00	2.238626580000e-01	-8.883174900000e-05	0.000000000000e+00
200	-1.546400000000e-01	0	6.103560000000e-05	2.238273390000e-01	-9.088944970000e-05	0.000000000000e+00
200	-1.538000000000e-01	0	0.000000000000e+00	2.238134880000e-01	-8.814584880000e-05	0.000000000000e+00
200	-1.529200000000e-01	0	0.000000000000e+00	2.237179190000e-01	-9.088944970000e-05	0.000000000000e+00
200	-1.520300000000e-01	0	6.103560000000e-05	2.237560080000e-01	-8.540224790000e-05	0.000000000000e+00
200	-1.511200000000e-01	0	0.000000000000e+00	2.238377270000e-01	-9.569075120000e-05	0.000000000000e+00
200	-1.502900000000e-01	0	0.000000000000e+00	2.238314940000e-01	-8.951764920000e-05	0.000000000000e+00
200	-1.494000000000e-01	0	0.000000000000e+00	2.239388360000e-01	-8.677404830000e-05	0.000000000000e+00
200	-1.486200000000e-01	0	0.000000000000e+00	2.238294160000e-01	-8.951764920000e-05	0.000000000000e+00
200	-1.477100000000e-01	0	0.000000000000e+00	2.238031000000e-01	-8.814584880000e-05	0.000000000000e+00
200	-1.468700000000e-01	0	0.000000000000e+00	2.237816320000e-01	-8.745994860000e-05	0.000000000000e+00
200	-1.459900000000e-01	0	0.000000000000e+00	2.239021320000e-01	-9.088944970000e-05	0.000000000000e+00
200	-1.451800000000e-01	0	0.000000000000e+00	2.238834330000e-01	-9.157534990000e-05	0.000000000000e+00
200	-1.443200000000e-01	0	0.000000000000e+00	2.239880050000e-01	-8.883174900000e-05	0.000000000000e+00
200	-1.434600000000e-01	0	0.000000000000e+00	2.239263700000e-01	-8.540224790000e-05	0.000000000000e+00
200	-1.425500000000e-01	0	6.103560000000e-05	2.238391120000e-01	-9.226125010000e-05	0.000000000000e+00
200	-1.417100000000e-01	0	0.000000000000e+00	2.238848190000e-01	-9.020354950000e-05	0.000000000000e+00
200	-1.408100000000e-01	0	0.000000000000e+00	2.239450690000e-01	-9.020354950000e-05	0.000000000000e+00
200	-1.400300000000e-01	0	6.103560000000e-05	2.239817730000e-01	-8.745994860000e-05	0.000000000000e+00
200	-1.391700000000e-01	0	0.000000000000e+00	2.240274800000e-01	-9.500485100000e-05	0.000000000000e+00
200	-1.382700000000e-01	0	0.000000000000e+00	2.239880050000e-01	-9.157534990000e-05	0.000000000000e+00
200	-1.373900000000e-01	0	0.000000000000e+00	2.239880050000e-01	-9.226125010000e-05	0.000000000000e+00
200	-1.365100000000e-01	0	0.000000000000e+00	2.239776170000e-01	-9.500485100000e-05	0.000000000000e+00
200	-1.357300000000e-01	0	0.000000000000e+00	2.240378680000e-01	-9.431895080000e-05	0.000000000000e+00
200	-1.348400000000e-01	0	0.000000000000e+00	2.241175080000e-01	-9.020354950000e-05	0.000000000000e+00
200	-1.339900000000e-01	0	0.000000000000e+00	2.241029650000e-01	-9.363305060000e-05	0.000000000000e+00
200	-1.331100000000e-01	0	0.000000000000e+00	2.240233240000e-01	-9.088944970000e-05	0.000000000000e+00
200	-1.322600000000e-01	0	0.000000000000e+00	2.239326030000e-01	-9.226125010000e-05	0.000000000000e+00
200	-1.313800000000e-01	0	0.000000000000e+00	2.240697240000e-01	-9.500485100000e-05	0.000000000000e+00
200	-1.306100000000e-01	0	0.000000000000e+00	2.241036580000e-01	-9.294715030000e-05	0.000000000000e+00
200	-1.297000000000e-01	0	0.000000000000e+00	2.241272040000e-01	-9.157534990000e-05	0.000000000000e+00
200	-1.288500000000e-01	0	0.000000000000e+00	2.241431320000e-01	-9.637665140000e-05	0.000000000000e+00
200	-1.279700000000e-01	0	0.000000000000e+00	2.241659850000e-01	-9.088944970000e-05	0.000000000000e+00
200	-1.271600000000e-01	0	6.103560000000e-05	2.240434080000e-01	-9.569075120000e-05	0.000000000000e+00
200	-1.262800000000e-01	0	0.000000000000e+00	2.240835740000e-01	-9.431895080000e-05	0.000000000000e+00
200	-1.254500000000e-01	0	0.000000000000e+00	2.241396690000e-01	-9.774845190000e-05	0.000000000000e+00
200	-1.245400000000e-01	0	0.000000000000e+00	2.242054600000e-01	-9.431895080000e-05	0.000000000000e+00
200	-1.236400000000e-01	0	0.000000000000e+00	2.243169570000e-01	-9.569075120000e-05	0.000000000000e+00
200	-1.227900000000e-01	0	0.000000000000e+00	2.242664020000e-01	-9.088944970000e-05	0.000000000000e+00
200	-1.219200000000e-01	0	6.103560000000e-05	2.241860690000e-01	-9.226125010000e-05	0.000000000000e+00
200	-1.211300000000e-01	0	0.000000000000e+00	2.242262350000e-01	-9.843435210000e-05	0.000000000000e+00
200	-1.202700000000e-01	0	0.000000000000e+00	2.243536610000e-01	-1.004920530000e-04	0.000000000000e+00
200	-1.193900000000e-01	0	0.000000000000e+00	2.243564310000e-01	-9.500485100000e-05	0.000000000000e+00
200	-1.184900000000e-01	0	6.103560000000e-05	2.243910570000e-01	-8.883174900000e-05	0.000000000000e+00
200	-1.177100000000e-01	0	0.000000000000e+00	2.244222210000e-01	-9.569075120000e-05	0.000000000000e+00
200	-1.168500000000e-01	0	0.000000000000e+00	2.242719420000e-01	-9.637665140000e-05	0.000000000000e+00
200	-1.159500000000e-01	0	6.103560000000e-05	2.242754050000e-01	-9.569075120000e-05	0.000000000000e+00
200	-1.150800000000e-01	0	0.000000000000e+00	2.243882870000e-01	-9.843435210000e-05	0.000000000000e+00
200	-1.142100000000e-01	0	0.000000000000e+00	2.244997840000e-01	-9.020354950000e-05	0.000000000000e+00
200	-1.133300000000e-01	0	0.000000000000e+00	2.244104480000e-01	-9.706255170000e-05	0.000000000000e+00
200	-1.125700000000e-01	0	0.000000000000e+00	2.244520000000e-01	-9.774845190000e-05	0.000000000000e+00
200	-1.116700000000e-01	0	0.000000000000e+00	2.243315000000e-01	-9.569075120000e-05	0.000000000000e+00
200	-1.108100000000e-01	0	6.103560000000e-05	2.243481210000e-01	-9.226125010000e-05	0.000000000000e+00
200	-1.099500000000e-01	0	0.000000000000e+00	2.243723590000e-01	-9.569075120000e-05	0.000000000000e+00
200	-1.090400000000e-01	0	0.000000000000e+00	2.245662670000e-01	-9.294715030000e-05	0.000000000000e+00
200	-1.082700000000e-01	0	0.000000000000e+00	2.246410600000e-01	-9.294715030000e-05	0.000000000000e+00
200	-1.073800000000e-01	0	0.000000000000e+00	2.245704220000e-01	-9.226125010000e-05	0.000000000000e+00
200	-1.064900000000e-01	0	0.000000000000e+00	2.245357960000e-01	-9.294715030000e-05	0.000000000000e+00
200	-1.056200000000e-01	0	0.000000000000e+00	2.245247160000e-01	-9.637665140000e-05	0.000000000000e+00
200	-1.047500000000e-01	0	0.000000000000e+00	2.245586490000e-01	-9.500485100000e-05	0.000000000000e+00
200	-1.038800000000e-01	0	0.000000000000e+00	2.246348280000e-01	-9.500485100000e-05	0.000000000000e+00
200	-1.030900000000e-01	0	0.000000000000e+00	2.246853820000e-01	-9.637665140000e-05	0.000000000000e+00
200	-1.022200000000e-01	0	0.000000000000e+00	2.246701470000e-01	-9.637665140000e-05	0.000000000000e+00
200	-1.013300000000e-01	0	6.103560000000e-05	2.246472930000e-01	-9.500485100000e-05	0.000000000000e+00
200	-1.004700000000e-01	0	0.000000000000e+00	2.246466010000e-01	-9.500485100000e-05	0.000000000000e+00
200	-9.967000000000e-02	0	0.000000000000e+00	2.247047730000e-01	-9.020354950000e-05	0.000000000000e+00
200	-9.881000000000e-02	0	0.000000000000e+00	2.246874600000e-01	-9.706255170000e-05	0.000000000000e+00
200	-9.795000000000e-02	0	0.000000000000e+00	2.247373220000e-01	-9.500485100000e-05	0.000000000000e+00
200	-9.704000000000e-02	0	0.000000000000e+00	2.246888450000e-01	-9.226125010000e-05	0.000000000000e+00
200	-9.618000000000e-02	0	6.103560000000e-05	2.247068510000e-01	-9.569075120000e-05	0.000000000000e+00
200	-9.530000000000e-02	0	0.000000000000e+00	2.246119740000e-01	-9.706255170000e-05	0.000000000000e+00
200	-9.454000000000e-02	0	0.000000000000e+00	2.247560200000e-01	-1.066651550000e-04	0.000000000000e+00
200	-9.363000000000e-02	0	0.000000000000e+00	2.247345520000e-01	-9.912025230000e-05	0.000000000000e+00
200	-9.278000000000e-02	0	0.000000000000e+00	2.247290120000e-01	-1.011779530000e-04	0.000000000000e+00
200	-9.191000000000e-02	0	0.000000000000e+00	2.246763790000e-01	-9.706255170000e-05	0.000000000000e+00
200	-9.101000000000e-02	0	0.000000000000e+00	2.246535260000e-01	-9.980615260000e-05	0.000000000000e+00
200	-9.022000000000e-02	0	0.000000000000e+00	2.245711150000e-01	-1.018638530000e-04	0.000000000000e+00
200	-8.937000000000e-02	0	0.000000000000e+00	2.246618360000e-01	-9.912025230000e-05	0.000000000000e+00
200	-8.849000000000e-02	0	0.000000000000e+00	2.247698710000e-01	-9.774845190000e-05	0.000000000000e+00
200	-8.758000000000e-02	0	0.000000000000e+00	2.247525580000e-01	-1.011779530000e-04	0.000000000000e+00
200	-8.672000000000e-02	0	6.103560000000e-05	2.247220860000e-01	-9.706255170000e-05	0.000000000000e+00
200	-8.582000000000e-02	0	0.000000000000e+00	2.247033880000e-01	-9.843435210000e-05	0.000000000000e+00
200	-8.505000000000e-02	0	0.000000000000e+00	2.246943850000e-01	-9.912025230000e-05	0.000000000000e+00
200	-8.417000000000e-02	0	0.000000000000e+00	2.248245810000e-01	-1.025497530000e-04	0.000000000000e+00
200	-8.331000000000e-02	0	0.000000000000e+00	2.247851070000e-01	-1.004920530000e-04	0.000000000000e+00
200	-8.244000000000e-02	0	6.103560000000e-05	2.247927240000e-01	-9.774845190000e-05	0.000000000000e+00
200	-8.153000000000e-02	0	6.103560000000e-05	2.247262420000e-01	-9.843435210000e-05	0.000000000000e+00
200	-8.069000000000e-02	0	0.000000000000e+00	2.247864920000e-01	-9.843435210000e-05	0.000000000000e+00
200	-7.992000000000e-02	0	0.000000000000e+00	2.248695950000e-01	-9.912025230000e-05	0.000000000000e+00
200	-7.900000000000e-02	0	0.000000000000e+00	2.247871840000e-01	-9.843435210000e-05	0.000000000000e+00
200	-7.813000000000e-02	0	0.000000000000e+00	2.248121150000e-01	-9.843435210000e-05	0.000000000000e+00
200	-7.726000000000e-02	0	6.103560000000e-05	2.248792900000e-01	-1.004920530000e-04	0.000000000000e+00
200	-7.636000000000e-02	0	0.000000000000e+00	2.247144690000e-01	-9.637665140000e-05	0.000000000000e+00
200	-7.559000000000e-02	0	0.000000000000e+00	2.247324740000e-01	-9.637665140000e-05	0.000000000000e+00
200	-7.470000000000e-02	0	6.103560000000e-05	2.247996500000e-01	-9.294715030000e-05	0.000000000000e+00
200	-7.384000000000e-02	0	0.000000000000e+00	2.247885690000e-01	-9.774845190000e-05	0.000000000000e+00
200	-7.292000000000e-02	0	0.000000000000e+00	2.247026960000e-01	-9.774845190000e-05	0.000000000000e+00
200	-7.208000000000e-02	0	0.000000000000e+00	2.247636380000e-01	-1.004920530000e-04	0.000000000000e+00
200	-7.130000000000e-02	0	0.000000000000e+00	2.247241640000e-01	-9.706255170000e-05	0.000000000000e+00
200	-7.043000000000e-02	0	0.000000000000e+00	2.246964630000e-01	-9.569075120000e-05	0.000000000000e+00
200	-6.956000000000e-02	0	0.000000000000e+00	2.247837210000e-01	-9.912025230000e-05	0.000000000000e+00
200	-6.865000000000e-02	0	0.000000000000e+00	2.248128080000e-01	-9.774845190000e-05	0.000000000000e+00
200	-6.780000000000e-02	0	0.000000000000e+00	2.247982650000e-01	-9.912025230000e-05	0.000000000000e+00
200	-6.700000000000e-02	0	0.000000000000e+00	2.247303970000e-01	-9.912025230000e-05	0.000000000000e+00
200	-6.615000000000e-02	0	0.000000000000e+00	2.246930000000e-01	-1.039215540000e-04	0.000000000000e+00
200	-6.525000000000e-02	0	0.000000000000e+00	2.245995090000e-01	-1.011779530000e-04	0.000000000000e+00
200	-6.436000000000e-02	0	0.000000000000e+00	2.246562960000e-01	-9.569075120000e-05	0.000000000000e+00
200	-6.348000000000e-02	0	0.000000000000e+00	2.247781810000e-01	-9.980615260000e-05	0.000000000000e+00
200	-6.272000000000e-02	0	0.000000000000e+00	2.247165460000e-01	-9.637665140000e-05	0.000000000000e+00
200	-6.188000000000e-02	0	6.103560000000e-05	2.245884280000e-01	-9.294715030000e-05	0.000000000000e+00
200	-6.098000000000e-02	0	0.000000000000e+00	2.246154370000e-01	-9.843435210000e-05	0.000000000000e+00
200	-6.009000000000e-02	0	0.000000000000e+00	2.245074020000e-01	-9.774845190000e-05	0.000000000000e+00
200	-5.920000000000e-02	0	0.000000000000e+00	2.246043560000e-01	-9.637665140000e-05	0.000000000000e+00
200	-5.837000000000e-02	0	0.000000000000e+00	2.245953540000e-01	-9.569075120000e-05	0.000000000000e+00
200	-5.758000000000e-02	0	0.000000000000e+00	2.245662670000e-01	-9.637665140000e-05	0.000000000000e+00
200	-5.671000000000e-02	0	0.000000000000e+00	2.245046320000e-01	-9.774845190000e-05	0.000000000000e+00
200	-5.580000000000e-02	0	6.103560000000e-05	2.244935520000e-01	-9.912025230000e-05	0.000000000000e+00
200	-5.493000000000e-02	0	0.000000000000e+00	2.244942440000e-01	-9.706255170000e-05	0.000000000000e+00
200	-5.403000000000e-02	0	0.000000000000e+00	2.245697300000e-01	-9.774845190000e-05	0.000000000000e+00
200	-5.320000000000e-02	0	0.000000000000e+00	2.245150200000e-01	-9.431895080000e-05	0.000000000000e+00
200	-5.240000000000e-02	0	6.103560000000e-05	2.244651580000e-01	-9.500485100000e-05	0.000000000000e+00
200	-5.150000000000e-02	0	0.000000000000e+00	2.244049080000e-01	-9.363305060000e-05	0.000000000000e+00
200	-5.067000000000e-02	0	0.000000000000e+00	2.243342700000e-01	-9.226125010000e-05	0.000000000000e+00
200	-4.979000000000e-02	0	0.000000000000e+00	2.243114170000e-01	-9.637665140000e-05	0.000000000000e+00
200	-4.888000000000e-02	0	0.000000000000e+00	2.244014450000e-01	-9.294715030000e-05	0.000000000000e+00
200	-4.809000000000e-02	0	0.000000000000e+00	2.244062930000e-01	-9.226125010000e-05	0.000000000000e+00
200	-4.726000000000e-02	0	0.000000000000e+00	2.243688960000e-01	-9.157534990000e-05	0.000000000000e+00
200	-4.636000000000e-02	0	6.103560000000e-05	2.243176490000e-01	-9.294715030000e-05	0.000000000000e+00
200	-4.549000000000e-02	0	0.000000000000e+00	2.241348220000e-01	-8.883174900000e-05	0.000000000000e+00
200	-4.458000000000e-02	0	0.000000000000e+00	2.241486720000e-01	-9.020354950000e-05	0.000000000000e+00
200	-4.375000000000e-02	0	0.000000000000e+00	2.242643250000e-01	-9.500485100000e-05	0.000000000000e+00
200	-4.295000000000e-02	0	0.000000000000e+00	2.242892560000e-01	-9.500485100000e-05	0.000000000000e+00
200	-4.207000000000e-02	0	0.000000000000e+00	2.242151550000e-01	-9.706255170000e-05	0.000000000000e+00
200	-4.118000000000e-02	0	6.103560000000e-05	2.240849590000e-01	-9.569075120000e-05	0.000000000000e+00
200	-4.034000000000e-02	0	0.000000000000e+00	2.240170920000e-01	-9.637665140000e-05	0.000000000000e+00
200	-3.943000000000e-02	0	6.103560000000e-05	2.240946550000e-01	-9.363305060000e-05	0.000000000000e+00
200	-3.866000000000e-02	0	0.000000000000e+00	2.241777580000e-01	-9.088944970000e-05	0.000000000000e+00
200	-3.781000000000e-02	0	0.000000000000e+00	2.241874540000e-01	-9.363305060000e-05	0.000000000000e+00
200	-3.690000000000e-02	0	6.103560000000e-05	2.240738790000e-01	-9.569075120000e-05	0.000000000000e+00
200	-3.602000000000e-02	0	6.103560000000e-05	2.240711090000e-01	-9.088944970000e-05	0.000000000000e+00
200	-3.516000000000e-02	0	0.000000000000e+00	2.239776170000e-01	-9.363305060000e-05	0.000000000000e+00
200	-3.430000000000e-02	0	0.000000000000e+00	2.240537960000e-01	-9.294715030000e-05	0.000000000000e+00
200	-3.351000000000e-02	0	0.000000000000e+00	2.240371750000e-01	-9.157534990000e-05	0.000000000000e+00
200	-3.261000000000e-02	0	6.103560000000e-05	2.239381430000e-01	-9.569075120000e-05	0.000000000000e+00
200	-3.177000000000e-02	0	0.000000000000e+00	2.239457610000e-01	-8.814584880000e-05	0.000000000000e+00
200	-3.085000000000e-02	0	0.000000000000e+00	2.239367580000e-01	-9.226125010000e-05	0.000000000000e+00
200	-2.999000000000e-02	0	0.000000000000e+00	2.239374510000e-01	-9.500485100000e-05	0.000000000000e+00
200	-2.920000000000e-02	0	6.103560000000e-05	2.238931290000e-01	-9.294715030000e-05	0.000000000000e+00
200	-2.834000000000e-02	0	6.103560000000e-05	2.239471460000e-01	-9.294715030000e-05	0.000000000000e+00
200	-2.744000000000e-02	0	6.103560000000e-05	2.239069790000e-01	-9.500485100000e-05	0.000000000000e+00
200	-2.658000000000e-02	0	0.000000000000e+00	2.238896660000e-01	-9.363305060000e-05	0.000000000000e+00
200	-2.570000000000e-02	0	0.000000000000e+00	2.238446520000e-01	-9.500485100000e-05	0.000000000000e+00
200	-2.483000000000e-02	0	0.000000000000e+00	2.238342640000e-01	-9.363305060000e-05	0.000000000000e+00
200	-2.405000000000e-02	0	0.000000000000e+00	2.239658440000e-01	-9.431895080000e-05	0.000000000000e+00
200	-2.317000000000e-02	0	6.103560000000e-05	2.238910510000e-01	-9.431895080000e-05	0.000000000000e+00
200	-2.229000000000e-02	0	6.103560000000e-05	2.237719360000e-01	-9.157534990000e-05	0.000000000000e+00
200	-2.140000000000e-02	0	6.103560000000e-05	2.236500510000e-01	-9.294715030000e-05	0.000000000000e+00
200	-2.052000000000e-02	0	0.000000000000e+00	2.237795540000e-01	-9.363305060000e-05	0.000000000000e+00
200	-1.964000000000e-02	0	0.000000000000e+00	2.237324620000e-01	-9.500485100000e-05	0.000000000000e+00
200	-1.888000000000e-02	0	6.103560000000e-05	2.237497750000e-01	-9.020354950000e-05	0.000000000000e+00
200	-1.801000000000e-02	0	6.103560000000e-05	2.237643180000e-01	-9.569075120000e-05	0.000000000000e+00
200	-1.713000000000e-02	0	0.000000000000e+00	2.236756750000e-01	-9.363305060000e-05	0.000000000000e+00
200	-1.623000000000e-02	0	0.000000000000e+00	2.236881400000e-01	-9.569075120000e-05	0.000000000000e+00
200	-1.545000000000e-02	0	6.103560000000e-05	2.237774770000e-01	-9.637665140000e-05	0.000000000000e+00
200	-1.456000000000e-02	0	0.000000000000e+00	2.237989450000e-01	-9.088944970000e-05	0.000000000000e+00
200	-1.370000000000e-02	0	6.103560000000e-05	2.237913270000e-01	-9.431895080000e-05	0.000000000000e+00
200	-1.285000000000e-02	0	0.000000000000e+00	2.236888330000e-01	-9.363305060000e-05	0.000000000000e+00
200	-1.194000000000e-02	0	0.000000000000e+00	2.237033760000e-01	-9.637665140000e-05	0.000000000000e+00
200	-1.107000000000e-02	0	0.000000000000e+00	2.237040680000e-01	-9.431895080000e-05	0.000000000000e+00
200	-1.018000000000e-02	0	0.000000000000e+00	2.236493590000e-01	-9.431895080000e-05	0.000000000000e+00
200	-9.380000000000e-03	0	0.000000000000e+00	2.237206890000e-01	-9.226125010000e-05	0.000000000000e+00
200	-8.530000000000e-03	0	6.103560000000e-05	2.237850940000e-01	-9.706255170000e-05	0.000000000000e+00
200	-7.660000000000e-03	0	0.000000000000e+00	2.237567010000e-01	-9.020354950000e-05	0.000000000000e+00
200	-6.760000000000e-03	0	0.000000000000e+00	2.236458960000e-01	-9.363305060000e-05	0.000000000000e+00
200	-5.990000000000e-03	0	0.000000000000e+00	2.236846780000e-01	-9.226125010000e-05	0.000000000000e+00
200	-5.140000000000e-03	0	0.000000000000e+00	2.237289990000e-01	-9.363305060000e-05	0.000000000000e+00
200	-4.270000000000e-03	0	0.000000000000e+00	2.237393870000e-01	-9.363305060000e-05	0.000000000000e+00
200	-3.360000000000e-03	0	0.000000000000e+00	2.237227670000e-01	-9.363305060000e-05	0.000000000000e+00
200	-2.500000000000e-03	0	0.000000000000e+00	2.237123790000e-01	-9.431895080000e-05	0.000000000000e+00
200	-1.640000000000e-03	0	0.000000000000e+00	2.235807980000e-01	-9.020354950000e-05	0.000000000000e+00
200	-8.500000000000e-04	0	0.000000000000e+00	2.235600220000e-01	-9.363305060000e-05	0.000000000000e+00
200	2.000000000000e-05	0	0.000000000000e+00	2.235537900000e-01	-9.363305060000e-05	0.000000000000e+00
200	9.300000000000e-04	0	0.000000000000e+00	2.236098840000e-01	-9.294715030000e-05	0.000000000000e+00
200	1.810000000000e-03	0	6.103560000000e-05	2.236195800000e-01	-9.569075120000e-05	0.000000000000e+00
200	2.700000000000e-03	0	6.103560000000e-05	2.235953410000e-01	-9.500485100000e-05	0.000000000000e+00
200	3.460000000000e-03	0	6.103560000000e-05	2.234325970000e-01	-9.569075120000e-05	0.000000000000e+00
200	4.320000000000e-03	0	0.000000000000e+00	2.234125140000e-01	-9.294715030000e-05	0.000000000000e+00
200	5.220000000000e-03	0	0.000000000000e+00	2.235073900000e-01	-8.745994860000e-05	0.000000000000e+00
200	6.090000000000e-03	0	0.000000000000e+00	2.234983870000e-01	-8.677404830000e-05	0.000000000000e+00
200	6.990000000000e-03	0	0.000000000000e+00	2.234277490000e-01	-9.226125010000e-05	0.000000000000e+00
200	7.820000000000e-03	0	0.000000000000e+00	2.232650050000e-01	-9.020354950000e-05	0.000000000000e+00
200	8.610000000000e-03	0	0.000000000000e+00	2.232670820000e-01	-9.569075120000e-05	0.000000000000e+00
200	9.500000000000e-03	0	0.000000000000e+00	2.233882750000e-01	-8.745994860000e-05	0.000000000000e+00
200	1.037000000000e-02	0	0.000000000000e+00	2.233834270000e-01	-8.814584880000e-05	0.000000000000e+00
200	1.123000000000e-02	0	0.000000000000e+00	2.233100190000e-01	-9.088944970000e-05	0.000000000000e+00
200	1.214000000000e-02	0	0.000000000000e+00	2.233744250000e-01	-9.020354950000e-05	0.000000000000e+00
200	1.291000000000e-02	0	6.103560000000e-05	2.231735910000e-01	-8.608814810000e-05	0.000000000000e+00
200	1.379000000000e-02	0	0.000000000000e+00	2.231174960000e-01	-8.814584880000e-05	0.000000000000e+00
200	1.466000000000e-02	0	0.000000000000e+00	2.231542000000e-01	-9.226125010000e-05	0.000000000000e+00
200	1.554000000000e-02	0	0.000000000000e+00	2.232172200000e-01	-9.020354950000e-05	0.000000000000e+00
200	1.640000000000e-02	0	0.000000000000e+00	2.231500450000e-01	-8.883174900000e-05	0.000000000000e+00
200	1.730000000000e-02	0	6.103560000000e-05	2.232123730000e-01	-9.020354950000e-05	0.000000000000e+00
200	1.807000000000e-02	0	0.000000000000e+00	2.231078010000e-01	-9.088944970000e-05	0.000000000000e+00
200	1.894000000000e-02	0	0.000000000000e+00	2.230046140000e-01	-9.088944970000e-05	0.000000000000e+00
200	1.983000000000e-02	0	0.000000000000e+00	2.230392400000e-01	-9.637665140000e-05	0.000000000000e+00
200	2.073000000000e-02	0	0.000000000000e+00	2.231313470000e-01	-9.363305060000e-05	0.000000000000e+00
200	2.160000000000e-02	0	0.000000000000e+00	2.231168040000e-01	-9.157534990000e-05	0.000000000000e+00
200	2.245000000000e-02	0	0.000000000000e+00	2.228453320000e-01	-8.951764920000e-05	0.000000000000e+00
200	2.323000000000e-02	0	0.000000000000e+00	2.227421450000e-01	-9.363305060000e-05	0.000000000000e+00
200	2.411000000000e-02	0	0.000000000000e+00	2.227705390000e-01	-9.020354950000e-05	0.000000000000e+00
200	2.499000000000e-02	0	0.000000000000e+00	2.227608440000e-01	-8.951764920000e-05	0.000000000000e+00
200	2.583000000000e-02	0	0.000000000000e+00	2.227421450000e-01	-8.677404830000e-05	0.000000000000e+00
200	2.676000000000e-02	0	0.000000000000e+00	2.227269100000e-01	-9.088944970000e-05	0.000000000000e+00
200	2.753000000000e-02	0	6.103560000000e-05	2.226389580000e-01	-8.745994860000e-05	0.000000000000e+00
200	2.841000000000e-02	0	0.000000000000e+00	2.225468520000e-01	-8.608814810000e-05	0.000000000000e+00
200	2.928000000000e-02	0	0.000000000000e+00	2.224221970000e-01	-9.020354950000e-05	0.000000000000e+00
200	3.015000000000e-02	0	0.000000000000e+00	2.224824470000e-01	-9.226125010000e-05	0.000000000000e+00
200	3.104000000000e-02	0	0.000000000000e+00	2.224041910000e-01	-8.951764920000e-05	0.000000000000e+00
200	3.191000000000e-02	0	0.000000000000e+00	2.223584840000e-01	-9.569075120000e-05	0.000000000000e+00
200	3.269000000000e-02	0	6.103560000000e-05	2.222982340000e-01	-9.431895080000e-05	0.000000000000e+00
200	3.355000000000e-02	0	0.000000000000e+00	2.222982340000e-01	-9.294715030000e-05	0.000000000000e+00
200	3.443000000000e-02	0	0.000000000000e+00	2.222282890000e-01	-9.226125010000e-05	0.000000000000e+00
200	3.533000000000e-02	0	0.000000000000e+00	2.220558490000e-01	-9.774845190000e-05	0.000000000000e+00
200	3.611000000000e-02	0	0.000000000000e+00	2.224713660000e-01	-9.088944970000e-05	0.000000000000e+00
200	3.697000000000e-02	0	0.000000000000e+00	2.224900650000e-01	-9.774845190000e-05	0.000000000000e+00
200	3.782000000000e-02	0	0.000000000000e+00	2.224568230000e-01	-9.843435210000e-05	0.000000000000e+00
200	3.874000000000e-02	0	0.000000000000e+00	2.224720590000e-01	-9.500485100000e-05	0.000000000000e+00
200	3.963000000000e-02	0	0.000000000000e+00	2.226728920000e-01	-9.500485100000e-05	0.000000000000e+00
200	4.049000000000e-02	0	0.000000000000e+00	2.227933930000e-01	-9.226125010000e-05	0.000000000000e+00
200	4.135000000000e-02	0	0.000000000000e+00	2.228065510000e-01	-9.088944970000e-05	0.000000000000e+00
200	4.216000000000e-02	0	0.000000000000e+00	2.227927000000e-01	-9.431895080000e-05	0.000000000000e+00
200	4.303000000000e-02	0	0.000000000000e+00	2.229755280000e-01	-9.912025230000e-05	0.000000000000e+00
200	4.391000000000e-02	0	0.000000000000e+00	2.234471400000e-01	-9.157534990000e-05	0.000000000000e+00
200	4.480000000000e-02	0	0.000000000000e+00	2.235849530000e-01	-9.088944970000e-05	0.000000000000e+00
200	4.555000000000e-02	0	0.000000000000e+00	2.236265050000e-01	-9.226125010000e-05	0.000000000000e+00
200	4.642000000000e-02	0	0.000000000000e+00	2.237608560000e-01	-9.569075120000e-05	0.000000000000e+00
200	4.731000000000e-02	0	0.000000000000e+00	2.237830170000e-01	-9.157534990000e-05	0.000000000000e+00
200	4.819000000000e-02	0	6.103560000000e-05	2.237241520000e-01	-9.637665140000e-05	0.000000000000e+00
200	4.906000000000e-02	0	6.103560000000e-05	2.238134880000e-01	-9.020354950000e-05	0.000000000000e+00
200	4.995000000000e-02	0	0.000000000000e+00	2.238668130000e-01	-9.020354950000e-05	0.000000000000e+00
200	5.073000000000e-02	0	0.000000000000e+00	2.240295570000e-01	-9.500485100000e-05	0.000000000000e+00
200	5.157000000000e-02	0	0.000000000000e+00	2.240558730000e-01	-9.431895080000e-05	0.000000000000e+00
200	5.247000000000e-02	0	6.103560000000e-05	2.240143220000e-01	-9.500485100000e-05	0.000000000000e+00
200	5.334000000000e-02	0	0.000000000000e+00	2.253723710000e-01	-9.363305060000e-05	0.000000000000e+00
200	5.423000000000e-02	0	0.000000000000e+00	2.254111530000e-01	-9.637665140000e-05	0.000000000000e+00
200	5.510000000000e-02	0	0.000000000000e+00	2.255032590000e-01	-9.157534990000e-05	0.000000000000e+00
200	5.597000000000e-02	0	0.000000000000e+00	2.254707100000e-01	-9.157534990000e-05	0.000000000000e+00
200	5.677000000000e-02	0	0.000000000000e+00	2.254630930000e-01	-9.294715030000e-05	0.000000000000e+00
200	5.768000000000e-02	0	6.103560000000e-05	2.253384370000e-01	-9.226125010000e-05	0.000000000000e+00
200	5.850000000000e-02	0	0.000000000000e+00	2.253633680000e-01	-9.431895080000e-05	0.000000000000e+00
200	5.942000000000e-02	0	0.000000000000e+00	2.254007650000e-01	-9.226125010000e-05	0.000000000000e+00
200	6.019000000000e-02	0	0.000000000000e+00	2.254734810000e-01	-9.431895080000e-05	0.000000000000e+00
200	6.106000000000e-02	0	6.103560000000e-05	2.253605980000e-01	-9.569075120000e-05	0.000000000000e+00
200	6.193000000000e-02	0	6.103560000000e-05	2.252567190000e-01	-9.363305060000e-05	0.000000000000e+00
200	6.281000000000e-02	0	0.000000000000e+00	2.253079660000e-01	-9.912025230000e-05	0.000000000000e+00
200	6.369000000000e-02	0	0.000000000000e+00	2.252601820000e-01	-9.774845190000e-05	0.000000000000e+00
200	6.456000000000e-02	0	0.000000000000e+00	2.252878830000e-01	-9.774845190000e-05	0.000000000000e+00
200	6.545000000000e-02	0	0.000000000000e+00	2.253786040000e-01	-9.500485100000e-05	0.000000000000e+00
200	6.623000000000e-02	0	0.000000000000e+00	2.252844200000e-01	-9.637665140000e-05	0.000000000000e+00
200	6.713000000000e-02	0	0.000000000000e+00	2.252387130000e-01	-9.774845190000e-05	0.000000000000e+00
200	6.796000000000e-02	0	0.000000000000e+00	2.251881590000e-01	-9.431895080000e-05	0.000000000000e+00
200	6.887000000000e-02	0	0.000000000000e+00	2.251743080000e-01	-9.706255170000e-05	0.000000000000e+00
200	6.963000000000e-02	0	0.000000000000e+00	2.251812330000e-01	-9.843435210000e-05	0.000000000000e+00
200	7.051000000000e-02	0	0.000000000000e+00	2.252366360000e-01	-9.431895080000e-05	0.000000000000e+00
200	7.139000000000e-02	0	0.000000000000e+00	2.252518710000e-01	-9.431895080000e-05	0.000000000000e+00
200	7.229000000000e-02	0	0.000000000000e+00	2.250863570000e-01	-9.226125010000e-05	0.000000000000e+00
200	7.316000000000e-02	0	0.000000000000e+00	2.250835870000e-01	-9.569075120000e-05	0.000000000000e+00
200	7.403000000000e-02	0	0.000000000000e+00	2.250884340000e-01	-9.226125010000e-05	0.000000000000e+00
200	7.480000000000e-02	0	0.000000000000e+00	2.250607330000e-01	-9.843435210000e-05	0.000000000000e+00
200	7.568000000000e-02	0	0.000000000000e+00	2.251556100000e-01	-9.363305060000e-05	0.000000000000e+00
200	7.656000000000e-02	0	0.000000000000e+00	2.250995150000e-01	-9.843435210000e-05	0.000000000000e+00
200	7.746000000000e-02	0	0.000000000000e+00	2.250358020000e-01	-9.569075120000e-05	0.000000000000e+00
200	7.823000000000e-02	0	0.000000000000e+00	2.250129490000e-01	-9.500485100000e-05	0.000000000000e+00
200	7.907000000000e-02	0	0.000000000000e+00	2.249887100000e-01	-9.843435210000e-05	0.000000000000e+00
200	7.997000000000e-02	0	0.000000000000e+00	2.249173800000e-01	-9.500485100000e-05	0.000000000000e+00
200	8.085000000000e-02	0	0.000000000000e+00	2.249824770000e-01	-9.569075120000e-05	0.000000000000e+00
200	8.172000000000e-02	0	0.000000000000e+00	2.249907880000e-01	-9.706255170000e-05	0.000000000000e+00
200	8.260000000000e-02	0	0.000000000000e+00	2.248966040000e-01	-9.500485100000e-05	0.000000000000e+00
200	8.345000000000e-02	0	0.000000000000e+00	2.247317820000e-01	-9.569075120000e-05	0.000000000000e+00
200	8.427000000000e-02	0	0.000000000000e+00	2.246874600000e-01	-9.774845190000e-05	0.000000000000e+00
200	8.514000000000e-02	0	0.000000000000e+00	2.247234710000e-01	-1.011779530000e-04	0.000000000000e+00
200	8.601000000000e-02	0	0.000000000000e+00	2.247574050000e-01	-9.843435210000e-05	0.000000000000e+00
200	8.687000000000e-02	0	0.000000000000e+00	2.247941090000e-01	-9.980615260000e-05	0.000000000000e+00
200	8.765000000000e-02	0	0.000000000000e+00	2.247774890000e-01	-9.500485100000e-05	0.000000000000e+00
200	8.854000000000e-02	0	0.000000000000e+00	2.247033880000e-01	-9.569075120000e-05	0.000000000000e+00
200	8.940000000000e-02	0	0.000000000000e+00	2.246175140000e-01	-9.500485100000e-05	0.000000000000e+00
200	9.030000000000e-02	0	0.000000000000e+00	2.246292870000e-01	-9.294715030000e-05	0.000000000000e+00
200	9.117000000000e-02	0	0.000000000000e+00	2.245579570000e-01	-9.980615260000e-05	0.000000000000e+00
200	9.206000000000e-02	0	0.000000000000e+00	2.246147440000e-01	-9.706255170000e-05	0.000000000000e+00
200	9.282000000000e-02	0	0.000000000000e+00	2.246299800000e-01	-9.774845190000e-05	0.000000000000e+00
200	9.372000000000e-02	0	6.103560000000e-05	2.246569890000e-01	-9.912025230000e-05	0.000000000000e+00
200	9.460000000000e-02	0	0.000000000000e+00	2.245482620000e-01	-9.294715030000e-05	0.000000000000e+00
200	9.545000000000e-02	0	0.000000000000e+00	2.245884280000e-01	-9.500485100000e-05	0.000000000000e+00
200	9.636000000000e-02	0	0.000000000000e+00	2.246625290000e-01	-9.980615260000e-05	0.000000000000e+00
200	9.714000000000e-02	0	0.000000000000e+00	2.246479860000e-01	-9.774845190000e-05	0.000000000000e+00
200	9.800000000000e-02	0	0.000000000000e+00	2.245212530000e-01	-9.774845190000e-05	0.000000000000e+00
200	9.887000000000e-02	0	0.000000000000e+00	2.244776240000e-01	-9.706255170000e-05	0.000000000000e+00
200	9.975000000000e-02	0	6.103560000000e-05	2.244284540000e-01	-9.157534990000e-05	0.000000000000e+00
200	1.006200000000e-01	0	0.000000000000e+00	2.244042150000e-01	-9.569075120000e-05	0.000000000000e+00
200	1.015000000000e-01	0	0.000000000000e+00	2.244526920000e-01	-9.774845190000e-05	0.000000000000e+00
200	1.022900000000e-01	0	0.000000000000e+00	2.244748530000e-01	-9.980615260000e-05	0.000000000000e+00
200	1.031600000000e-01	0	0.000000000000e+00	2.243439650000e-01	-9.843435210000e-05	0.000000000000e+00
200	1.040300000000e-01	0	0.000000000000e+00	2.242303910000e-01	-1.004920530000e-04	0.000000000000e+00
200	1.049400000000e-01	0	0.000000000000e+00	2.242380080000e-01	-9.569075120000e-05	0.000000000000e+00
200	1.056900000000e-01	0	0.000000000000e+00	2.242019970000e-01	-9.912025230000e-05	0.000000000000e+00
200	1.065900000000e-01	0	0.000000000000e+00	2.242553220000e-01	-9.088944970000e-05	0.000000000000e+00
200	1.074500000000e-01	0	0.000000000000e+00	2.242636320000e-01	-9.294715030000e-05	0.000000000000e+00
200	1.083600000000e-01	0	0.000000000000e+00	2.241639080000e-01	-1.046074540000e-04	0.000000000000e+00
200	1.092300000000e-01	0	0.000000000000e+00	2.241368990000e-01	-9.774845190000e-05	0.000000000000e+00
200	1.100800000000e-01	0	6.103560000000e-05	2.239970080000e-01	-9.637665140000e-05	0.000000000000e+00
200	1.108600000000e-01	0	0.000000000000e+00	2.240814970000e-01	-9.980615260000e-05	0.000000000000e+00
200	1.117200000000e-01	0	0.000000000000e+00	2.240884220000e-01	-9.843435210000e-05	0.000000000000e+00
200	1.126100000000e-01	0	0.000000000000e+00	2.240420230000e-01	-9.294715030000e-05	0.000000000000e+00
200	1.134700000000e-01	0	0.000000000000e+00	2.239111350000e-01	-9.912025230000e-05	0.000000000000e+00
200	1.144000000000e-01	0	6.103560000000e-05	2.238598870000e-01	-1.018638530000e-04	0.000000000000e+00
200	1.151500000000e-01	0	0.000000000000e+00	2.238252610000e-01	-9.637665140000e-05	0.000000000000e+00
200	1.160300000000e-01	0	0.000000000000e+00	2.238647350000e-01	-9.431895080000e-05	0.000000000000e+00
200	1.169200000000e-01	0	0.000000000000e+00	2.238778930000e-01	-9.363305060000e-05	0.000000000000e+00
200	1.177700000000e-01	0	0.000000000000e+00	2.238765080000e-01	-9.363305060000e-05	0.000000000000e+00
200	1.186700000000e-01	0	6.103560000000e-05	2.237899420000e-01	-9.431895080000e-05	0.000000000000e+00
200	1.195200000000e-01	0	0.000000000000e+00	2.237068390000e-01	-9.637665140000e-05	0.000000000000e+00
200	1.203500000000e-01	0	0.000000000000e+00	2.236846780000e-01	-9.294715030000e-05	0.000000000000e+00
200	1.212100000000e-01	0	6.103560000000e-05	2.237123790000e-01	-9.157534990000e-05	0.000000000000e+00
200	1.220500000000e-01	0	0.000000000000e+00	2.235655630000e-01	-9.363305060000e-05	0.000000000000e+00
200	1.229600000000e-01	0	0.000000000000e+00	2.235586370000e-01	-9.912025230000e-05	0.000000000000e+00
200	1.237400000000e-01	0	0.000000000000e+00	2.236632090000e-01	-9.226125010000e-05	0.000000000000e+00
200	1.246200000000e-01	0	0.000000000000e+00	2.234803810000e-01	-9.637665140000e-05	0.000000000000e+00
200	1.254900000000e-01	0	0.000000000000e+00	2.234817670000e-01	-9.706255170000e-05	0.000000000000e+00
200	1.263500000000e-01	0	0.000000000000e+00	2.234111290000e-01	-9.912025230000e-05	0.000000000000e+00
200	1.272300000000e-01	0	0.000000000000e+00	2.234388300000e-01	-9.431895080000e-05	0.000000000000e+00
200	1.281100000000e-01	0	6.103560000000e-05	2.235170860000e-01	-9.294715030000e-05	0.000000000000e+00
200	1.290000000000e-01	0	6.103560000000e-05	2.234152840000e-01	-9.500485100000e-05	0.000000000000e+00
200	1.297800000000e-01	0	0.000000000000e+00	2.233564190000e-01	-9.500485100000e-05	0.000000000000e+00
200	1.306300000000e-01	0	6.103560000000e-05	2.233051720000e-01	-9.431895080000e-05	0.000000000000e+00
200	1.315300000000e-01	0	0.000000000000e+00	2.232331490000e-01	-9.294715030000e-05	0.000000000000e+00
200	1.324300000000e-01	0	0.000000000000e+00	2.234118210000e-01	-9.500485100000e-05	0.000000000000e+00
200	1.332800000000e-01	0	0.000000000000e+00	2.233972780000e-01	-9.226125010000e-05	0.000000000000e+00
200	1.340500000000e-01	0	0.000000000000e+00	2.233661140000e-01	-9.843435210000e-05	0.000000000000e+00
200	1.349400000000e-01	0	0.000000000000e+00	2.233584960000e-01	-1.018638530000e-04	0.000000000000e+00
200	1.358200000000e-01	0	0.000000000000e+00	2.231971370000e-01	-1.032356540000e-04	0.000000000000e+00
200	1.366900000000e-01	0	0.000000000000e+00	2.232428440000e-01	-9.774845190000e-05	0.000000000000e+00
200	1.375900000000e-01	0	0.000000000000e+00	2.231978300000e-01	-9.637665140000e-05	0.000000000000e+00
200	1.383800000000e-01	0	0.000000000000e+00	2.232760850000e-01	-9.363305060000e-05	0.000000000000e+00
200	1.392300000000e-01	0	0.000000000000e+00	2.232379960000e-01	-9.774845190000e-05	0.000000000000e+00
200	1.401100000000e-01	0	0.000000000000e+00	2.233217920000e-01	-1.004920530000e-04	0.000000000000e+00
200	1.409700000000e-01	0	0.000000000000e+00	2.231500450000e-01	-9.431895080000e-05	0.000000000000e+00
200	1.418600000000e-01	0	0.000000000000e+00	2.231230360000e-01	-9.912025230000e-05	0.000000000000e+00
200	1.426400000000e-01	0	0.000000000000e+00	2.231514300000e-01	-9.980615260000e-05	0.000000000000e+00
200	1.434800000000e-01	0	0.000000000000e+00	2.231763610000e-01	-1.004920530000e-04	0.000000000000e+00
200	1.444000000000e-01	0	0.000000000000e+00	2.232622350000e-01	-9.774845190000e-05	0.000000000000e+00
200	1.452600000000e-01	0	0.000000000000e+00	2.232760850000e-01	-9.912025230000e-05	0.000000000000e+00
200	1.461600000000e-01	0	0.000000000000e+00	2.231853640000e-01	-9.431895080000e-05	0.000000000000e+00
200	1.470300000000e-01	0	0.000000000000e+00	2.230274670000e-01	-9.980615260000e-05	0.000000000000e+00
200	1.478200000000e-01	0	0.000000000000e+00	2.229900710000e-01	-9.912025230000e-05	0.000000000000e+00
200	1.486900000000e-01	0	0.000000000000e+00	2.230163870000e-01	-9.912025230000e-05	0.000000000000e+00
200	1.495700000000e-01	0	0.000000000000e+00	2.230676340000e-01	-9.774845190000e-05	0.000000000000e+00
200	1.504700000000e-01	0	0.000000000000e+00	2.230731740000e-01	-9.843435210000e-05	0.000000000000e+00
200	1.512500000000e-01	0	0.000000000000e+00	2.229976890000e-01	-9.843435210000e-05	0.000000000000e+00
200	1.521000000000e-01	0	0.000000000000e+00	2.228813440000e-01	-1.025497530000e-04	0.000000000000e+00
200	1.529600000000e-01	0	0.000000000000e+00	2.228958870000e-01	-9.774845190000e-05	0.000000000000e+00
200	1.538700000000e-01	0	0.000000000000e+00	2.228681860000e-01	-9.980615260000e-05	0.000000000000e+00
200	1.547300000000e-01	0	0.000000000000e+00	2.229277430000e-01	-1.032356540000e-04	0.000000000000e+00
200	1.556300000000e-01	0	0.000000000000e+00	2.229852230000e-01	-9.569075120000e-05	0.000000000000e+00
200	1.563800000000e-01	0	0.000000000000e+00	2.227878520000e-01	-1.011779530000e-04	0.000000000000e+00
200	1.572400000000e-01	0	6.103560000000e-05	2.227331420000e-01	-1.039215540000e-04	0.000000000000e+00
200	1.581300000000e-01	0	0.000000000000e+00	2.227830050000e-01	-9.912025230000e-05	0.000000000000e+00
200	1.590000000000e-01	0	0.000000000000e+00	2.227684610000e-01	-1.025497530000e-04	0.000000000000e+00
200	1.598100000000e-01	0	0.000000000000e+00	2.228356370000e-01	-9.706255170000e-05	0.000000000000e+00
200	1.606500000000e-01	0	0.000000000000e+00	2.228432550000e-01	-9.843435210000e-05	0.000000000000e+00
200	1.615400000000e-01	0	0.000000000000e+00	2.227760790000e-01	-1.011779530000e-04	0.000000000000e+00
200	1.624100000000e-01	0	0.000000000000e+00	2.226625040000e-01	-1.004920530000e-04	0.000000000000e+00
200	1.633200000000e-01	0	0.000000000000e+00	2.226611190000e-01	-9.912025230000e-05	0.000000000000e+00
200	1.641900000000e-01	0	0.000000000000e+00	2.226694300000e-01	-9.637665140000e-05	0.000000000000e+00
200	1.650600000000e-01	0	0.000000000000e+00	2.226216450000e-01	-9.912025230000e-05	0.000000000000e+00
200	1.658700000000e-01	0	0.000000000000e+00	2.226244150000e-01	-9.980615260000e-05	0.000000000000e+00
200	1.667300000000e-01	0	0.000000000000e+00	2.225821710000e-01	-9.774845190000e-05	0.000000000000e+00
200	1.675700000000e-01	0	6.103560000000e-05	2.224658260000e-01	-1.004920530000e-04	0.000000000000e+00
200	1.684900000000e-01	0	0.000000000000e+00	2.224637490000e-01	-1.032356540000e-04	0.000000000000e+00
200	1.692400000000e-01	0	0.000000000000e+00	2.224575160000e-01	-9.843435210000e-05	0.000000000000e+00
200	1.701300000000e-01	0	0.000000000000e+00	2.223335530000e-01	-1.025497530000e-04	0.000000000000e+00
200	1.710000000000e-01	0	0.000000000000e+00	2.224159640000e-01	-9.980615260000e-05	0.000000000000e+00
200	1.719000000000e-01	0	0.000000000000e+00	2.223557140000e-01	-1.039215540000e-04	0.000000000000e+00
200	1.727600000000e-01	0	0.000000000000e+00	2.222878460000e-01	-1.032356540000e-04	0.000000000000e+00
200	1.736700000000e-01	0	0.000000000000e+00	2.221465700000e-01	-1.059792550000e-04	0.000000000000e+00
200	1.744100000000e-01	0	0.000000000000e+00	2.221881220000e-01	-9.980615260000e-05	0.000000000000e+00
200	1.752900000000e-01	0	0.000000000000e+00	2.221936620000e-01	-1.018638530000e-04	0.000000000000e+00
200	1.761700000000e-01	0	0.000000000000e+00	2.221251020000e-01	-9.980615260000e-05	0.000000000000e+00
200	1.770500000000e-01	0	0.000000000000e+00	2.220461530000e-01	-1.052933540000e-04	0.000000000000e+00
200	1.779500000000e-01	0	0.000000000000e+00	2.219727450000e-01	-1.059792550000e-04	0.000000000000e+00
200	1.787000000000e-01	0	0.000000000000e+00	2.220406130000e-01	-1.011779530000e-04	0.000000000000e+00
200	1.795700000000e-01	0	0.000000000000e+00	2.219547400000e-01	-1.004920530000e-04	0.000000000000e+00
200	1.804500000000e-01	0	0.000000000000e+00	2.219990620000e-01	-1.025497530000e-04	0.000000000000e+00
200	1.813600000000e-01	0	0.000000000000e+00	2.219886740000e-01	-1.018638530000e-04	0.000000000000e+00
200	1.822000000000e-01	0	0.000000000000e+00	2.218176190000e-01	-1.039215540000e-04	0.000000000000e+00
200	1.830900000000e-01	0	0.000000000000e+00	2.217130470000e-01	-1.052933540000e-04	0.000000000000e+00
200	1.839000000000e-01	0	0.000000000000e+00	2.216382540000e-01	-1.025497530000e-04	0.000000000000e+00
200	1.847600000000e-01	0	0.000000000000e+00	2.216174780000e-01	-1.032356540000e-04	0.000000000000e+00
200	1.856200000000e-01	0	0.000000000000e+00	2.216846530000e-01	-1.039215540000e-04	0.000000000000e+00
200	1.865200000000e-01	0	0.000000000000e+00	2.216694180000e-01	-1.018638530000e-04	0.000000000000e+00
200	1.872700000000e-01	0	6.103560000000e-05	2.214900530000e-01	-1.039215540000e-04	0.000000000000e+00
200	1.881400000000e-01	0	6.103560000000e-05	2.214436530000e-01	-1.018638530000e-04	0.000000000000e+00
200	1.890600000000e-01	0	0.000000000000e+00	2.214353430000e-01	-1.059792550000e-04	0.000000000000e+00
200	1.899500000000e-01	0	0.000000000000e+00	2.213397740000e-01	-1.011779530000e-04	0.000000000000e+00
200	1.908100000000e-01	0	0.000000000000e+00	2.213903280000e-01	-1.046074540000e-04	0.000000000000e+00
200	1.917100000000e-01	0	0.000000000000e+00	2.212968370000e-01	-1.018638530000e-04	0.000000000000e+00
200	1.924300000000e-01	0	0.000000000000e+00	2.212483600000e-01	-9.980615260000e-05	0.000000000000e+00
200	1.933300000000e-01	0	0.000000000000e+00	2.212358940000e-01	-1.018638530000e-04	0.000000000000e+00
200	1.942000000000e-01	0	0.000000000000e+00	2.211396330000e-01	-1.025497530000e-04	0.000000000000e+00
200	1.950800000000e-01	0	0.000000000000e+00	2.210378310000e-01	-1.046074540000e-04	0.000000000000e+00
200	1.958400000000e-01	0	0.000000000000e+00	2.210946180000e-01	-1.018638530000e-04	0.000000000000e+00
200	1.967300000000e-01	0	0.000000000000e+00	2.211264750000e-01	-1.032356540000e-04	0.000000000000e+00
200	1.976100000000e-01	0	0.000000000000e+00	2.210142850000e-01	-1.039215540000e-04	0.000000000000e+00
200	1.984900000000e-01	0	0.000000000000e+00	2.208896300000e-01	-1.046074540000e-04	0.000000000000e+00
200	1.993500000000e-01	0	0.000000000000e+00	2.208508480000e-01	-9.912025230000e-05	0.000000000000e+00
200	1.997800000000e-01	0	0.000000000000e+00	2.209117910000e-01	-9.980615260000e-05	0.000000000000e+00
200	1.998600000000e-01	0	0.000000000000e+00	2.209332590000e-01	-1.059792550000e-04	0.000000000000e+00
200	1.999500000000e-01	0	0.000000000000e+00	2.208951700000e-01	-1.011779530000e-04	0.000000000000e+00

