Fun_x_in_m	Fun_Bx_average_in_mT	Fun_By_average_in_mT	Fun_Bz_average_in_mT
-5.000000000000e-07	 4.481542257256e+01	2.457240510164e+01	-8.036443282953e+00
-4.980000000000e-07	 4.577568029876e+01	2.564741394032e+01	-8.378820484143e+00
-4.960000000000e-07	 4.675464987266e+01	2.678065359247e+01	-8.739313574779e+00
-4.940000000000e-07	 4.775140774953e+01	2.797562970094e+01	-9.118983186181e+00
-4.920000000000e-07	 4.876485702519e+01	2.923616181557e+01	-9.518984861511e+00
-4.900000000000e-07	 4.979360025844e+01	3.056630200069e+01	-9.940542921834e+00
-4.880000000000e-07	 5.083579619510e+01	3.197021738059e+01	-1.038491317892e+01
-4.860000000000e-07	 5.188930241071e+01	3.345246068365e+01	-1.085346858163e+01
-4.840000000000e-07	 5.295136477679e+01	3.501764580897e+01	-1.134759649683e+01
-4.820000000000e-07	 5.401873963965e+01	3.667072452911e+01	-1.186878635358e+01
-4.800000000000e-07	 5.508750326350e+01	3.841684867422e+01	-1.241858592363e+01
-4.780000000000e-07	 5.615284189100e+01	4.026117168923e+01	-1.299853901302e+01
-4.760000000000e-07	 5.720911152248e+01	4.220911593577e+01	-1.361026950133e+01
-4.740000000000e-07	 5.824951317455e+01	4.426600749705e+01	-1.425536613302e+01
-4.720000000000e-07	 5.926597587020e+01	4.643704566467e+01	-1.493537242768e+01
-4.700000000000e-07	 6.024899802587e+01	4.872722245039e+01	-1.565176027668e+01
-4.680000000000e-07	 6.118734501758e+01	5.114088501761e+01	-1.640579138223e+01
-4.660000000000e-07	 6.206788903328e+01	5.368150707037e+01	-1.719844414212e+01
-4.640000000000e-07	 6.287538175675e+01	5.635113940581e+01	-1.803024101854e+01
-4.620000000000e-07	 6.359236155970e+01	5.914991533177e+01	-1.890109581875e+01
-4.600000000000e-07	 6.419909519381e+01	6.207496920676e+01	-1.980998472707e+01
-4.580000000000e-07	 6.467390207068e+01	6.511950903497e+01	-2.075467800770e+01
-4.560000000000e-07	 6.499390823540e+01	6.827148329779e+01	-2.173136506013e+01
-4.540000000000e-07	 6.513656660104e+01	7.151254724887e+01	-2.273439423319e+01
-4.520000000000e-07	 6.508205747826e+01	7.481710581472e+01	-2.375604345476e+01
-4.500000000000e-07	 6.481644299231e+01	7.815309297061e+01	-2.478679203673e+01
-4.480000000000e-07	 6.433454490898e+01	8.148437278138e+01	-2.581600498029e+01
-4.460000000000e-07	 6.364111625661e+01	8.477494227823e+01	-2.683308826971e+01
-4.440000000000e-07	 6.274968132166e+01	8.799265995914e+01	-2.782849761176e+01
-4.420000000000e-07	 6.167963239581e+01	9.111192802498e+01	-2.879450966401e+01
-4.400000000000e-07	 6.045312286217e+01	9.411420454213e+01	-2.972541105121e+01
-4.380000000000e-07	 5.909256503174e+01	9.698748409623e+01	-3.061740468327e+01
-4.360000000000e-07	 5.761922877345e+01	9.972482687064e+01	-3.146821406561e+01
-4.340000000000e-07	 5.605243227821e+01	1.023232442092e+02	-3.227677615584e+01
-4.320000000000e-07	 5.440918324402e+01	1.047827230607e+02	-3.304295807793e+01
-4.300000000000e-07	 5.270430615761e+01	1.071051500803e+02	-3.376722997951e+01
-4.280000000000e-07	 5.095049211493e+01	1.092938125900e+02	-3.445051086735e+01
-4.260000000000e-07	 4.915854410015e+01	1.113528510502e+02	-3.509399661560e+01
-4.240000000000e-07	 4.733749544965e+01	1.132870232263e+02	-3.569908450903e+01
-4.220000000000e-07	 4.549497805639e+01	1.151012753526e+02	-3.626723754493e+01
-4.200000000000e-07	 4.363731889058e+01	1.168006799767e+02	-3.679996373451e+01
-4.180000000000e-07	 4.176977311231e+01	1.183902567366e+02	-3.729875926328e+01
-4.160000000000e-07	 3.989657387527e+01	1.198749726116e+02	-3.776510823074e+01
-4.140000000000e-07	 3.802122862143e+01	1.212595465360e+02	-3.820042120516e+01
-4.120000000000e-07	 3.614653262199e+01	1.225485020420e+02	-3.860605172586e+01
-4.100000000000e-07	 3.427472090838e+01	1.237461027812e+02	-3.898327607065e+01
-4.080000000000e-07	 3.240745035290e+01	1.248564055580e+02	-3.933331001587e+01
-4.060000000000e-07	 3.054603249302e+01	1.258831519123e+02	-3.965727469190e+01
-4.040000000000e-07	 2.869138703351e+01	1.268298369033e+02	-3.995621819944e+01
-4.020000000000e-07	 2.684415707100e+01	1.276996789642e+02	-4.023110602388e+01
-4.000000000000e-07	 2.500463836139e+01	1.284956778588e+02	-4.048283921500e+01
-3.980000000000e-07	 2.317298242102e+01	1.292205433337e+02	-4.071223167408e+01
-3.960000000000e-07	 2.134912502152e+01	1.298767536370e+02	-4.092002846156e+01
-3.940000000000e-07	 1.953286449678e+01	1.304665417691e+02	-4.110690123279e+01
-3.920000000000e-07	 1.772378503238e+01	1.309919355334e+02	-4.127346072068e+01
-3.900000000000e-07	 1.592143290795e+01	1.314547143335e+02	-4.142024283231e+01
-3.880000000000e-07	 1.412523078609e+01	1.318564498695e+02	-4.154772133007e+01
-3.860000000000e-07	 1.233454443619e+01	1.321984998343e+02	-4.165630564985e+01
-3.840000000000e-07	 1.054859841532e+01	1.324820306700e+02	-4.174634794145e+01
-3.820000000000e-07	 8.766638229421e+00	1.327079938675e+02	-4.181813538762e+01
-3.800000000000e-07	 6.987867600618e+00	1.328771481753e+02	-4.187189712539e+01
-3.780000000000e-07	 5.211381751975e+00	1.329900661523e+02	-4.190780621580e+01
-3.760000000000e-07	 3.436328650591e+00	1.330471221625e+02	-4.192597574503e+01
-3.740000000000e-07	 1.661819274137e+00	1.330485045820e+02	-4.192646265456e+01
-3.720000000000e-07	-1.130160256087e-01	1.329942147177e+02	-4.190926735952e+01
-3.700000000000e-07	-1.889117809362e+00	1.328840630966e+02	-4.187433257927e+01
-3.680000000000e-07	-3.667336831457e+00	1.327176733101e+02	-4.182154458267e+01
-3.660000000000e-07	-5.448528016726e+00	1.324944778992e+02	-4.175073193210e+01
-3.640000000000e-07	-7.233487371836e+00	1.322137210109e+02	-4.166166641730e+01
-3.620000000000e-07	-9.023044940363e+00	1.318744382287e+02	-4.155405675760e+01
-3.600000000000e-07	-1.081790198802e+01	1.314754763327e+02	-4.142755500357e+01
-3.580000000000e-07	-1.261871452242e+01	1.310154744169e+02	-4.128175070915e+01
-3.560000000000e-07	-1.442603544795e+01	1.304928685765e+02	-4.111617258194e+01
-3.540000000000e-07	-1.624039601521e+01	1.299058561634e+02	-4.093027735824e+01
-3.520000000000e-07	-1.806213394239e+01	1.292524335406e+02	-4.072346197092e+01
-3.500000000000e-07	-1.989147667822e+01	1.285303600312e+02	-4.049505233248e+01
-3.480000000000e-07	-2.172846207093e+01	1.277371696978e+02	-4.024430728394e+01
-3.460000000000e-07	-2.357301636519e+01	1.268701177189e+02	-3.997040184238e+01
-3.440000000000e-07	-2.542476207802e+01	1.259262418491e+02	-3.967244682060e+01
-3.420000000000e-07	-2.728308830235e+01	1.249023090028e+02	-3.934947211336e+01
-3.400000000000e-07	-2.914704507553e+01	1.237948423356e+02	-3.900043536117e+01
-3.380000000000e-07	-3.101540045532e+01	1.226000516605e+02	-3.862420011520e+01
-3.360000000000e-07	-3.288641701597e+01	1.213139297683e+02	-3.821956623526e+01
-3.340000000000e-07	-3.475788610797e+01	1.199321968696e+02	-3.778525235968e+01
-3.320000000000e-07	-3.662698543412e+01	1.184503517598e+02	-3.731991196961e+01
-3.300000000000e-07	-3.849028620473e+01	1.168636104419e+02	-3.682211407863e+01
-3.280000000000e-07	-4.034347567019e+01	1.151670717226e+02	-3.629039524390e+01
-3.260000000000e-07	-4.218129852000e+01	1.133557212395e+02	-3.572326092122e+01
-3.240000000000e-07	-4.399747888300e+01	1.114244353709e+02	-3.511918711207e+01
-3.220000000000e-07	-4.578438437380e+01	1.093682630002e+02	-3.447670932388e+01
-3.200000000000e-07	-4.753292907941e+01	1.071825053442e+02	-3.379444871744e+01
-3.180000000000e-07	-4.923231151270e+01	1.048630278033e+02	-3.307121121943e+01
-3.160000000000e-07	-5.086988894729e+01	1.024064776394e+02	-3.230605743529e+01
-3.140000000000e-07	-5.243083217535e+01	9.981096272143e+01	-3.149851555527e+01
-3.120000000000e-07	-5.389808895570e+01	9.707657025508e+01	-3.064874153665e+01
-3.100000000000e-07	-5.525234455911e+01	9.420629524334e+01	-2.975780036440e+01
-3.080000000000e-07	-5.647238298529e+01	9.120695266801e+01	-2.882792981292e+01
-3.060000000000e-07	-5.753573658702e+01	8.809067356418e+01	-2.786296595163e+01
-3.040000000000e-07	-5.842026902301e+01	8.487595869193e+01	-2.686860939712e+01
-3.020000000000e-07	-5.910657898344e+01	8.158845324472e+01	-2.585259813896e+01
-3.000000000000e-07	-5.958116661264e+01	7.826015789787e+01	-2.482443297113e+01
-2.980000000000e-07	-5.983925216613e+01	7.492721752083e+01	-2.379475176821e+01
-2.960000000000e-07	-5.988602184079e+01	7.162572121286e+01	-2.277417506073e+01
-2.940000000000e-07	-5.973541576702e+01	6.838778103737e+01	-2.177223780777e+01
-2.920000000000e-07	-5.940724192835e+01	6.523885615195e+01	-2.079662000533e+01
-2.900000000000e-07	-5.892405723680e+01	6.219742806938e+01	-1.985301566127e+01
-2.880000000000e-07	-5.830873059405e+01	5.927550347146e+01	-1.894522150897e+01
-2.860000000000e-07	-5.758295222507e+01	5.647991350374e+01	-1.807547947656e+01
-2.840000000000e-07	-5.676642313983e+01	5.381340784542e+01	-1.724477728796e+01
-2.820000000000e-07	-5.587663434413e+01	5.127597030974e+01	-1.645323761556e+01
-2.800000000000e-07	-5.492882317705e+01	4.886551157061e+01	-1.570032600413e+01
-2.780000000000e-07	-5.393613029767e+01	4.657859021763e+01	-1.498507417790e+01
-2.760000000000e-07	-5.290974566965e+01	4.441076459068e+01	-1.430619086676e+01
-2.740000000000e-07	-5.185921320653e+01	4.235713810839e+01	-1.366223405538e+01
-2.720000000000e-07	-5.079258759324e+01	4.041248048730e+01	-1.305165053925e+01
-2.700000000000e-07	-4.971666713892e+01	3.857146598597e+01	-1.247285168402e+01
-2.680000000000e-07	-4.863710919820e+01	3.682869702286e+01	-1.192422143056e+01
-2.660000000000e-07	-4.755867981096e+01	3.517894833569e+01	-1.140419335531e+01
-2.640000000000e-07	-4.648533313054e+01	3.361711927714e+01	-1.091123580025e+01
-2.620000000000e-07	-4.542035529908e+01	3.213831996812e+01	-1.044387892962e+01
-2.600000000000e-07	-4.436640874375e+01	3.073781077414e+01	-1.000069563686e+01
-2.580000000000e-07	-4.332570957288e+01	2.941114088757e+01	-9.580345228721e+00
-2.560000000000e-07	-4.230003779616e+01	2.815406823187e+01	-9.181548150928e+00
-2.540000000000e-07	-4.129081987001e+01	2.696257983479e+01	-8.803092471359e+00
-2.520000000000e-07	-4.029919167131e+01	2.583290369549e+01	-8.443837793661e+00
-2.500000000000e-07	-3.932599116687e+01	2.476143822749e+01	-8.102692977785e+00
-2.480000000000e-07	-3.837188176295e+01	2.374484007386e+01	-7.778644274221e+00
-2.460000000000e-07	-3.743732578851e+01	2.277994994263e+01	-7.470732034844e+00
-2.440000000000e-07	-3.652264422047e+01	2.186381144111e+01	-7.178056916599e+00
-2.420000000000e-07	-3.562798600250e+01	2.099360985505e+01	-6.899760657182e+00
-2.400000000000e-07	-3.475342673769e+01	2.016674016000e+01	-6.635048088153e+00
-2.380000000000e-07	-3.389894894787e+01	1.938075492588e+01	-6.383170793079e+00
-2.360000000000e-07	-3.306441925950e+01	1.863332439570e+01	-6.143414596937e+00
-2.340000000000e-07	-3.224967421848e+01	1.792229427662e+01	-5.915118369927e+00
-2.320000000000e-07	-3.145448584914e+01	1.724563131361e+01	-5.697656849764e+00
-2.300000000000e-07	-3.067858983878e+01	1.660143598255e+01	-5.490444985903e+00
-2.280000000000e-07	-2.992165318607e+01	1.598789802844e+01	-5.292923874202e+00
-2.260000000000e-07	-2.918334741480e+01	1.540334393436e+01	-5.104576256327e+00
-2.240000000000e-07	-2.846330702492e+01	1.484619336928e+01	-4.924912734821e+00
-2.220000000000e-07	-2.776116020489e+01	1.431496874174e+01	-4.753475038169e+00
-2.200000000000e-07	-2.707649040188e+01	1.380825970729e+01	-4.589824759759e+00
-2.180000000000e-07	-2.640889990660e+01	1.332476269960e+01	-4.433556287312e+00
-2.160000000000e-07	-2.575797646026e+01	1.286324452263e+01	-4.284285203775e+00
-2.140000000000e-07	-2.512331013233e+01	1.242255186646e+01	-4.141651518229e+00
-2.120000000000e-07	-2.450446335055e+01	1.200158136677e+01	-4.005310101066e+00
-2.100000000000e-07	-2.390102706554e+01	1.159931276226e+01	-3.874941538427e+00
-2.080000000000e-07	-2.331258250433e+01	1.121477999054e+01	-3.750242897936e+00
-2.060000000000e-07	-2.273872488574e+01	1.084707815491e+01	-3.630930077743e+00
-2.040000000000e-07	-2.217902856003e+01	1.049533981259e+01	-3.516730214830e+00
-2.020000000000e-07	-2.163309687033e+01	1.015876298659e+01	-3.407390856351e+00
-2.000000000000e-07	-2.110053393257e+01	9.836586380506e+00	-3.302671995344e+00
-1.980000000000e-07	-2.058095555447e+01	9.528096873221e+00	-3.202348582631e+00
-1.960000000000e-07	-2.007396420326e+01	9.232608918831e+00	-3.106203886749e+00
-1.940000000000e-07	-1.957919377579e+01	8.949488291901e+00	-3.014037276230e+00
-1.920000000000e-07	-1.909627627579e+01	8.678132574092e+00	-2.925657938623e+00
-1.900000000000e-07	-1.862486165063e+01	8.417976264996e+00	-2.840886574106e+00
-1.880000000000e-07	-1.816458739108e+01	8.168474622203e+00	-2.759550197216e+00
-1.860000000000e-07	-1.771511876287e+01	7.929123947028e+00	-2.681488778810e+00
-1.840000000000e-07	-1.727612598859e+01	7.699444225754e+00	-2.606549623520e+00
-1.820000000000e-07	-1.684729133017e+01	7.478985143938e+00	-2.534589375875e+00
-1.800000000000e-07	-1.642828890894e+01	7.267311500986e+00	-2.465469284245e+00
-1.780000000000e-07	-1.601882125645e+01	7.064020512514e+00	-2.399060877763e+00
-1.760000000000e-07	-1.561859044913e+01	6.868728421537e+00	-2.335241630207e+00
-1.740000000000e-07	-1.522731560625e+01	6.681074117894e+00	-2.273896156832e+00
-1.720000000000e-07	-1.484470638398e+01	6.500708018314e+00	-2.214912608237e+00
-1.700000000000e-07	-1.447049611170e+01	6.327306943831e+00	-2.158187554591e+00
-1.680000000000e-07	-1.410442368658e+01	6.160561610607e+00	-2.103621908314e+00
-1.660000000000e-07	-1.374623785676e+01	6.000181549172e+00	-2.051122559933e+00
-1.640000000000e-07	-1.339568121380e+01	5.845884468750e+00	-2.000598905613e+00
-1.620000000000e-07	-1.305252060566e+01	5.697409041530e+00	-1.951967046478e+00
-1.600000000000e-07	-1.271652186234e+01	5.554505606319e+00	-1.905146765827e+00
-1.580000000000e-07	-1.238746582530e+01	5.416938635600e+00	-1.860062339940e+00
-1.560000000000e-07	-1.206512493168e+01	5.284478996162e+00	-1.816640019347e+00
-1.540000000000e-07	-1.174929099380e+01	5.156915017229e+00	-1.774811666601e+00
-1.520000000000e-07	-1.143976487004e+01	5.034044994931e+00	-1.734512303840e+00
-1.500000000000e-07	-1.113633920041e+01	4.915672353860e+00	-1.695678539739e+00
-1.480000000000e-07	-1.083882452190e+01	4.801615579853e+00	-1.658251835417e+00
-1.460000000000e-07	-1.054703634979e+01	4.691699851281e+00	-1.622175760510e+00
-1.440000000000e-07	-1.026079651902e+01	4.585760922305e+00	-1.587397283235e+00
-1.420000000000e-07	-9.979921760940e+00	4.483637897943e+00	-1.553864398701e+00
-1.400000000000e-07	-9.704248002072e+00	4.385181811549e+00	-1.521528949105e+00
-1.380000000000e-07	-9.433608666807e+00	4.290249987318e+00	-1.490344787160e+00
-1.360000000000e-07	-9.167847983893e+00	4.198706599326e+00	-1.460267953579e+00
-1.340000000000e-07	-8.906807066494e+00	4.110420754150e+00	-1.431256059670e+00
-1.320000000000e-07	-8.650336572741e+00	4.025269810165e+00	-1.403269380204e+00
-1.300000000000e-07	-8.398293298939e+00	3.943135707919e+00	-1.376269646406e+00
-1.280000000000e-07	-8.150538124012e+00	3.863907651672e+00	-1.350220939582e+00
-1.260000000000e-07	-7.906927229701e+00	3.787476464798e+00	-1.325087832206e+00
-1.240000000000e-07	-7.667333162993e+00	3.713741054386e+00	-1.300837516382e+00
-1.220000000000e-07	-7.431624912067e+00	3.642604570602e+00	-1.277438550392e+00
-1.200000000000e-07	-7.199682478480e+00	3.573974936441e+00	-1.254861026630e+00
-1.180000000000e-07	-6.971377973009e+00	3.507761712769e+00	-1.233075548880e+00
-1.160000000000e-07	-6.746595162000e+00	3.443881759454e+00	-1.212055097009e+00
-1.140000000000e-07	-6.525221994536e+00	3.382254085381e+00	-1.191773328422e+00
-1.120000000000e-07	-6.307148628262e+00	3.322802904329e+00	-1.172205594367e+00
-1.100000000000e-07	-6.092260851485e+00	3.265453093661e+00	-1.153327440722e+00
-1.080000000000e-07	-5.880458660272e+00	3.210135069563e+00	-1.135116214185e+00
-1.060000000000e-07	-5.671637543085e+00	3.156782300059e+00	-1.117550251708e+00
-1.040000000000e-07	-5.465703028083e+00	3.105331220209e+00	-1.100608845040e+00
-1.020000000000e-07	-5.262552751292e+00	3.055719273701e+00	-1.084271603495e+00
-1.000000000000e-07	-5.062093804309e+00	3.007889191446e+00	-1.068519863990e+00
-9.800000000000e-08	-4.864237339549e+00	2.961784763087e+00	-1.053335293495e+00
-9.600000000000e-08	-4.668895150837e+00	2.917353694177e+00	-1.038700839846e+00
-9.400000000000e-08	-4.475974962364e+00	2.874543839986e+00	-1.024599485963e+00
-9.200000000000e-08	-4.285397108658e+00	2.833306857269e+00	-1.011015453474e+00
-9.000000000000e-08	-4.097076555615e+00	2.793596782806e+00	-9.979337418066e-01
-8.800000000000e-08	-3.910937698910e+00	2.755369394102e+00	-9.853399094114e-01
-8.600000000000e-08	-3.726896979149e+00	2.718581195208e+00	-9.732197467025e-01
-8.400000000000e-08	-3.544878551719e+00	2.683192620929e+00	-9.615603324140e-01
-8.200000000000e-08	-3.364810681323e+00	2.649164451072e+00	-9.503488463803e-01
-8.000000000000e-08	-3.186620935430e+00	2.616460579313e+00	-9.395734914552e-01
-7.800000000000e-08	-3.010233091869e+00	2.585044789112e+00	-9.292224252937e-01
-7.600000000000e-08	-2.835582392788e+00	2.554883438894e+00	-9.192846454863e-01
-7.400000000000e-08	-2.662597896881e+00	2.525944921628e+00	-9.097498186209e-01
-7.200000000000e-08	-2.491217784721e+00	2.498198500361e+00	-9.006078877417e-01
-7.000000000000e-08	-2.321372150532e+00	2.471614091557e+00	-8.918490079861e-01
-6.800000000000e-08	-2.152997414786e+00	2.446164612092e+00	-8.834643203273e-01
-6.600000000000e-08	-1.986035868544e+00	2.421823325351e+00	-8.754450713538e-01
-6.400000000000e-08	-1.820421646809e+00	2.398564157738e+00	-8.677827240023e-01
-6.200000000000e-08	-1.656094762649e+00	2.376363766312e+00	-8.604696391623e-01
-6.000000000000e-08	-1.492999635931e+00	2.355198515929e+00	-8.534980729682e-01
-5.800000000000e-08	-1.331078387257e+00	2.335047282700e+00	-8.468611105200e-01
-5.600000000000e-08	-1.170269691931e+00	2.315888703802e+00	-8.405517531242e-01
-5.400000000000e-08	-1.010522692247e+00	2.297702815082e+00	-8.345634577788e-01
-5.200000000000e-08	-8.517792222611e-01	2.280471550619e+00	-8.288903093238e-01
-5.000000000000e-08	-6.939902189864e-01	2.264176855551e+00	-8.235263886309e-01
-4.800000000000e-08	-5.370982139076e-01	2.248801436098e+00	-8.184660274182e-01
-4.600000000000e-08	-3.810505749440e-01	2.234330166051e+00	-8.137042714381e-01
-4.400000000000e-08	-2.257994345019e-01	2.220747300397e+00	-8.092359554910e-01
-4.200000000000e-08	-7.129355143262e-02	2.208039409621e+00	-8.050566804954e-01
-4.000000000000e-08	 8.252154931044e-02	2.196192825971e+00	-8.011619652942e-01
-3.800000000000e-08	 2.356902644217e-01	2.185194652389e+00	-7.975475784214e-01
-3.600000000000e-08	 3.882651741664e-01	2.175033962788e+00	-7.942099417875e-01
-3.400000000000e-08	 5.402895189609e-01	2.165699355961e+00	-7.911453138284e-01
-3.200000000000e-08	 6.918153008463e-01	2.157180374292e+00	-7.883502653622e-01
-3.000000000000e-08	 8.428905509030e-01	2.149468338352e+00	-7.858219537888e-01
-2.800000000000e-08	 9.935569479331e-01	2.142553991321e+00	-7.835573403719e-01
-2.600000000000e-08	 1.143863991925e+00	2.136429409620e+00	-7.815538281442e-01
-2.400000000000e-08	 1.293859793579e+00	2.131087197949e+00	-7.798089924356e-01
-2.200000000000e-08	 1.443587850992e+00	2.126520803212e+00	-7.783206847528e-01
-2.000000000000e-08	 1.593091364966e+00	2.122724296171e+00	-7.770869612208e-01
-1.800000000000e-08	 1.742421750309e+00	2.119692211103e+00	-7.761060308853e-01
-1.600000000000e-08	 1.891615317315e+00	2.117420048407e+00	-7.753764185203e-01
-1.400000000000e-08	 2.040723015692e+00	2.115903662818e+00	-7.748967667829e-01
-1.200000000000e-08	 2.189789248994e+00	2.115139686741e+00	-7.746659730822e-01
-1.000000000000e-08	 2.338851921009e+00	2.115125363137e+00	-7.746831343684e-01
-8.000000000000e-09	 2.487963648417e+00	2.115858538311e+00	-7.749475479327e-01
-6.000000000000e-09	 2.637159072528e+00	2.117337875880e+00	-7.754587776885e-01
-4.000000000000e-09	 2.786488330335e+00	2.119561973868e+00	-7.762163657016e-01
-2.000000000000e-09	 2.935998702209e+00	2.122530861132e+00	-7.772203265942e-01
 0.000000000000e+00	 3.085725685109e+00	2.126244664530e+00	-7.784707039578e-01
 2.000000000000e-09	 3.235717562351e+00	2.130704361607e+00	-7.799678232868e-01
 4.000000000000e-09	 3.386022721204e+00	2.135911623151e+00	-7.817122380204e-01
 6.000000000000e-09	 3.536676834989e+00	2.141868274989e+00	-7.837045496742e-01
 8.000000000000e-09	 3.687733667003e+00	2.148577181213e+00	-7.859457040880e-01
 1.000000000000e-08	 3.839227453256e+00	2.156041729550e+00	-7.884368171201e-01
 1.200000000000e-08	 3.991208060223e+00	2.164265854507e+00	-7.911791852801e-01
 1.400000000000e-08	 4.143724785670e+00	2.173254413349e+00	-7.941744091304e-01
 1.600000000000e-08	 4.296812001524e+00	2.183011971670e+00	-7.974239890967e-01
 1.800000000000e-08	 4.450523903116e+00	2.193544908422e+00	-8.009300267808e-01
 2.000000000000e-08	 4.604908565259e+00	2.204859924685e+00	-8.046947278402e-01
 2.200000000000e-08	 4.760003425773e+00	2.216963532244e+00	-8.087202322257e-01
 2.400000000000e-08	 4.915859472636e+00	2.229863859515e+00	-8.130092148577e-01
 2.600000000000e-08	 5.072528212086e+00	2.243569799653e+00	-8.175646019394e-01
 2.800000000000e-08	 5.230048247715e+00	2.258089752027e+00	-8.223891527432e-01
 3.000000000000e-08	 5.388478803889e+00	2.273434644079e+00	-8.274864637194e-01
 3.200000000000e-08	 5.547854920629e+00	2.289613758867e+00	-8.328595821431e-01
 3.400000000000e-08	 5.708232452326e+00	2.306639052889e+00	-8.385124403615e-01
 3.600000000000e-08	 5.869665732848e+00	2.324523112281e+00	-8.444491765990e-01
 3.800000000000e-08	 6.032195965562e+00	2.343277749748e+00	-8.506736692812e-01
 4.000000000000e-08	 6.195878788386e+00	2.362917072895e+00	-8.571905554410e-01
 4.200000000000e-08	 6.360770696086e+00	2.383456093051e+00	-8.640047686142e-01
 4.400000000000e-08	 6.526914873651e+00	2.404908882730e+00	-8.711209275202e-01
 4.600000000000e-08	 6.694374132134e+00	2.427292750331e+00	-8.785447208610e-01
 4.800000000000e-08	 6.863193166317e+00	2.450623384969e+00	-8.862812966197e-01
 5.000000000000e-08	 7.033431820795e+00	2.474919270091e+00	-8.943367257846e-01
 5.200000000000e-08	 7.205151037436e+00	2.500199926442e+00	-9.027174192317e-01
 5.400000000000e-08	 7.378398077544e+00	2.526483662771e+00	-9.114293820304e-01
 5.600000000000e-08	 7.553235848576e+00	2.553791917515e+00	-9.204796524872e-01
 5.800000000000e-08	 7.729728513832e+00	2.582147267692e+00	-9.298756416822e-01
 6.000000000000e-08	 7.907926289465e+00	2.611570915443e+00	-9.396243005005e-01
 6.200000000000e-08	 8.087900729849e+00	2.642088442858e+00	-9.497340261968e-01
 6.400000000000e-08	 8.269704253238e+00	2.673723158035e+00	-9.602124575450e-01
 6.600000000000e-08	 8.453405875266e+00	2.706502130714e+00	-9.710684740633e-01
 6.800000000000e-08	 8.639076161299e+00	2.740453780696e+00	-9.823113966179e-01
 7.000000000000e-08	 8.826771209158e+00	2.775604883161e+00	-9.939499955290e-01
 7.200000000000e-08	 9.016564366299e+00	2.811986406261e+00	-1.005994423336e+00
 7.400000000000e-08	 9.208530727288e+00	2.849630825593e+00	-1.018455324836e+00
 7.600000000000e-08	 9.402730559529e+00	2.888568811853e+00	-1.031342740452e+00
 7.800000000000e-08	 9.599247718361e+00	2.928836870340e+00	-1.044668634424e+00
 8.000000000000e-08	 9.798145546900e+00	2.970468543855e+00	-1.058443982747e+00
 8.200000000000e-08	 9.999505877188e+00	3.013502394196e+00	-1.072681414073e+00
 8.400000000000e-08	 1.020341265971e+01	3.057978816123e+00	-1.087394154552e+00
 8.600000000000e-08	 1.040993433510e+01	3.103936137476e+00	-1.102594737397e+00
 8.800000000000e-08	 1.061915867744e+01	3.151418277593e+00	-1.118297535637e+00
 9.000000000000e-08	 1.083117583158e+01	3.200471230097e+00	-1.134517597688e+00
 9.200000000000e-08	 1.104605997023e+01	3.251138769746e+00	-1.151269227245e+00
 9.400000000000e-08	 1.126391176235e+01	3.303472415896e+00	-1.168569276953e+00
 9.600000000000e-08	 1.148480958750e+01	3.357519999513e+00	-1.186433367600e+00
 9.800000000000e-08	 1.170885275601e+01	3.413336056262e+00	-1.204879323083e+00
 1.000000000000e-07	 1.193614342809e+01	3.470977695516e+00	-1.223925803493e+00
 1.020000000000e-07	 1.216676692663e+01	3.530499570166e+00	-1.243590642300e+00
 1.040000000000e-07	 1.240083059015e+01	3.591963820693e+00	-1.263894131068e+00
 1.060000000000e-07	 1.263844493472e+01	3.655435532682e+00	-1.284857516908e+00
 1.080000000000e-07	 1.287970305882e+01	3.720977207236e+00	-1.306501175283e+00
 1.100000000000e-07	 1.312472126692e+01	3.788659720061e+00	-1.328848228212e+00
 1.120000000000e-07	 1.337361940284e+01	3.858557329749e+00	-1.351922893696e+00
 1.140000000000e-07	 1.362649926273e+01	3.930741598746e+00	-1.375748477744e+00
 1.160000000000e-07	 1.388349451763e+01	4.005295626478e+00	-1.400352071102e+00
 1.180000000000e-07	 1.414471332275e+01	4.082297798988e+00	-1.425759183757e+00
 1.200000000000e-07	 1.441028928354e+01	4.161836636867e+00	-1.451998643283e+00
 1.220000000000e-07	 1.468036023313e+01	4.244004957048e+00	-1.479100665438e+00
 1.240000000000e-07	 1.495504478451e+01	4.328892747649e+00	-1.507094502366e+00
 1.260000000000e-07	 1.523448852055e+01	4.416601393426e+00	-1.536013132244e+00
 1.280000000000e-07	 1.551884172145e+01	4.507237261283e+00	-1.565891140215e+00
 1.300000000000e-07	 1.580823466140e+01	4.600903855688e+00	-1.596762130279e+00
 1.320000000000e-07	 1.610283469572e+01	4.697720326397e+00	-1.628664822878e+00
 1.340000000000e-07	 1.640278059976e+01	4.797800430476e+00	-1.661636117912e+00
 1.360000000000e-07	 1.670824097572e+01	4.901271862302e+00	-1.695717461212e+00
 1.380000000000e-07	 1.701939000906e+01	5.008268741723e+00	-1.730952364470e+00
 1.400000000000e-07	 1.733638040781e+01	5.118922385233e+00	-1.767383362883e+00
 1.420000000000e-07	 1.765939663390e+01	5.233379894297e+00	-1.805058131998e+00
 1.440000000000e-07	 1.798862932843e+01	5.351795889064e+00	-1.844026759591e+00
 1.460000000000e-07	 1.832424665785e+01	5.474322317958e+00	-1.884338388006e+00
 1.480000000000e-07	 1.866646046396e+01	5.601132728146e+00	-1.926049194821e+00
 1.500000000000e-07	 1.901545012461e+01	5.732394827656e+00	-1.969213359200e+00
 1.520000000000e-07	 1.937143037177e+01	5.868295882974e+00	-2.013891411704e+00
 1.540000000000e-07	 1.973462321305e+01	6.009033002222e+00	-2.060147026705e+00
 1.560000000000e-07	 2.010522627933e+01	6.154801075628e+00	-2.108043054280e+00
 1.580000000000e-07	 2.048347496175e+01	6.305817334527e+00	-2.157649583077e+00
 1.600000000000e-07	 2.086961263737e+01	6.462310628029e+00	-2.209040404880e+00
 1.620000000000e-07	 2.126385698399e+01	6.624508052197e+00	-2.262288615535e+00
 1.640000000000e-07	 2.166647759874e+01	6.792667178649e+00	-2.317477186554e+00
 1.660000000000e-07	 2.207770654139e+01	6.967039872632e+00	-2.374687075318e+00
 1.680000000000e-07	 2.249781805962e+01	7.147906105313e+00	-2.434008310403e+00
 1.700000000000e-07	 2.292709561138e+01	7.335561277301e+00	-2.495535814759e+00
 1.720000000000e-07	 2.336579433818e+01	7.530300272891e+00	-2.559364164707e+00
 1.740000000000e-07	 2.381421446286e+01	7.732450391807e+00	-2.625598371141e+00
 1.760000000000e-07	 2.427266613056e+01	7.942357305293e+00	-2.694349253695e+00
 1.780000000000e-07	 2.474142926555e+01	8.160367285718e+00	-2.765727603799e+00
 1.800000000000e-07	 2.522084569428e+01	8.386870696165e+00	-2.839858405603e+00
 1.820000000000e-07	 2.571121268087e+01	8.622253596175e+00	-2.916864968443e+00
 1.840000000000e-07	 2.621287769731e+01	8.866943513389e+00	-2.996883883730e+00
 1.860000000000e-07	 2.672619911428e+01	9.121392721532e+00	-3.080059519969e+00
 1.880000000000e-07	 2.725150108357e+01	9.386056849341e+00	-3.166537004197e+00
 1.900000000000e-07	 2.778916112178e+01	9.661439849511e+00	-3.256476888846e+00
 1.920000000000e-07	 2.833956794917e+01	9.948075384526e+00	-3.350049025478e+00
 1.940000000000e-07	 2.890307295986e+01	1.024650284296e+01	-3.447424700922e+00
 1.960000000000e-07	 2.948008399319e+01	1.055731815900e+01	-3.548793181579e+00
 1.980000000000e-07	 3.007101999865e+01	1.088115301587e+01	-3.654354881687e+00
 2.000000000000e-07	 3.067625871791e+01	1.121864793795e+01	-3.764312530342e+00
 2.020000000000e-07	 3.129625498425e+01	1.157052006014e+01	-3.878893212762e+00
 2.040000000000e-07	 3.193140266479e+01	1.193748886991e+01	-3.998324113386e+00
 2.060000000000e-07	 3.258215646642e+01	1.232034794138e+01	-4.122855811466e+00
 2.080000000000e-07	 3.324898044141e+01	1.271993990777e+01	-4.252754047696e+00
 2.100000000000e-07	 3.393228835732e+01	1.313712350537e+01	-4.388288939235e+00
 2.120000000000e-07	 3.463255152036e+01	1.357284186613e+01	-4.529757093806e+00
 2.140000000000e-07	 3.535026247860e+01	1.402810702054e+01	-4.677476456565e+00
 2.160000000000e-07	 3.608584114706e+01	1.450394389534e+01	-4.831768046096e+00
 2.180000000000e-07	 3.683979651431e+01	1.500149882489e+01	-4.992991035637e+00
 2.200000000000e-07	 3.761255257294e+01	1.552193259375e+01	-5.161507952177e+00
 2.220000000000e-07	 3.840459470052e+01	1.606652263394e+01	-5.337717661020e+00
 2.240000000000e-07	 3.921640511154e+01	1.663662877052e+01	-5.522044099271e+00
 2.260000000000e-07	 4.004838796698e+01	1.723364694859e+01	-5.714921169876e+00
 2.280000000000e-07	 4.090100403372e+01	1.785911219275e+01	-5.916825856195e+00
 2.300000000000e-07	 4.177469970968e+01	1.851465983483e+01	-6.128265473538e+00
 2.320000000000e-07	 4.266982475567e+01	1.920197258568e+01	-6.349760414433e+00
 2.340000000000e-07	 4.358680169785e+01	1.992292027485e+01	-6.581888986966e+00
 2.360000000000e-07	 4.452591506363e+01	2.067941081252e+01	-6.825239154060e+00
 2.380000000000e-07	 4.548748440034e+01	2.147353918171e+01	-7.080456269602e+00
 2.400000000000e-07	 4.647177926875e+01	2.230753918144e+01	-7.348227241946e+00
 2.420000000000e-07	 4.747892141062e+01	2.318371634346e+01	-7.629258748786e+00
 2.440000000000e-07	 4.850903966141e+01	2.410459932484e+01	-7.924325557326e+00
 2.460000000000e-07	 4.956217387164e+01	2.507288418174e+01	-8.234252291293e+00
 2.480000000000e-07	 5.063816455449e+01	2.609135606332e+01	-8.559888103931e+00
 2.500000000000e-07	 5.173684344058e+01	2.716309564271e+01	-8.902172425277e+00
 2.520000000000e-07	 5.285776469750e+01	2.829125734131e+01	-9.262063777473e+00
 2.540000000000e-07	 5.400039378271e+01	2.947928897801e+01	-9.640609628079e+00
 2.560000000000e-07	 5.516398337212e+01	3.073085740276e+01	-1.003892238498e+01
 2.580000000000e-07	 5.634743275112e+01	3.204974282648e+01	-1.045814556012e+01
 2.600000000000e-07	 5.754944055037e+01	3.344005902621e+01	-1.089952368668e+01
 2.620000000000e-07	 5.876835455998e+01	3.490616026384e+01	-1.136437249799e+01
 2.640000000000e-07	 6.000200260380e+01	3.645250792717e+01	-1.185403664556e+01
 2.660000000000e-07	 6.124786229690e+01	3.808396340372e+01	-1.236998251131e+01
 2.680000000000e-07	 6.250269438211e+01	3.980542372434e+01	-1.291368286623e+01
 2.700000000000e-07	 6.376268846331e+01	4.162211693240e+01	-1.348671048695e+01
 2.720000000000e-07	 6.502323925830e+01	4.353943772953e+01	-1.409068600930e+01
 2.740000000000e-07	 6.627870137476e+01	4.556271298535e+01	-1.472720416249e+01
 2.760000000000e-07	 6.752244670672e+01	4.769744142112e+01	-1.539790902227e+01
 2.780000000000e-07	 6.874657609841e+01	4.994901822517e+01	-1.610440662557e+01
 2.800000000000e-07	 6.994161677739e+01	5.232234912534e+01	-1.684814294913e+01
 2.820000000000e-07	 7.109651610209e+01	5.482198184431e+01	-1.763044379670e+01
 2.840000000000e-07	 7.219831240142e+01	5.745158008858e+01	-1.845234827859e+01
 2.860000000000e-07	 7.323184596383e+01	6.021320312540e+01	-1.931438284837e+01
 2.880000000000e-07	 7.417983653305e+01	6.310719024195e+01	-2.021652713333e+01
 2.900000000000e-07	 7.502265705440e+01	6.613067929021e+01	-2.115776000036e+01
 2.920000000000e-07	 7.573881136111e+01	6.927709639806e+01	-2.213592138064e+01
 2.940000000000e-07	 7.630560358224e+01	7.253467430438e+01	-2.314729075699e+01
 2.960000000000e-07	 7.670060993099e+01	7.588494509871e+01	-2.418618024739e+01
 2.980000000000e-07	 7.690420639618e+01	7.930260899065e+01	-2.524496147386e+01
 3.000000000000e-07	 7.690262804590e+01	8.275586672403e+01	-2.631419855855e+01
 3.020000000000e-07	 7.669087064854e+01	8.620860955694e+01	-2.738326719967e+01
 3.040000000000e-07	 7.627387691101e+01	8.962511962039e+01	-2.844166413666e+01
 3.060000000000e-07	 7.566538296928e+01	9.297330340353e+01	-2.947986234581e+01
 3.080000000000e-07	 7.488497242071e+01	9.622786628295e+01	-3.049023492713e+01
 3.100000000000e-07	 7.395495805141e+01	9.937061127432e+01	-3.146717812342e+01
 3.120000000000e-07	 7.289805285757e+01	1.023894952611e+02	-3.240688566874e+01
 3.140000000000e-07	 7.173570661018e+01	1.052779514732e+02	-3.330719953263e+01
 3.160000000000e-07	 7.048740508213e+01	1.080333545281e+02	-3.416717236515e+01
 3.180000000000e-07	 6.917050693991e+01	1.106557252247e+02	-3.498668430960e+01
 3.200000000000e-07	 6.779998406869e+01	1.131474159083e+02	-3.576635332273e+01
 3.220000000000e-07	 6.638885555666e+01	1.155118659089e+02	-3.650714824789e+01
 3.240000000000e-07	 6.494811931778e+01	1.177536264069e+02	-3.721039578116e+01
 3.260000000000e-07	 6.348708465015e+01	1.198777821437e+02	-3.787759799067e+01
 3.280000000000e-07	 6.201371602472e+01	1.218895336715e+02	-3.851029969254e+01
 3.300000000000e-07	 6.053458329949e+01	1.237943796773e+02	-3.911014474476e+01
 3.320000000000e-07	 5.905516479286e+01	1.255977959744e+02	-3.967877469307e+01
 3.340000000000e-07	 5.758013196499e+01	1.273050083187e+02	-4.021775681282e+01
 3.360000000000e-07	 5.611319246747e+01	1.289212858332e+02	-4.072867662287e+01
 3.380000000000e-07	 5.465754314195e+01	1.304515142656e+02	-4.121300321439e+01
 3.400000000000e-07	 5.321567889421e+01	1.319005011357e+02	-4.167218572999e+01
 3.420000000000e-07	 5.178960598040e+01	1.332728153156e+02	-4.210760276332e+01
 3.440000000000e-07	 5.038103555722e+01	1.345726758319e+02	-4.252052699535e+01
 3.460000000000e-07	 4.899120322026e+01	1.358041864675e+02	-4.291219957083e+01
 3.480000000000e-07	 4.762104627405e+01	1.369712144658e+02	-4.328379154909e+01
 3.500000000000e-07	 4.627136385930e+01	1.380773067240e+02	-4.363637697654e+01
 3.520000000000e-07	 4.494258439114e+01	1.391259262177e+02	-4.397100797568e+01
 3.540000000000e-07	 4.363510549419e+01	1.401202095693e+02	-4.428863722033e+01
 3.560000000000e-07	 4.234905624586e+01	1.410631898211e+02	-4.459018872187e+01
 3.580000000000e-07	 4.108443731636e+01	1.419577106623e+02	-4.487653020756e+01
 3.600000000000e-07	 3.984124659104e+01	1.428063668782e+02	-4.514845371268e+01
 3.620000000000e-07	 3.861928109278e+01	1.436116667179e+02	-4.540672725826e+01
 3.640000000000e-07	 3.741826255671e+01	1.443759596936e+02	-4.565207147779e+01
 3.660000000000e-07	 3.623794999625e+01	1.451013861978e+02	-4.588514312104e+01
 3.680000000000e-07	 3.507794593750e+01	1.457900165432e+02	-4.610657941432e+01
 3.700000000000e-07	 3.393781086580e+01	1.464437894352e+02	-4.631697807348e+01
 3.720000000000e-07	 3.281716589484e+01	1.470644688282e+02	-4.651688314429e+01
 3.740000000000e-07	 3.171547440841e+01	1.476537790846e+02	-4.670682827926e+01
 3.760000000000e-07	 3.063230261352e+01	1.482132706069e+02	-4.688729324793e+01
 3.780000000000e-07	 2.956710424723e+01	1.487444458818e+02	-4.705874435120e+01
 3.800000000000e-07	 2.851932109489e+01	1.492487117426e+02	-4.722161886465e+01
 3.820000000000e-07	 2.748847371785e+01	1.497273457368e+02	-4.737631398525e+01
 3.840000000000e-07	 2.647398593570e+01	1.501815874220e+02	-4.752321616181e+01
 3.860000000000e-07	 2.547527891244e+01	1.506125972528e+02	-4.766268768231e+01
 3.880000000000e-07	 2.449185645922e+01	1.510214276229e+02	-4.779505715608e+01
 3.900000000000e-07	 2.352310930424e+01	1.514091113982e+02	-4.792064804542e+01
 3.920000000000e-07	 2.256854034383e+01	1.517765728810e+02	-4.803974972753e+01
 3.940000000000e-07	 2.162757216235e+01	1.521247102331e+02	-4.815264408812e+01
 3.960000000000e-07	 2.069963243674e+01	1.524543634641e+02	-4.825959506519e+01
 3.980000000000e-07	 1.978423217877e+01	1.527662920700e+02	-4.836084130059e+01
 4.000000000000e-07	 1.888080820471e+01	1.530612342591e+02	-4.845661527752e+01
 4.020000000000e-07	 1.798880431878e+01	1.533398794995e+02	-4.854713434880e+01
 4.040000000000e-07	 1.710774623544e+01	1.536028495644e+02	-4.863259450854e+01
 4.060000000000e-07	 1.623706517090e+01	1.538507552997e+02	-4.871318877702e+01
 4.080000000000e-07	 1.537629842618e+01	1.540841390172e+02	-4.878908842699e+01
 4.100000000000e-07	 1.452491551774e+01	1.543035269935e+02	-4.886046000043e+01
 4.120000000000e-07	 1.368239363553e+01	1.545094084881e+02	-4.892745844596e+01
 4.140000000000e-07	 1.284828823394e+01	1.547022217802e+02	-4.899022253161e+01
 4.160000000000e-07	 1.202208927833e+01	1.548823909230e+02	-4.904888676918e+01
 4.180000000000e-07	 1.120329394270e+01	1.550503081071e+02	-4.910357564402e+01
 4.200000000000e-07	 1.039147521920e+01	1.552063223766e+02	-4.915439990794e+01
 4.220000000000e-07	 9.586118562893e+00	1.553507736183e+02	-4.920146762281e+01
 4.240000000000e-07	 8.786809161615e+00	1.554839577319e+02	-4.924487279031e+01
 4.260000000000e-07	 7.993066632160e+00	1.556061580602e+02	-4.928470557041e+01
 4.280000000000e-07	 7.204416981269e+00	1.557176321372e+02	-4.932104794451e+01
 4.300000000000e-07	 6.420458083373e+00	1.558186046267e+02	-4.935397139469e+01
 4.320000000000e-07	 5.640724867770e+00	1.559092871385e+02	-4.938354334848e+01
 4.340000000000e-07	 4.864756742555e+00	1.559898681401e+02	-4.940982387637e+01
 4.360000000000e-07	 4.092162844135e+00	1.560605080559e+02	-4.943286408076e+01
 4.380000000000e-07	 3.322467512125e+00	1.561213551695e+02	-4.945271127159e+01
 4.400000000000e-07	 2.555285625905e+00	1.561725300445e+02	-4.946940387610e+01
 4.420000000000e-07	 1.790168866239e+00	1.562141387593e+02	-4.948297574760e+01
 4.440000000000e-07	 1.026671203920e+00	1.562462668554e+02	-4.949345418519e+01
 4.460000000000e-07	 2.644133270647e-01	1.562689781157e+02	-4.950085952995e+01
 4.480000000000e-07	-4.970479482209e-01	1.562823202665e+02	-4.950520702078e+01
 4.500000000000e-07	-1.258154863571e+00	1.562863212003e+02	-4.950650555928e+01
 4.520000000000e-07	-2.019284475031e+00	1.562809899298e+02	-4.950475802011e+01
 4.540000000000e-07	-2.780900226467e+00	1.562663167523e+02	-4.949996130240e+01
 4.560000000000e-07	-3.543379516560e+00	1.562422744303e+02	-4.949210671761e+01
 4.580000000000e-07	-4.307165471606e+00	1.562088158413e+02	-4.948117922246e+01
 4.600000000000e-07	-5.072680828417e+00	1.561658752181e+02	-4.946715782770e+01
 4.620000000000e-07	-5.840349982197e+00	1.561133676390e+02	-4.945001543531e+01
 4.640000000000e-07	-6.610643259080e+00	1.560511849221e+02	-4.942971750401e+01
 4.660000000000e-07	-7.383902039873e+00	1.559792099512e+02	-4.940622673175e+01
 4.680000000000e-07	-8.160601824934e+00	1.558972950478e+02	-4.937949600394e+01
 4.700000000000e-07	-8.941177662966e+00	1.558052750503e+02	-4.934947267214e+01
 4.720000000000e-07	-9.726068239449e+00	1.557029634787e+02	-4.931609731305e+01
 4.740000000000e-07	-1.051576127881e+01	1.555901451662e+02	-4.927930133768e+01
 4.760000000000e-07	-1.131061409108e+01	1.554666017706e+02	-4.923901532560e+01
 4.780000000000e-07	-1.211112320017e+01	1.553320725010e+02	-4.919515623162e+01
 4.800000000000e-07	-1.291774470146e+01	1.551862783877e+02	-4.914763531950e+01
 4.820000000000e-07	-1.373094220935e+01	1.550289146486e+02	-4.909635569209e+01
 4.840000000000e-07	-1.455122965129e+01	1.548596404033e+02	-4.904120896290e+01
 4.860000000000e-07	-1.537898750831e+01	1.546781161331e+02	-4.898208748319e+01
 4.880000000000e-07	-1.621474203945e+01	1.544839448031e+02	-4.891886518768e+01
 4.900000000000e-07	-1.705897940257e+01	1.542767082349e+02	-4.885140947486e+01
 4.920000000000e-07	-1.791219222586e+01	1.540559562902e+02	-4.877957771624e+01
 4.940000000000e-07	-1.877487970941e+01	1.538212052062e+02	-4.870321675099e+01
 4.960000000000e-07	-1.964759756969e+01	1.535719212030e+02	-4.862215759605e+01
 4.980000000000e-07	-2.053075903321e+01	1.533075760335e+02	-4.853623355192e+01
 5.000000000000e-07	-2.142493233317e+01	1.530275599144e+02	-4.844525193852e+01
