# Filename: data_776.dat
# Timestamp: Thu Sep 05 01:17:08 2019

# Column 1:
#	end: -0.2
#	name: IPS120-10 (swept B(T))
#	size: 2
#	start: 0.2
#	type: coordinate
# Column 2:
#	end: 0
#	name: y_parameter (none)
#	size: 1
#	start: 0
#	type: coordinate
# Column 3:
#	end: 0
#	name: z_parameter (none)
#	size: 1
#	start: 0
#	type: coordinate
# Column 4:
#	name: lockin 1
#	type: value
# Column 5:
#	name: Keithley 1
#	type: value
# Column 6:
#	name: Keithley 2
#	type: value
# Column 7:
#	name: processed dIdV
#	type: value

400	1.997300000000e-01	0	0.000000000000e+00	4.607775930000e-01	-8.745994860000e-05	0.000000000000e+00
400	1.991300000000e-01	0	0.000000000000e+00	4.608440760000e-01	-8.608814810000e-05	0.000000000000e+00
400	1.983300000000e-01	0	0.000000000000e+00	4.607616650000e-01	-9.500485100000e-05	0.000000000000e+00
400	1.974900000000e-01	0	0.000000000000e+00	4.607443520000e-01	-8.677404830000e-05	0.000000000000e+00
400	1.966300000000e-01	0	0.000000000000e+00	4.607602800000e-01	-9.157534990000e-05	0.000000000000e+00
400	1.958400000000e-01	0	0.000000000000e+00	4.608212230000e-01	-8.403044750000e-05	0.000000000000e+00
400	1.949800000000e-01	0	0.000000000000e+00	4.609708090000e-01	-8.883174900000e-05	0.000000000000e+00
400	1.941300000000e-01	0	0.000000000000e+00	4.609070960000e-01	-8.951764920000e-05	0.000000000000e+00
400	1.932400000000e-01	0	0.000000000000e+00	4.608904750000e-01	-8.883174900000e-05	0.000000000000e+00
400	1.923300000000e-01	0	0.000000000000e+00	4.608503090000e-01	-8.814584880000e-05	0.000000000000e+00
400	1.914600000000e-01	0	0.000000000000e+00	4.609576510000e-01	-9.020354950000e-05	0.000000000000e+00
400	1.905900000000e-01	0	0.000000000000e+00	4.609167920000e-01	-8.677404830000e-05	0.000000000000e+00
400	1.898000000000e-01	0	6.103560000000e-05	4.609521110000e-01	-8.677404830000e-05	0.000000000000e+00
400	1.889200000000e-01	0	6.103560000000e-05	4.609493400000e-01	-8.608814810000e-05	0.000000000000e+00
400	1.880700000000e-01	0	0.000000000000e+00	4.607706680000e-01	-8.608814810000e-05	0.000000000000e+00
400	1.871800000000e-01	0	0.000000000000e+00	4.608260700000e-01	-8.540224790000e-05	0.000000000000e+00
400	1.864000000000e-01	0	6.103560000000e-05	4.609105590000e-01	-8.677404830000e-05	0.000000000000e+00
400	1.855300000000e-01	0	6.103560000000e-05	4.609860440000e-01	-8.334454720000e-05	0.000000000000e+00
400	1.846500000000e-01	0	0.000000000000e+00	4.609147140000e-01	-8.540224790000e-05	0.000000000000e+00
400	1.837600000000e-01	0	6.103560000000e-05	4.607803630000e-01	-9.020354950000e-05	0.000000000000e+00
400	1.828500000000e-01	0	0.000000000000e+00	4.608052940000e-01	-8.265864700000e-05	0.000000000000e+00
400	1.820100000000e-01	0	0.000000000000e+00	4.609070960000e-01	-8.951764920000e-05	0.000000000000e+00
400	1.811000000000e-01	0	0.000000000000e+00	4.608897830000e-01	-8.745994860000e-05	0.000000000000e+00
400	1.803600000000e-01	0	0.000000000000e+00	4.609604210000e-01	-8.951764920000e-05	0.000000000000e+00
400	1.794800000000e-01	0	6.103560000000e-05	4.609292570000e-01	-9.157534990000e-05	0.000000000000e+00
400	1.786100000000e-01	0	0.000000000000e+00	4.608530790000e-01	-9.020354950000e-05	0.000000000000e+00
400	1.777200000000e-01	0	0.000000000000e+00	4.608426910000e-01	-8.471634770000e-05	0.000000000000e+00
400	1.769400000000e-01	0	0.000000000000e+00	4.607935210000e-01	-8.197274680000e-05	0.000000000000e+00
400	1.760800000000e-01	0	0.000000000000e+00	4.609431080000e-01	-8.883174900000e-05	0.000000000000e+00
400	1.751700000000e-01	0	0.000000000000e+00	4.609001710000e-01	-8.814584880000e-05	0.000000000000e+00
400	1.742800000000e-01	0	0.000000000000e+00	4.608219150000e-01	-9.294715030000e-05	0.000000000000e+00
400	1.734300000000e-01	0	6.103560000000e-05	4.608059870000e-01	-8.608814810000e-05	0.000000000000e+00
400	1.725700000000e-01	0	0.000000000000e+00	4.608101420000e-01	-8.608814810000e-05	0.000000000000e+00
400	1.717500000000e-01	0	0.000000000000e+00	4.608482310000e-01	-8.883174900000e-05	0.000000000000e+00
400	1.708900000000e-01	0	0.000000000000e+00	4.609029410000e-01	-8.608814810000e-05	0.000000000000e+00
400	1.700200000000e-01	0	0.000000000000e+00	4.609438000000e-01	-9.088944970000e-05	0.000000000000e+00
400	1.691300000000e-01	0	6.103560000000e-05	4.609438000000e-01	-8.745994860000e-05	0.000000000000e+00
400	1.682300000000e-01	0	0.000000000000e+00	4.609465700000e-01	-8.883174900000e-05	0.000000000000e+00
400	1.673700000000e-01	0	0.000000000000e+00	4.608496160000e-01	-8.814584880000e-05	0.000000000000e+00
400	1.666200000000e-01	0	0.000000000000e+00	4.608690070000e-01	-8.883174900000e-05	0.000000000000e+00
400	1.657200000000e-01	0	0.000000000000e+00	4.609964320000e-01	-8.471634770000e-05	0.000000000000e+00
400	1.648200000000e-01	0	6.103560000000e-05	4.610698410000e-01	-8.883174900000e-05	0.000000000000e+00
400	1.639400000000e-01	0	6.103560000000e-05	4.610116680000e-01	-8.540224790000e-05	0.000000000000e+00
400	1.631100000000e-01	0	0.000000000000e+00	4.610165160000e-01	-9.569075120000e-05	0.000000000000e+00
400	1.623200000000e-01	0	0.000000000000e+00	4.610428320000e-01	-8.814584880000e-05	0.000000000000e+00
400	1.614400000000e-01	0	0.000000000000e+00	4.610816140000e-01	-8.883174900000e-05	0.000000000000e+00
400	1.605900000000e-01	0	0.000000000000e+00	4.612055760000e-01	-8.745994860000e-05	0.000000000000e+00
400	1.596600000000e-01	0	6.103560000000e-05	4.611764900000e-01	-9.294715030000e-05	0.000000000000e+00
400	1.588000000000e-01	0	0.000000000000e+00	4.610850760000e-01	-9.157534990000e-05	0.000000000000e+00
400	1.579100000000e-01	0	0.000000000000e+00	4.612145790000e-01	-9.020354950000e-05	0.000000000000e+00
400	1.571700000000e-01	0	0.000000000000e+00	4.612332770000e-01	-9.363305060000e-05	0.000000000000e+00
400	1.562400000000e-01	0	6.103560000000e-05	4.612803690000e-01	-9.088944970000e-05	0.000000000000e+00
400	1.554100000000e-01	0	0.000000000000e+00	4.613219210000e-01	-8.814584880000e-05	0.000000000000e+00
400	1.545000000000e-01	0	6.103560000000e-05	4.613343870000e-01	-9.088944970000e-05	0.000000000000e+00
400	1.536200000000e-01	0	0.000000000000e+00	4.613046080000e-01	-8.814584880000e-05	0.000000000000e+00
400	1.528400000000e-01	0	0.000000000000e+00	4.614320330000e-01	-8.471634770000e-05	0.000000000000e+00
400	1.519800000000e-01	0	0.000000000000e+00	4.615123670000e-01	-9.088944970000e-05	0.000000000000e+00
400	1.510800000000e-01	0	0.000000000000e+00	4.616023950000e-01	-8.745994860000e-05	0.000000000000e+00
400	1.501900000000e-01	0	0.000000000000e+00	4.615497630000e-01	-8.883174900000e-05	0.000000000000e+00
400	1.493100000000e-01	0	0.000000000000e+00	4.616432550000e-01	-8.540224790000e-05	0.000000000000e+00
400	1.484900000000e-01	0	0.000000000000e+00	4.615850820000e-01	-8.540224790000e-05	0.000000000000e+00
400	1.476800000000e-01	0	0.000000000000e+00	4.616432550000e-01	-8.403044750000e-05	0.000000000000e+00
400	1.467900000000e-01	0	0.000000000000e+00	4.617076600000e-01	-8.608814810000e-05	0.000000000000e+00
400	1.459400000000e-01	0	0.000000000000e+00	4.618122320000e-01	-8.540224790000e-05	0.000000000000e+00
400	1.450700000000e-01	0	0.000000000000e+00	4.618080770000e-01	-8.471634770000e-05	0.000000000000e+00
400	1.442900000000e-01	0	0.000000000000e+00	4.618226200000e-01	-8.403044750000e-05	0.000000000000e+00
400	1.434100000000e-01	0	0.000000000000e+00	4.617963040000e-01	-8.265864700000e-05	0.000000000000e+00
400	1.425300000000e-01	0	0.000000000000e+00	4.617921480000e-01	-8.334454720000e-05	0.000000000000e+00
400	1.416200000000e-01	0	0.000000000000e+00	4.619036460000e-01	-8.608814810000e-05	0.000000000000e+00
400	1.407400000000e-01	0	0.000000000000e+00	4.620227610000e-01	-8.608814810000e-05	0.000000000000e+00
400	1.398900000000e-01	0	0.000000000000e+00	4.620414590000e-01	-8.471634770000e-05	0.000000000000e+00
400	1.391100000000e-01	0	0.000000000000e+00	4.620172200000e-01	-8.265864700000e-05	0.000000000000e+00
400	1.382100000000e-01	0	0.000000000000e+00	4.620428440000e-01	-8.334454720000e-05	0.000000000000e+00
400	1.373300000000e-01	0	0.000000000000e+00	4.621030940000e-01	-8.060094640000e-05	0.000000000000e+00
400	1.365100000000e-01	0	6.103560000000e-05	4.621211000000e-01	-8.197274680000e-05	0.000000000000e+00
400	1.355700000000e-01	0	0.000000000000e+00	4.622291340000e-01	-8.334454720000e-05	0.000000000000e+00
400	1.348300000000e-01	0	0.000000000000e+00	4.622845370000e-01	-8.197274680000e-05	0.000000000000e+00
400	1.339500000000e-01	0	0.000000000000e+00	4.623025430000e-01	-8.128684660000e-05	0.000000000000e+00
400	1.330700000000e-01	0	0.000000000000e+00	4.622436780000e-01	-8.403044750000e-05	0.000000000000e+00
400	1.321700000000e-01	0	0.000000000000e+00	4.624362010000e-01	-8.197274680000e-05	0.000000000000e+00
400	1.312900000000e-01	0	0.000000000000e+00	4.625352320000e-01	-8.128684660000e-05	0.000000000000e+00
400	1.304300000000e-01	0	0.000000000000e+00	4.625310770000e-01	-8.677404830000e-05	0.000000000000e+00
400	1.296700000000e-01	0	0.000000000000e+00	4.624985280000e-01	-8.471634770000e-05	0.000000000000e+00
400	1.287800000000e-01	0	0.000000000000e+00	4.624874480000e-01	-8.060094640000e-05	0.000000000000e+00
400	1.279100000000e-01	0	0.000000000000e+00	4.624881400000e-01	-8.334454720000e-05	0.000000000000e+00
400	1.270200000000e-01	0	6.103560000000e-05	4.625296920000e-01	-9.294715030000e-05	0.000000000000e+00
400	1.261200000000e-01	0	6.103560000000e-05	4.626314940000e-01	-8.128684660000e-05	0.000000000000e+00
400	1.253700000000e-01	0	6.103560000000e-05	4.626564250000e-01	-7.991504610000e-05	0.000000000000e+00
400	1.244900000000e-01	0	6.103560000000e-05	4.626543470000e-01	-8.334454720000e-05	0.000000000000e+00
400	1.236100000000e-01	0	0.000000000000e+00	4.626335710000e-01	-8.745994860000e-05	0.000000000000e+00
400	1.227100000000e-01	0	0.000000000000e+00	4.627554570000e-01	-8.814584880000e-05	0.000000000000e+00
400	1.218500000000e-01	0	0.000000000000e+00	4.628808040000e-01	-8.745994860000e-05	0.000000000000e+00
400	1.209400000000e-01	0	0.000000000000e+00	4.629694480000e-01	-8.677404830000e-05	0.000000000000e+00
400	1.201800000000e-01	0	0.000000000000e+00	4.628621060000e-01	-8.471634770000e-05	0.000000000000e+00
400	1.193200000000e-01	0	0.000000000000e+00	4.628953480000e-01	-8.745994860000e-05	0.000000000000e+00
400	1.184800000000e-01	0	0.000000000000e+00	4.629542130000e-01	-8.540224790000e-05	0.000000000000e+00
400	1.175600000000e-01	0	0.000000000000e+00	4.629417470000e-01	-9.157534990000e-05	0.000000000000e+00
400	1.166600000000e-01	0	0.000000000000e+00	4.630864860000e-01	-8.883174900000e-05	0.000000000000e+00
400	1.159100000000e-01	0	0.000000000000e+00	4.630636320000e-01	-8.814584880000e-05	0.000000000000e+00
400	1.150400000000e-01	0	0.000000000000e+00	4.631813620000e-01	-8.403044750000e-05	0.000000000000e+00
400	1.141300000000e-01	0	0.000000000000e+00	4.632166810000e-01	-8.608814810000e-05	0.000000000000e+00
400	1.132800000000e-01	0	6.103560000000e-05	4.631605860000e-01	-8.334454720000e-05	0.000000000000e+00
400	1.124200000000e-01	0	0.000000000000e+00	4.630601690000e-01	-8.677404830000e-05	0.000000000000e+00
400	1.116000000000e-01	0	0.000000000000e+00	4.632305320000e-01	-8.677404830000e-05	0.000000000000e+00
400	1.107200000000e-01	0	0.000000000000e+00	4.633302560000e-01	-8.197274680000e-05	0.000000000000e+00
400	1.098800000000e-01	0	0.000000000000e+00	4.632575400000e-01	-8.471634770000e-05	0.000000000000e+00
400	1.089800000000e-01	0	0.000000000000e+00	4.632928590000e-01	-8.197274680000e-05	0.000000000000e+00
400	1.080900000000e-01	0	0.000000000000e+00	4.634708390000e-01	-8.265864700000e-05	0.000000000000e+00
400	1.073200000000e-01	0	0.000000000000e+00	4.634749940000e-01	-8.128684660000e-05	0.000000000000e+00
400	1.064700000000e-01	0	6.103560000000e-05	4.634666840000e-01	-8.471634770000e-05	0.000000000000e+00
400	1.055900000000e-01	0	0.000000000000e+00	4.634964630000e-01	-8.197274680000e-05	0.000000000000e+00
400	1.046700000000e-01	0	0.000000000000e+00	4.635276270000e-01	-8.471634770000e-05	0.000000000000e+00
400	1.038100000000e-01	0	0.000000000000e+00	4.636342760000e-01	-8.334454720000e-05	0.000000000000e+00
400	1.029200000000e-01	0	0.000000000000e+00	4.635255490000e-01	-9.020354950000e-05	0.000000000000e+00
400	1.021500000000e-01	0	0.000000000000e+00	4.635747190000e-01	-8.677404830000e-05	0.000000000000e+00
400	1.012800000000e-01	0	6.103560000000e-05	4.636578220000e-01	-8.540224790000e-05	0.000000000000e+00
400	1.004200000000e-01	0	0.000000000000e+00	4.637056070000e-01	-8.334454720000e-05	0.000000000000e+00
400	9.952000000000e-02	0	0.000000000000e+00	4.637672420000e-01	-8.608814810000e-05	0.000000000000e+00
400	9.863000000000e-02	0	0.000000000000e+00	4.637443880000e-01	-8.814584880000e-05	0.000000000000e+00
400	9.776000000000e-02	0	0.000000000000e+00	4.636785980000e-01	-8.334454720000e-05	0.000000000000e+00
400	9.700000000000e-02	0	0.000000000000e+00	4.637630870000e-01	-8.197274680000e-05	0.000000000000e+00
400	9.610000000000e-02	0	6.103560000000e-05	4.639722300000e-01	-8.814584880000e-05	0.000000000000e+00
400	9.522000000000e-02	0	0.000000000000e+00	4.638849720000e-01	-8.951764920000e-05	0.000000000000e+00
400	9.433000000000e-02	0	0.000000000000e+00	4.639099030000e-01	-8.540224790000e-05	0.000000000000e+00
400	9.350000000000e-02	0	0.000000000000e+00	4.639140580000e-01	-8.128684660000e-05	0.000000000000e+00
400	9.270000000000e-02	0	0.000000000000e+00	4.640518710000e-01	-8.951764920000e-05	0.000000000000e+00
400	9.183000000000e-02	0	0.000000000000e+00	4.635172390000e-01	-8.883174900000e-05	0.000000000000e+00
400	9.097000000000e-02	0	6.103560000000e-05	4.641626760000e-01	-8.677404830000e-05	0.000000000000e+00
400	9.003000000000e-02	0	0.000000000000e+00	4.642229260000e-01	-8.814584880000e-05	0.000000000000e+00
400	8.919000000000e-02	0	6.103560000000e-05	4.640934230000e-01	-8.745994860000e-05	0.000000000000e+00
400	8.830000000000e-02	0	6.103560000000e-05	4.641294350000e-01	-9.363305060000e-05	0.000000000000e+00
400	8.756000000000e-02	0	0.000000000000e+00	4.642236190000e-01	-8.608814810000e-05	0.000000000000e+00
400	8.668000000000e-02	0	0.000000000000e+00	4.641973020000e-01	-9.088944970000e-05	0.000000000000e+00
400	8.577000000000e-02	0	0.000000000000e+00	4.642991040000e-01	-8.745994860000e-05	0.000000000000e+00
400	8.490000000000e-02	0	0.000000000000e+00	4.642824840000e-01	-8.883174900000e-05	0.000000000000e+00
400	8.400000000000e-02	0	0.000000000000e+00	4.642353920000e-01	-8.883174900000e-05	0.000000000000e+00
400	8.322000000000e-02	0	6.103560000000e-05	4.642762510000e-01	-8.677404830000e-05	0.000000000000e+00
400	8.240000000000e-02	0	0.000000000000e+00	4.642921790000e-01	-9.157534990000e-05	0.000000000000e+00
400	8.147000000000e-02	0	0.000000000000e+00	4.644223740000e-01	-8.883174900000e-05	0.000000000000e+00
400	8.062000000000e-02	0	0.000000000000e+00	4.645227910000e-01	-8.471634770000e-05	0.000000000000e+00
400	7.974000000000e-02	0	0.000000000000e+00	4.643946730000e-01	-9.088944970000e-05	0.000000000000e+00
400	7.887000000000e-02	0	0.000000000000e+00	4.643773600000e-01	-8.745994860000e-05	0.000000000000e+00
400	7.806000000000e-02	0	0.000000000000e+00	4.644466130000e-01	-8.814584880000e-05	0.000000000000e+00
400	7.718000000000e-02	0	0.000000000000e+00	4.644036760000e-01	-8.334454720000e-05	0.000000000000e+00
400	7.636000000000e-02	0	0.000000000000e+00	4.645525700000e-01	-9.294715030000e-05	0.000000000000e+00
400	7.543000000000e-02	0	0.000000000000e+00	4.645442600000e-01	-9.157534990000e-05	0.000000000000e+00
400	7.465000000000e-02	0	0.000000000000e+00	4.644230670000e-01	-8.951764920000e-05	0.000000000000e+00
400	7.380000000000e-02	0	0.000000000000e+00	4.644431500000e-01	-8.334454720000e-05	0.000000000000e+00
400	7.294000000000e-02	0	0.000000000000e+00	4.644930120000e-01	-9.020354950000e-05	0.000000000000e+00
400	7.204000000000e-02	0	0.000000000000e+00	4.644777770000e-01	-9.020354950000e-05	0.000000000000e+00
400	7.116000000000e-02	0	0.000000000000e+00	4.645130960000e-01	-9.431895080000e-05	0.000000000000e+00
400	7.027000000000e-02	0	6.103560000000e-05	4.646432910000e-01	-8.883174900000e-05	0.000000000000e+00
400	6.938000000000e-02	0	6.103560000000e-05	4.645470300000e-01	-9.088944970000e-05	0.000000000000e+00
400	6.861000000000e-02	0	6.103560000000e-05	4.645027080000e-01	-9.020354950000e-05	0.000000000000e+00
400	6.772000000000e-02	0	0.000000000000e+00	4.645151730000e-01	-8.883174900000e-05	0.000000000000e+00
400	6.686000000000e-02	0	0.000000000000e+00	4.646356730000e-01	-9.088944970000e-05	0.000000000000e+00
400	6.600000000000e-02	0	0.000000000000e+00	4.646730700000e-01	-9.020354950000e-05	0.000000000000e+00
400	6.510000000000e-02	0	0.000000000000e+00	4.646086650000e-01	-8.608814810000e-05	0.000000000000e+00
400	6.436000000000e-02	0	6.103560000000e-05	4.645456450000e-01	-9.088944970000e-05	0.000000000000e+00
400	6.346000000000e-02	0	0.000000000000e+00	4.645546480000e-01	-9.157534990000e-05	0.000000000000e+00
400	6.255000000000e-02	0	0.000000000000e+00	4.646239000000e-01	-9.157534990000e-05	0.000000000000e+00
400	6.172000000000e-02	0	6.103560000000e-05	4.646654520000e-01	-8.951764920000e-05	0.000000000000e+00
400	6.081000000000e-02	0	0.000000000000e+00	4.645830410000e-01	-9.157534990000e-05	0.000000000000e+00
400	6.005000000000e-02	0	0.000000000000e+00	4.645858110000e-01	-8.883174900000e-05	0.000000000000e+00
400	5.917000000000e-02	0	0.000000000000e+00	4.645934290000e-01	-8.951764920000e-05	0.000000000000e+00
400	5.829000000000e-02	0	0.000000000000e+00	4.646869210000e-01	-9.020354950000e-05	0.000000000000e+00
400	5.741000000000e-02	0	0.000000000000e+00	4.646765330000e-01	-8.814584880000e-05	0.000000000000e+00
400	5.650000000000e-02	0	0.000000000000e+00	4.647727940000e-01	-9.020354950000e-05	0.000000000000e+00
400	5.566000000000e-02	0	6.103560000000e-05	4.647000790000e-01	-9.226125010000e-05	0.000000000000e+00
400	5.490000000000e-02	0	0.000000000000e+00	4.646903830000e-01	-9.226125010000e-05	0.000000000000e+00
400	5.400000000000e-02	0	0.000000000000e+00	4.645989690000e-01	-9.294715030000e-05	0.000000000000e+00
400	5.307000000000e-02	0	0.000000000000e+00	4.646959230000e-01	-9.226125010000e-05	0.000000000000e+00
400	5.222000000000e-02	0	0.000000000000e+00	4.648018800000e-01	-8.883174900000e-05	0.000000000000e+00
400	5.136000000000e-02	0	0.000000000000e+00	4.644493830000e-01	-8.677404830000e-05	0.000000000000e+00
400	5.057000000000e-02	0	6.103560000000e-05	4.642956420000e-01	-8.745994860000e-05	0.000000000000e+00
400	4.969000000000e-02	0	6.103560000000e-05	4.642575520000e-01	-8.814584880000e-05	0.000000000000e+00
400	4.882000000000e-02	0	0.000000000000e+00	4.643157250000e-01	-8.745994860000e-05	0.000000000000e+00
400	4.793000000000e-02	0	0.000000000000e+00	4.642949490000e-01	-9.088944970000e-05	0.000000000000e+00
400	4.706000000000e-02	0	0.000000000000e+00	4.642506270000e-01	-9.226125010000e-05	0.000000000000e+00
400	4.618000000000e-02	0	6.103560000000e-05	4.642471650000e-01	-8.883174900000e-05	0.000000000000e+00
400	4.530000000000e-02	0	6.103560000000e-05	4.642367770000e-01	-8.883174900000e-05	0.000000000000e+00
400	4.453000000000e-02	0	0.000000000000e+00	4.641197390000e-01	-9.020354950000e-05	0.000000000000e+00
400	4.364000000000e-02	0	0.000000000000e+00	4.641363600000e-01	-9.157534990000e-05	0.000000000000e+00
400	4.279000000000e-02	0	6.103560000000e-05	4.641966100000e-01	-9.020354950000e-05	0.000000000000e+00
400	4.188000000000e-02	0	0.000000000000e+00	4.641723710000e-01	-9.706255170000e-05	0.000000000000e+00
400	4.113000000000e-02	0	0.000000000000e+00	4.640103200000e-01	-9.980615260000e-05	0.000000000000e+00
400	4.026000000000e-02	0	6.103560000000e-05	4.639784630000e-01	-9.637665140000e-05	0.000000000000e+00
400	3.938000000000e-02	0	0.000000000000e+00	4.640054720000e-01	-9.363305060000e-05	0.000000000000e+00
400	3.849000000000e-02	0	0.000000000000e+00	4.640428680000e-01	-9.637665140000e-05	0.000000000000e+00
400	3.762000000000e-02	0	0.000000000000e+00	4.640020090000e-01	-9.843435210000e-05	0.000000000000e+00
400	3.674000000000e-02	0	0.000000000000e+00	4.639763860000e-01	-9.431895080000e-05	0.000000000000e+00
400	3.595000000000e-02	0	0.000000000000e+00	4.639355260000e-01	-9.843435210000e-05	0.000000000000e+00
400	3.512000000000e-02	0	0.000000000000e+00	4.637672420000e-01	-9.431895080000e-05	0.000000000000e+00
400	3.420000000000e-02	0	0.000000000000e+00	4.638247220000e-01	-9.637665140000e-05	0.000000000000e+00
400	3.337000000000e-02	0	0.000000000000e+00	4.638087940000e-01	-9.500485100000e-05	0.000000000000e+00
400	3.241000000000e-02	0	0.000000000000e+00	4.638835870000e-01	-9.569075120000e-05	0.000000000000e+00
400	3.157000000000e-02	0	0.000000000000e+00	4.638822020000e-01	-9.980615260000e-05	0.000000000000e+00
400	3.081000000000e-02	0	6.103560000000e-05	4.638219520000e-01	-9.637665140000e-05	0.000000000000e+00
400	2.992000000000e-02	0	6.103560000000e-05	4.636869080000e-01	-9.980615260000e-05	0.000000000000e+00
400	2.905000000000e-02	0	0.000000000000e+00	4.638392650000e-01	-9.226125010000e-05	0.000000000000e+00
400	2.817000000000e-02	0	0.000000000000e+00	4.637256900000e-01	-9.706255170000e-05	0.000000000000e+00
400	2.728000000000e-02	0	0.000000000000e+00	4.638344170000e-01	-9.500485100000e-05	0.000000000000e+00
400	2.650000000000e-02	0	0.000000000000e+00	4.637436960000e-01	-9.980615260000e-05	0.000000000000e+00
400	2.565000000000e-02	0	6.103560000000e-05	4.636335840000e-01	-9.912025230000e-05	0.000000000000e+00
400	2.475000000000e-02	0	0.000000000000e+00	4.636308140000e-01	-9.843435210000e-05	0.000000000000e+00
400	2.385000000000e-02	0	0.000000000000e+00	4.637416180000e-01	-9.843435210000e-05	0.000000000000e+00
400	2.298000000000e-02	0	0.000000000000e+00	4.637374630000e-01	-1.011779530000e-04	0.000000000000e+00
400	2.209000000000e-02	0	0.000000000000e+00	4.638018680000e-01	-9.774845190000e-05	0.000000000000e+00
400	2.134000000000e-02	0	0.000000000000e+00	4.637693190000e-01	-9.431895080000e-05	0.000000000000e+00
400	2.047000000000e-02	0	0.000000000000e+00	4.637049140000e-01	-1.046074540000e-04	0.000000000000e+00
400	1.956000000000e-02	0	6.103560000000e-05	4.635837220000e-01	-1.052933540000e-04	0.000000000000e+00
400	1.871000000000e-02	0	0.000000000000e+00	4.637284600000e-01	-1.052933540000e-04	0.000000000000e+00
400	1.781000000000e-02	0	0.000000000000e+00	4.637388480000e-01	-1.039215540000e-04	0.000000000000e+00
400	1.705000000000e-02	0	0.000000000000e+00	4.637610090000e-01	-1.025497530000e-04	0.000000000000e+00
400	1.618000000000e-02	0	0.000000000000e+00	4.636599000000e-01	-1.046074540000e-04	0.000000000000e+00
400	1.530000000000e-02	0	6.103560000000e-05	4.636197330000e-01	-1.073510550000e-04	0.000000000000e+00
400	1.441000000000e-02	0	6.103560000000e-05	4.635802590000e-01	-1.018638530000e-04	0.000000000000e+00
400	1.355000000000e-02	0	6.103560000000e-05	4.636661330000e-01	-1.046074540000e-04	0.000000000000e+00
400	1.267000000000e-02	0	0.000000000000e+00	4.636765200000e-01	-1.052933540000e-04	0.000000000000e+00
400	1.188000000000e-02	0	0.000000000000e+00	4.637880180000e-01	-1.059792550000e-04	0.000000000000e+00
400	1.096000000000e-02	0	6.103560000000e-05	4.636058820000e-01	-1.080369550000e-04	0.000000000000e+00
400	1.011000000000e-02	0	6.103560000000e-05	4.636425870000e-01	-1.066651550000e-04	0.000000000000e+00
400	9.260000000000e-03	0	0.000000000000e+00	4.635248570000e-01	-1.025497530000e-04	0.000000000000e+00
400	8.450000000000e-03	0	0.000000000000e+00	4.635788740000e-01	-1.073510550000e-04	0.000000000000e+00
400	7.600000000000e-03	0	0.000000000000e+00	4.635837220000e-01	-1.039215540000e-04	0.000000000000e+00
400	6.690000000000e-03	0	6.103560000000e-05	4.635740260000e-01	-1.087228550000e-04	0.000000000000e+00
400	5.820000000000e-03	0	6.103560000000e-05	4.635664080000e-01	-1.059792550000e-04	0.000000000000e+00
400	4.920000000000e-03	0	0.000000000000e+00	4.635006180000e-01	-1.059792550000e-04	0.000000000000e+00
400	4.060000000000e-03	0	0.000000000000e+00	4.634936930000e-01	-1.059792550000e-04	0.000000000000e+00
400	3.230000000000e-03	0	0.000000000000e+00	4.635615610000e-01	-1.080369550000e-04	0.000000000000e+00
400	2.390000000000e-03	0	6.103560000000e-05	4.636349690000e-01	-1.080369550000e-04	0.000000000000e+00
400	1.540000000000e-03	0	0.000000000000e+00	4.634971550000e-01	-1.107805560000e-04	0.000000000000e+00
400	6.700000000000e-04	0	6.103560000000e-05	4.634666840000e-01	-1.094087560000e-04	0.000000000000e+00
400	-2.300000000000e-04	0	6.103560000000e-05	4.634916150000e-01	-1.066651550000e-04	0.000000000000e+00
400	-9.900000000000e-04	0	6.103560000000e-05	4.635269340000e-01	-1.059792550000e-04	0.000000000000e+00
400	-1.850000000000e-03	0	0.000000000000e+00	4.636204260000e-01	-1.107805560000e-04	0.000000000000e+00
400	-2.740000000000e-03	0	0.000000000000e+00	4.635227790000e-01	-1.087228550000e-04	0.000000000000e+00
400	-3.650000000000e-03	0	6.103560000000e-05	4.633981240000e-01	-1.025497530000e-04	0.000000000000e+00
400	-4.480000000000e-03	0	0.000000000000e+00	4.634999260000e-01	-1.094087560000e-04	0.000000000000e+00
400	-5.410000000000e-03	0	0.000000000000e+00	4.634576810000e-01	-1.046074540000e-04	0.000000000000e+00
400	-6.160000000000e-03	0	0.000000000000e+00	4.635331670000e-01	-1.025497530000e-04	0.000000000000e+00
400	-7.040000000000e-03	0	0.000000000000e+00	4.635248570000e-01	-1.011779530000e-04	0.000000000000e+00
400	-7.910000000000e-03	0	0.000000000000e+00	4.634936930000e-01	-1.046074540000e-04	0.000000000000e+00
400	-8.750000000000e-03	0	6.103560000000e-05	4.634542190000e-01	-1.080369550000e-04	0.000000000000e+00
400	-9.680000000000e-03	0	6.103560000000e-05	4.635283190000e-01	-1.025497530000e-04	0.000000000000e+00
400	-1.045000000000e-02	0	6.103560000000e-05	4.623046200000e-01	-1.052933540000e-04	0.000000000000e+00
400	-1.130000000000e-02	0	0.000000000000e+00	4.623371690000e-01	-1.011779530000e-04	0.000000000000e+00
400	-1.222000000000e-02	0	0.000000000000e+00	4.624133470000e-01	-1.011779530000e-04	0.000000000000e+00
400	-1.310000000000e-02	0	0.000000000000e+00	4.624507440000e-01	-1.046074540000e-04	0.000000000000e+00
400	-1.398000000000e-02	0	0.000000000000e+00	4.624154250000e-01	-1.018638530000e-04	0.000000000000e+00
400	-1.480000000000e-02	0	0.000000000000e+00	4.623904940000e-01	-1.052933540000e-04	0.000000000000e+00
400	-1.560000000000e-02	0	0.000000000000e+00	4.624223500000e-01	-1.032356540000e-04	0.000000000000e+00
400	-1.648000000000e-02	0	0.000000000000e+00	4.623053130000e-01	-1.052933540000e-04	0.000000000000e+00
400	-1.739000000000e-02	0	0.000000000000e+00	4.623794130000e-01	-1.039215540000e-04	0.000000000000e+00
400	-1.824000000000e-02	0	0.000000000000e+00	4.624271980000e-01	-1.025497530000e-04	0.000000000000e+00
400	-1.912000000000e-02	0	6.103560000000e-05	4.624500510000e-01	-1.004920530000e-04	0.000000000000e+00
400	-1.992000000000e-02	0	0.000000000000e+00	4.623087750000e-01	-1.059792550000e-04	0.000000000000e+00
400	-2.077000000000e-02	0	0.000000000000e+00	4.623801060000e-01	-1.039215540000e-04	0.000000000000e+00
400	-2.167000000000e-02	0	0.000000000000e+00	4.623842610000e-01	-1.052933540000e-04	0.000000000000e+00
400	-2.252000000000e-02	0	0.000000000000e+00	4.624265050000e-01	-1.073510550000e-04	0.000000000000e+00
400	-2.341000000000e-02	0	0.000000000000e+00	4.625019910000e-01	-1.087228550000e-04	0.000000000000e+00
400	-2.417000000000e-02	0	0.000000000000e+00	4.624604390000e-01	-1.032356540000e-04	0.000000000000e+00
400	-2.508000000000e-02	0	6.103560000000e-05	4.623766430000e-01	-1.066651550000e-04	0.000000000000e+00
400	-2.597000000000e-02	0	0.000000000000e+00	4.623267810000e-01	-1.052933540000e-04	0.000000000000e+00
400	-2.682000000000e-02	0	0.000000000000e+00	4.623413240000e-01	-1.018638530000e-04	0.000000000000e+00
400	-2.770000000000e-02	0	0.000000000000e+00	4.624181950000e-01	-1.004920530000e-04	0.000000000000e+00
400	-2.850000000000e-02	0	6.103560000000e-05	4.624763670000e-01	-1.018638530000e-04	0.000000000000e+00
400	-2.936000000000e-02	0	0.000000000000e+00	4.624258130000e-01	-1.046074540000e-04	0.000000000000e+00
400	-3.021000000000e-02	0	6.103560000000e-05	4.623323210000e-01	-1.025497530000e-04	0.000000000000e+00
400	-3.108000000000e-02	0	0.000000000000e+00	4.623240110000e-01	-1.025497530000e-04	0.000000000000e+00
400	-3.201000000000e-02	0	0.000000000000e+00	4.623759510000e-01	-1.039215540000e-04	0.000000000000e+00
400	-3.286000000000e-02	0	0.000000000000e+00	4.623025430000e-01	-1.046074540000e-04	0.000000000000e+00
400	-3.365000000000e-02	0	0.000000000000e+00	4.624715200000e-01	-1.046074540000e-04	0.000000000000e+00
400	-3.452000000000e-02	0	6.103560000000e-05	4.624396630000e-01	-1.032356540000e-04	0.000000000000e+00
400	-3.540000000000e-02	0	6.103560000000e-05	4.622429850000e-01	-1.039215540000e-04	0.000000000000e+00
400	-3.631000000000e-02	0	6.103560000000e-05	4.621903530000e-01	-1.046074540000e-04	0.000000000000e+00
400	-3.706000000000e-02	0	0.000000000000e+00	4.622879990000e-01	-1.025497530000e-04	0.000000000000e+00
400	-3.795000000000e-02	0	0.000000000000e+00	4.624078070000e-01	-1.032356540000e-04	0.000000000000e+00
400	-3.882000000000e-02	0	0.000000000000e+00	4.622602980000e-01	-1.032356540000e-04	0.000000000000e+00
400	-3.969000000000e-02	0	6.103560000000e-05	4.624895250000e-01	-1.004920530000e-04	0.000000000000e+00
400	-4.058000000000e-02	0	0.000000000000e+00	4.623752580000e-01	-1.018638530000e-04	0.000000000000e+00
400	-4.143000000000e-02	0	6.103560000000e-05	4.624050370000e-01	-1.004920530000e-04	0.000000000000e+00
400	-4.231000000000e-02	0	6.103560000000e-05	4.635857990000e-01	-1.018638530000e-04	0.000000000000e+00
400	-4.315000000000e-02	0	6.103560000000e-05	4.636779060000e-01	-1.046074540000e-04	0.000000000000e+00
400	-4.399000000000e-02	0	6.103560000000e-05	4.636287360000e-01	-1.025497530000e-04	0.000000000000e+00
400	-4.485000000000e-02	0	6.103560000000e-05	4.636467420000e-01	-1.018638530000e-04	0.000000000000e+00
400	-4.577000000000e-02	0	6.103560000000e-05	4.636993740000e-01	-9.912025230000e-05	0.000000000000e+00
400	-4.663000000000e-02	0	0.000000000000e+00	4.638759690000e-01	-1.032356540000e-04	0.000000000000e+00
400	-4.739000000000e-02	0	0.000000000000e+00	4.639112880000e-01	-1.059792550000e-04	0.000000000000e+00
400	-4.827000000000e-02	0	0.000000000000e+00	4.640581040000e-01	-1.011779530000e-04	0.000000000000e+00
400	-4.918000000000e-02	0	0.000000000000e+00	4.641335900000e-01	-1.004920530000e-04	0.000000000000e+00
400	-5.004000000000e-02	0	6.103560000000e-05	4.641086590000e-01	-1.039215540000e-04	0.000000000000e+00
400	-5.092000000000e-02	0	0.000000000000e+00	4.641966100000e-01	-1.025497530000e-04	0.000000000000e+00
400	-5.169000000000e-02	0	0.000000000000e+00	4.642589380000e-01	-1.066651550000e-04	0.000000000000e+00
400	-5.259000000000e-02	0	0.000000000000e+00	4.643455040000e-01	-1.011779530000e-04	0.000000000000e+00
400	-5.346000000000e-02	0	6.103560000000e-05	4.643863630000e-01	-9.980615260000e-05	0.000000000000e+00
400	-5.432000000000e-02	0	0.000000000000e+00	4.643434260000e-01	-9.912025230000e-05	0.000000000000e+00
400	-5.523000000000e-02	0	6.103560000000e-05	4.643946730000e-01	-9.637665140000e-05	0.000000000000e+00
400	-5.611000000000e-02	0	0.000000000000e+00	4.644493830000e-01	-9.637665140000e-05	0.000000000000e+00
400	-5.685000000000e-02	0	0.000000000000e+00	4.644639260000e-01	-9.363305060000e-05	0.000000000000e+00
400	-5.775000000000e-02	0	0.000000000000e+00	4.645456450000e-01	-9.569075120000e-05	0.000000000000e+00
400	-5.861000000000e-02	0	6.103560000000e-05	4.645525700000e-01	-9.569075120000e-05	0.000000000000e+00
400	-5.946000000000e-02	0	6.103560000000e-05	4.644383030000e-01	-9.912025230000e-05	0.000000000000e+00
400	-6.036000000000e-02	0	6.103560000000e-05	4.644092160000e-01	-9.843435210000e-05	0.000000000000e+00
400	-6.116000000000e-02	0	0.000000000000e+00	4.645207140000e-01	-9.637665140000e-05	0.000000000000e+00
400	-6.202000000000e-02	0	0.000000000000e+00	4.645304090000e-01	-9.912025230000e-05	0.000000000000e+00
400	-6.289000000000e-02	0	0.000000000000e+00	4.646155900000e-01	-9.706255170000e-05	0.000000000000e+00
400	-6.376000000000e-02	0	6.103560000000e-05	4.637630870000e-01	-9.500485100000e-05	0.000000000000e+00
400	-6.468000000000e-02	0	6.103560000000e-05	4.637243050000e-01	-9.431895080000e-05	0.000000000000e+00
400	-6.554000000000e-02	0	0.000000000000e+00	4.636335840000e-01	-1.011779530000e-04	0.000000000000e+00
400	-6.630000000000e-02	0	0.000000000000e+00	4.636737500000e-01	-9.843435210000e-05	0.000000000000e+00
400	-6.717000000000e-02	0	0.000000000000e+00	4.637312300000e-01	-9.843435210000e-05	0.000000000000e+00
400	-6.808000000000e-02	0	0.000000000000e+00	4.637776300000e-01	-9.637665140000e-05	0.000000000000e+00
400	-6.895000000000e-02	0	0.000000000000e+00	4.637076840000e-01	-9.500485100000e-05	0.000000000000e+00
400	-6.985000000000e-02	0	0.000000000000e+00	4.636474340000e-01	-9.500485100000e-05	0.000000000000e+00
400	-7.061000000000e-02	0	6.103560000000e-05	4.636446640000e-01	-9.980615260000e-05	0.000000000000e+00
400	-7.148000000000e-02	0	0.000000000000e+00	4.637319230000e-01	-9.637665140000e-05	0.000000000000e+00
400	-7.235000000000e-02	0	0.000000000000e+00	4.638364950000e-01	-9.980615260000e-05	0.000000000000e+00
400	-7.326000000000e-02	0	0.000000000000e+00	4.637928650000e-01	-1.011779530000e-04	0.000000000000e+00
400	-7.413000000000e-02	0	0.000000000000e+00	4.637492360000e-01	-9.774845190000e-05	0.000000000000e+00
400	-7.499000000000e-02	0	0.000000000000e+00	4.636003420000e-01	-1.039215540000e-04	0.000000000000e+00
400	-7.577000000000e-02	0	0.000000000000e+00	4.635490950000e-01	-9.774845190000e-05	0.000000000000e+00
400	-7.667000000000e-02	0	6.103560000000e-05	4.636294280000e-01	-1.011779530000e-04	0.000000000000e+00
400	-7.754000000000e-02	0	0.000000000000e+00	4.636827530000e-01	-9.843435210000e-05	0.000000000000e+00
400	-7.840000000000e-02	0	0.000000000000e+00	4.636557450000e-01	-9.774845190000e-05	0.000000000000e+00
400	-7.917000000000e-02	0	0.000000000000e+00	4.635740260000e-01	-1.039215540000e-04	0.000000000000e+00
400	-8.006000000000e-02	0	0.000000000000e+00	4.635594830000e-01	-9.774845190000e-05	0.000000000000e+00
400	-8.094000000000e-02	0	0.000000000000e+00	4.635767960000e-01	-1.039215540000e-04	0.000000000000e+00
400	-8.180000000000e-02	0	0.000000000000e+00	4.637312300000e-01	-9.843435210000e-05	0.000000000000e+00
400	-8.270000000000e-02	0	0.000000000000e+00	4.636986810000e-01	-9.431895080000e-05	0.000000000000e+00
400	-8.360000000000e-02	0	0.000000000000e+00	4.636488190000e-01	-9.912025230000e-05	0.000000000000e+00
400	-8.442000000000e-02	0	0.000000000000e+00	4.635837220000e-01	-1.039215540000e-04	0.000000000000e+00
400	-8.525000000000e-02	0	0.000000000000e+00	4.635532500000e-01	-1.032356540000e-04	0.000000000000e+00
400	-8.608000000000e-02	0	0.000000000000e+00	4.635380150000e-01	-9.843435210000e-05	0.000000000000e+00
400	-8.699000000000e-02	0	0.000000000000e+00	4.635823370000e-01	-1.018638530000e-04	0.000000000000e+00
400	-8.786000000000e-02	0	0.000000000000e+00	4.635885690000e-01	-1.025497530000e-04	0.000000000000e+00
400	-8.864000000000e-02	0	0.000000000000e+00	4.636612850000e-01	-1.011779530000e-04	0.000000000000e+00
400	-8.952000000000e-02	0	0.000000000000e+00	4.635151610000e-01	-9.980615260000e-05	0.000000000000e+00
400	-9.038000000000e-02	0	0.000000000000e+00	4.635477100000e-01	-9.843435210000e-05	0.000000000000e+00
400	-9.133000000000e-02	0	0.000000000000e+00	4.635089280000e-01	-9.843435210000e-05	0.000000000000e+00
400	-9.217000000000e-02	0	0.000000000000e+00	4.634874600000e-01	-9.912025230000e-05	0.000000000000e+00
400	-9.294000000000e-02	0	0.000000000000e+00	4.635629460000e-01	-9.980615260000e-05	0.000000000000e+00
400	-9.381000000000e-02	0	0.000000000000e+00	4.635193160000e-01	-1.046074540000e-04	0.000000000000e+00
400	-9.470000000000e-02	0	0.000000000000e+00	4.635103130000e-01	-1.004920530000e-04	0.000000000000e+00
400	-9.556000000000e-02	0	0.000000000000e+00	4.634285950000e-01	-1.025497530000e-04	0.000000000000e+00
400	-9.644000000000e-02	0	6.103560000000e-05	4.633995090000e-01	-9.843435210000e-05	0.000000000000e+00
400	-9.722000000000e-02	0	0.000000000000e+00	4.634202850000e-01	-1.025497530000e-04	0.000000000000e+00
400	-9.808000000000e-02	0	0.000000000000e+00	4.634424460000e-01	-1.059792550000e-04	0.000000000000e+00
400	-9.900000000000e-02	0	0.000000000000e+00	4.634812270000e-01	-1.046074540000e-04	0.000000000000e+00
400	-9.982000000000e-02	0	0.000000000000e+00	4.633475690000e-01	-9.912025230000e-05	0.000000000000e+00
400	-1.007400000000e-01	0	6.103560000000e-05	4.633607270000e-01	-9.569075120000e-05	0.000000000000e+00
400	-1.016000000000e-01	0	0.000000000000e+00	4.633357960000e-01	-1.039215540000e-04	0.000000000000e+00
400	-1.024800000000e-01	0	0.000000000000e+00	4.634479860000e-01	-1.011779530000e-04	0.000000000000e+00
400	-1.032800000000e-01	0	0.000000000000e+00	4.634916150000e-01	-9.637665140000e-05	0.000000000000e+00
400	-1.041600000000e-01	0	0.000000000000e+00	4.634147440000e-01	-9.843435210000e-05	0.000000000000e+00
400	-1.050100000000e-01	0	0.000000000000e+00	4.634452160000e-01	-9.637665140000e-05	0.000000000000e+00
400	-1.059500000000e-01	0	0.000000000000e+00	4.635137760000e-01	-9.569075120000e-05	0.000000000000e+00
400	-1.067100000000e-01	0	0.000000000000e+00	4.633524170000e-01	-1.025497530000e-04	0.000000000000e+00
400	-1.075400000000e-01	0	0.000000000000e+00	4.634341350000e-01	-9.706255170000e-05	0.000000000000e+00
400	-1.084100000000e-01	0	0.000000000000e+00	4.634812270000e-01	-9.226125010000e-05	0.000000000000e+00
400	-1.093200000000e-01	0	0.000000000000e+00	4.635359370000e-01	-9.774845190000e-05	0.000000000000e+00
400	-1.102000000000e-01	0	0.000000000000e+00	4.635407850000e-01	-9.157534990000e-05	0.000000000000e+00
400	-1.109900000000e-01	0	0.000000000000e+00	4.634362130000e-01	-9.294715030000e-05	0.000000000000e+00
400	-1.118500000000e-01	0	0.000000000000e+00	4.633579570000e-01	-9.294715030000e-05	0.000000000000e+00
400	-1.127200000000e-01	0	0.000000000000e+00	4.632803940000e-01	-9.843435210000e-05	0.000000000000e+00
400	-1.135900000000e-01	0	0.000000000000e+00	4.633503390000e-01	-9.157534990000e-05	0.000000000000e+00
400	-1.144500000000e-01	0	0.000000000000e+00	4.633565720000e-01	-9.020354950000e-05	0.000000000000e+00
400	-1.152900000000e-01	0	0.000000000000e+00	4.632395350000e-01	-9.637665140000e-05	0.000000000000e+00
400	-1.161400000000e-01	0	0.000000000000e+00	4.632007530000e-01	-9.157534990000e-05	0.000000000000e+00
400	-1.169900000000e-01	0	0.000000000000e+00	4.631917500000e-01	-9.363305060000e-05	0.000000000000e+00
400	-1.179200000000e-01	0	0.000000000000e+00	4.631785920000e-01	-9.363305060000e-05	0.000000000000e+00
400	-1.187900000000e-01	0	0.000000000000e+00	4.631592010000e-01	-9.637665140000e-05	0.000000000000e+00
400	-1.196700000000e-01	0	0.000000000000e+00	4.631792850000e-01	-9.226125010000e-05	0.000000000000e+00
400	-1.204100000000e-01	0	0.000000000000e+00	4.630719420000e-01	-9.500485100000e-05	0.000000000000e+00
400	-1.212900000000e-01	0	0.000000000000e+00	4.631280370000e-01	-9.569075120000e-05	0.000000000000e+00
400	-1.221900000000e-01	0	0.000000000000e+00	4.630393940000e-01	-9.088944970000e-05	0.000000000000e+00
400	-1.230400000000e-01	0	6.103560000000e-05	4.630103070000e-01	-9.363305060000e-05	0.000000000000e+00
400	-1.239500000000e-01	0	0.000000000000e+00	4.630338530000e-01	-9.431895080000e-05	0.000000000000e+00
400	-1.247000000000e-01	0	6.103560000000e-05	4.630650170000e-01	-9.294715030000e-05	0.000000000000e+00
400	-1.256100000000e-01	0	0.000000000000e+00	4.630227730000e-01	-9.157534990000e-05	0.000000000000e+00
400	-1.264500000000e-01	0	6.103560000000e-05	4.628254020000e-01	-9.637665140000e-05	0.000000000000e+00
400	-1.273500000000e-01	0	0.000000000000e+00	4.627346810000e-01	-9.500485100000e-05	0.000000000000e+00
400	-1.282300000000e-01	0	0.000000000000e+00	4.628212470000e-01	-9.843435210000e-05	0.000000000000e+00
400	-1.290900000000e-01	0	0.000000000000e+00	4.628441000000e-01	-9.500485100000e-05	0.000000000000e+00
400	-1.298700000000e-01	0	0.000000000000e+00	4.628143220000e-01	-9.294715030000e-05	0.000000000000e+00
400	-1.307600000000e-01	0	0.000000000000e+00	4.627513010000e-01	-9.088944970000e-05	0.000000000000e+00
400	-1.316500000000e-01	0	6.103560000000e-05	4.626688900000e-01	-9.569075120000e-05	0.000000000000e+00
400	-1.325000000000e-01	0	0.000000000000e+00	4.626287240000e-01	-9.706255170000e-05	0.000000000000e+00
400	-1.333800000000e-01	0	0.000000000000e+00	4.626536550000e-01	-9.226125010000e-05	0.000000000000e+00
400	-1.341600000000e-01	0	0.000000000000e+00	4.626432670000e-01	-9.363305060000e-05	0.000000000000e+00
400	-1.350600000000e-01	0	6.103560000000e-05	4.626377270000e-01	-9.294715030000e-05	0.000000000000e+00
400	-1.359000000000e-01	0	6.103560000000e-05	4.624999130000e-01	-9.157534990000e-05	0.000000000000e+00
400	-1.368300000000e-01	0	0.000000000000e+00	4.624445110000e-01	-9.431895080000e-05	0.000000000000e+00
400	-1.377100000000e-01	0	0.000000000000e+00	4.623946490000e-01	-9.500485100000e-05	0.000000000000e+00
400	-1.385800000000e-01	0	0.000000000000e+00	4.624334310000e-01	-9.843435210000e-05	0.000000000000e+00
400	-1.393400000000e-01	0	0.000000000000e+00	4.624285830000e-01	-9.431895080000e-05	0.000000000000e+00
400	-1.402400000000e-01	0	0.000000000000e+00	4.624223500000e-01	-9.226125010000e-05	0.000000000000e+00
400	-1.410900000000e-01	0	0.000000000000e+00	4.624036520000e-01	-9.226125010000e-05	0.000000000000e+00
400	-1.419900000000e-01	0	0.000000000000e+00	4.622519880000e-01	-9.706255170000e-05	0.000000000000e+00
400	-1.427700000000e-01	0	6.103560000000e-05	4.622658380000e-01	-9.226125010000e-05	0.000000000000e+00
400	-1.436600000000e-01	0	0.000000000000e+00	4.623219330000e-01	-9.363305060000e-05	0.000000000000e+00
400	-1.445100000000e-01	0	0.000000000000e+00	4.623060050000e-01	-9.431895080000e-05	0.000000000000e+00
400	-1.454100000000e-01	0	0.000000000000e+00	4.623330140000e-01	-9.569075120000e-05	0.000000000000e+00
400	-1.462900000000e-01	0	0.000000000000e+00	4.623350910000e-01	-9.569075120000e-05	0.000000000000e+00
400	-1.471000000000e-01	0	0.000000000000e+00	4.622990800000e-01	-9.294715030000e-05	0.000000000000e+00
400	-1.480300000000e-01	0	0.000000000000e+00	4.622083590000e-01	-9.706255170000e-05	0.000000000000e+00
400	-1.487900000000e-01	0	0.000000000000e+00	4.621778870000e-01	-9.363305060000e-05	0.000000000000e+00
400	-1.496600000000e-01	0	0.000000000000e+00	4.621917380000e-01	-9.637665140000e-05	0.000000000000e+00
400	-1.505500000000e-01	0	0.000000000000e+00	4.621204070000e-01	-9.637665140000e-05	0.000000000000e+00
400	-1.514300000000e-01	0	0.000000000000e+00	4.622374450000e-01	-9.500485100000e-05	0.000000000000e+00
400	-1.521900000000e-01	0	0.000000000000e+00	4.620276080000e-01	-9.431895080000e-05	0.000000000000e+00
400	-1.530600000000e-01	0	6.103560000000e-05	4.620435370000e-01	-9.637665140000e-05	0.000000000000e+00
400	-1.539800000000e-01	0	0.000000000000e+00	4.620573870000e-01	-9.569075120000e-05	0.000000000000e+00
400	-1.548800000000e-01	0	0.000000000000e+00	4.619860570000e-01	-9.431895080000e-05	0.000000000000e+00
400	-1.557300000000e-01	0	0.000000000000e+00	4.620331490000e-01	-9.569075120000e-05	0.000000000000e+00
400	-1.565800000000e-01	0	0.000000000000e+00	4.620428440000e-01	-9.569075120000e-05	0.000000000000e+00
400	-1.574100000000e-01	0	6.103560000000e-05	4.620483840000e-01	-1.004920530000e-04	0.000000000000e+00
400	-1.582800000000e-01	0	0.000000000000e+00	4.618697120000e-01	-9.431895080000e-05	0.000000000000e+00
400	-1.591200000000e-01	0	6.103560000000e-05	4.618939500000e-01	-9.569075120000e-05	0.000000000000e+00
400	-1.600100000000e-01	0	0.000000000000e+00	4.618537840000e-01	-9.637665140000e-05	0.000000000000e+00
400	-1.609100000000e-01	0	6.103560000000e-05	4.618759450000e-01	-9.500485100000e-05	0.000000000000e+00
400	-1.616900000000e-01	0	0.000000000000e+00	4.618468580000e-01	-9.020354950000e-05	0.000000000000e+00
400	-1.625200000000e-01	0	0.000000000000e+00	4.617879930000e-01	-9.706255170000e-05	0.000000000000e+00
400	-1.634400000000e-01	0	0.000000000000e+00	4.618461660000e-01	-9.569075120000e-05	0.000000000000e+00
400	-1.643000000000e-01	0	0.000000000000e+00	4.617873010000e-01	-9.569075120000e-05	0.000000000000e+00
400	-1.651800000000e-01	0	0.000000000000e+00	4.617866080000e-01	-9.294715030000e-05	0.000000000000e+00
400	-1.660500000000e-01	0	0.000000000000e+00	4.619133410000e-01	-9.569075120000e-05	0.000000000000e+00
400	-1.668400000000e-01	0	6.103560000000e-05	4.618794070000e-01	-9.774845190000e-05	0.000000000000e+00
400	-1.677100000000e-01	0	0.000000000000e+00	4.617395160000e-01	-1.011779530000e-04	0.000000000000e+00
400	-1.685800000000e-01	0	0.000000000000e+00	4.617824530000e-01	-9.706255170000e-05	0.000000000000e+00
400	-1.694700000000e-01	0	0.000000000000e+00	4.618669420000e-01	-9.431895080000e-05	0.000000000000e+00
400	-1.703600000000e-01	0	0.000000000000e+00	4.618108470000e-01	-9.500485100000e-05	0.000000000000e+00
400	-1.711200000000e-01	0	0.000000000000e+00	4.617990740000e-01	-9.294715030000e-05	0.000000000000e+00
400	-1.719700000000e-01	0	0.000000000000e+00	4.616529500000e-01	-9.363305060000e-05	0.000000000000e+00
400	-1.728900000000e-01	0	0.000000000000e+00	4.617547520000e-01	-9.500485100000e-05	0.000000000000e+00
400	-1.737800000000e-01	0	0.000000000000e+00	4.617325910000e-01	-9.226125010000e-05	0.000000000000e+00
400	-1.746400000000e-01	0	0.000000000000e+00	4.617187400000e-01	-9.569075120000e-05	0.000000000000e+00
400	-1.753800000000e-01	0	0.000000000000e+00	4.617409010000e-01	-8.951764920000e-05	0.000000000000e+00
400	-1.763000000000e-01	0	0.000000000000e+00	4.617242810000e-01	-9.500485100000e-05	0.000000000000e+00
400	-1.771700000000e-01	0	0.000000000000e+00	4.617055820000e-01	-9.020354950000e-05	0.000000000000e+00
400	-1.780200000000e-01	0	0.000000000000e+00	4.616605680000e-01	-8.951764920000e-05	0.000000000000e+00
400	-1.789200000000e-01	0	0.000000000000e+00	4.617734500000e-01	-8.471634770000e-05	0.000000000000e+00
400	-1.798100000000e-01	0	0.000000000000e+00	4.618420110000e-01	-9.088944970000e-05	0.000000000000e+00
400	-1.805600000000e-01	0	0.000000000000e+00	4.618059990000e-01	-9.088944970000e-05	0.000000000000e+00
400	-1.814300000000e-01	0	0.000000000000e+00	4.618274670000e-01	-8.883174900000e-05	0.000000000000e+00
400	-1.823500000000e-01	0	6.103560000000e-05	4.616938090000e-01	-8.334454720000e-05	0.000000000000e+00
400	-1.832200000000e-01	0	0.000000000000e+00	4.617339760000e-01	-9.088944970000e-05	0.000000000000e+00
400	-1.840700000000e-01	0	0.000000000000e+00	4.617990740000e-01	-8.814584880000e-05	0.000000000000e+00
400	-1.848500000000e-01	0	0.000000000000e+00	4.619195740000e-01	-8.677404830000e-05	0.000000000000e+00
400	-1.857600000000e-01	0	0.000000000000e+00	4.618489360000e-01	-8.060094640000e-05	0.000000000000e+00
400	-1.866200000000e-01	0	0.000000000000e+00	4.618156940000e-01	-8.471634770000e-05	0.000000000000e+00
400	-1.875100000000e-01	0	6.103560000000e-05	4.618122320000e-01	-8.745994860000e-05	0.000000000000e+00
400	-1.883700000000e-01	0	6.103560000000e-05	4.618066920000e-01	-8.608814810000e-05	0.000000000000e+00
400	-1.892500000000e-01	0	0.000000000000e+00	4.618032290000e-01	-8.403044750000e-05	0.000000000000e+00
400	-1.900100000000e-01	0	0.000000000000e+00	4.618710970000e-01	-8.540224790000e-05	0.000000000000e+00
400	-1.909300000000e-01	0	0.000000000000e+00	4.618773300000e-01	-8.403044750000e-05	0.000000000000e+00
400	-1.917800000000e-01	0	0.000000000000e+00	4.618212350000e-01	-8.608814810000e-05	0.000000000000e+00
400	-1.926800000000e-01	0	0.000000000000e+00	4.617547520000e-01	-7.785734550000e-05	0.000000000000e+00
400	-1.935700000000e-01	0	0.000000000000e+00	4.617969960000e-01	-8.883174900000e-05	0.000000000000e+00
400	-1.943200000000e-01	0	0.000000000000e+00	4.617651400000e-01	-8.471634770000e-05	0.000000000000e+00
400	-1.951800000000e-01	0	0.000000000000e+00	4.619327320000e-01	-8.540224790000e-05	0.000000000000e+00
400	-1.960600000000e-01	0	0.000000000000e+00	4.618787150000e-01	-8.471634770000e-05	0.000000000000e+00
400	-1.969600000000e-01	0	0.000000000000e+00	4.619320390000e-01	-8.334454720000e-05	0.000000000000e+00
400	-1.978300000000e-01	0	0.000000000000e+00	4.618877180000e-01	-8.471634770000e-05	0.000000000000e+00
400	-1.986900000000e-01	0	0.000000000000e+00	4.618150020000e-01	-8.265864700000e-05	0.000000000000e+00
400	-1.994000000000e-01	0	0.000000000000e+00	4.619403500000e-01	-8.403044750000e-05	0.000000000000e+00
400	-1.997700000000e-01	0	0.000000000000e+00	4.618766370000e-01	-7.854324570000e-05	0.000000000000e+00
400	-1.999200000000e-01	0	0.000000000000e+00	4.619555850000e-01	-7.922914590000e-05	0.000000000000e+00

