# Filename: data_775.dat
# Timestamp: Thu Sep 05 01:10:21 2019

# Column 1:
#	end: 0.2
#	name: IPS120-10 (swept B(T))
#	size: 2
#	start: -0.2
#	type: coordinate
# Column 2:
#	end: 0
#	name: y_parameter (none)
#	size: 1
#	start: 0
#	type: coordinate
# Column 3:
#	end: 0
#	name: z_parameter (none)
#	size: 1
#	start: 0
#	type: coordinate
# Column 4:
#	name: lockin 1
#	type: value
# Column 5:
#	name: Keithley 1
#	type: value
# Column 6:
#	name: Keithley 2
#	type: value
# Column 7:
#	name: processed dIdV
#	type: value

400	-1.997900000000e-01	0	0.000000000000e+00	4.622090510000e-01	-7.648554500000e-05	0.000000000000e+00
400	-1.991100000000e-01	0	6.103560000000e-05	4.622014330000e-01	-7.785734550000e-05	0.000000000000e+00
400	-1.983600000000e-01	0	0.000000000000e+00	4.621668070000e-01	-7.579964480000e-05	0.000000000000e+00
400	-1.974900000000e-01	0	0.000000000000e+00	4.621266400000e-01	-8.128684660000e-05	0.000000000000e+00
400	-1.967100000000e-01	0	0.000000000000e+00	4.622589130000e-01	-7.854324570000e-05	0.000000000000e+00
400	-1.958700000000e-01	0	0.000000000000e+00	4.622630680000e-01	-8.128684660000e-05	0.000000000000e+00
400	-1.949800000000e-01	0	0.000000000000e+00	4.620636200000e-01	-8.128684660000e-05	0.000000000000e+00
400	-1.941100000000e-01	0	6.103560000000e-05	4.621986630000e-01	-7.922914590000e-05	0.000000000000e+00
400	-1.933400000000e-01	0	0.000000000000e+00	4.621044790000e-01	-7.991504610000e-05	0.000000000000e+00
400	-1.924500000000e-01	0	0.000000000000e+00	4.621938150000e-01	-8.265864700000e-05	0.000000000000e+00
400	-1.915500000000e-01	0	0.000000000000e+00	4.621494940000e-01	-8.471634770000e-05	0.000000000000e+00
400	-1.907000000000e-01	0	0.000000000000e+00	4.622409070000e-01	-7.854324570000e-05	0.000000000000e+00
400	-1.898200000000e-01	0	0.000000000000e+00	4.621349500000e-01	-8.197274680000e-05	0.000000000000e+00
400	-1.889600000000e-01	0	0.000000000000e+00	4.620393810000e-01	-7.991504610000e-05	0.000000000000e+00
400	-1.881000000000e-01	0	0.000000000000e+00	4.620767780000e-01	-7.922914590000e-05	0.000000000000e+00
400	-1.872600000000e-01	0	0.000000000000e+00	4.621640370000e-01	-8.060094640000e-05	0.000000000000e+00
400	-1.864400000000e-01	0	6.103560000000e-05	4.620656980000e-01	-7.991504610000e-05	0.000000000000e+00
400	-1.855600000000e-01	0	6.103560000000e-05	4.621086340000e-01	-7.922914590000e-05	0.000000000000e+00
400	-1.846400000000e-01	0	6.103560000000e-05	4.619583560000e-01	-7.854324570000e-05	0.000000000000e+00
400	-1.837700000000e-01	0	6.103560000000e-05	4.619424270000e-01	-7.991504610000e-05	0.000000000000e+00
400	-1.828800000000e-01	0	0.000000000000e+00	4.619673580000e-01	-8.060094640000e-05	0.000000000000e+00
400	-1.821400000000e-01	0	0.000000000000e+00	4.620615420000e-01	-8.060094640000e-05	0.000000000000e+00
400	-1.812600000000e-01	0	0.000000000000e+00	4.621349500000e-01	-7.785734550000e-05	0.000000000000e+00
400	-1.803700000000e-01	0	0.000000000000e+00	4.619590480000e-01	-7.854324570000e-05	0.000000000000e+00
400	-1.795200000000e-01	0	6.103560000000e-05	4.619029530000e-01	-7.854324570000e-05	0.000000000000e+00
400	-1.786000000000e-01	0	0.000000000000e+00	4.618849470000e-01	-7.991504610000e-05	0.000000000000e+00
400	-1.778200000000e-01	0	0.000000000000e+00	4.619458900000e-01	-7.922914590000e-05	0.000000000000e+00
400	-1.769300000000e-01	0	0.000000000000e+00	4.619472750000e-01	-7.785734550000e-05	0.000000000000e+00
400	-1.761000000000e-01	0	0.000000000000e+00	4.620061400000e-01	-7.991504610000e-05	0.000000000000e+00
400	-1.751900000000e-01	0	6.103560000000e-05	4.618759450000e-01	-7.648554500000e-05	0.000000000000e+00
400	-1.743300000000e-01	0	0.000000000000e+00	4.618053070000e-01	-7.854324570000e-05	0.000000000000e+00
400	-1.734300000000e-01	0	0.000000000000e+00	4.619064160000e-01	-7.648554500000e-05	0.000000000000e+00
400	-1.726800000000e-01	0	0.000000000000e+00	4.619368870000e-01	-7.922914590000e-05	0.000000000000e+00
400	-1.717700000000e-01	0	0.000000000000e+00	4.619680510000e-01	-7.305604390000e-05	0.000000000000e+00
400	-1.709400000000e-01	0	6.103560000000e-05	4.619043380000e-01	-7.922914590000e-05	0.000000000000e+00
400	-1.700800000000e-01	0	0.000000000000e+00	4.618212350000e-01	-7.442784440000e-05	0.000000000000e+00
400	-1.692400000000e-01	0	0.000000000000e+00	4.618226200000e-01	-7.922914590000e-05	0.000000000000e+00
400	-1.683700000000e-01	0	0.000000000000e+00	4.618974130000e-01	-7.991504610000e-05	0.000000000000e+00
400	-1.675000000000e-01	0	0.000000000000e+00	4.618981050000e-01	-7.854324570000e-05	0.000000000000e+00
400	-1.665900000000e-01	0	0.000000000000e+00	4.619832870000e-01	-8.128684660000e-05	0.000000000000e+00
400	-1.657400000000e-01	0	0.000000000000e+00	4.619327320000e-01	-8.403044750000e-05	0.000000000000e+00
400	-1.648600000000e-01	0	6.103560000000e-05	4.618953350000e-01	-8.334454720000e-05	0.000000000000e+00
400	-1.639600000000e-01	0	0.000000000000e+00	4.619154190000e-01	-8.540224790000e-05	0.000000000000e+00
400	-1.631800000000e-01	0	0.000000000000e+00	4.619687430000e-01	-8.403044750000e-05	0.000000000000e+00
400	-1.623000000000e-01	0	0.000000000000e+00	4.620504620000e-01	-8.540224790000e-05	0.000000000000e+00
400	-1.614600000000e-01	0	0.000000000000e+00	4.620622350000e-01	-8.197274680000e-05	0.000000000000e+00
400	-1.605900000000e-01	0	0.000000000000e+00	4.620719300000e-01	-8.060094640000e-05	0.000000000000e+00
400	-1.598000000000e-01	0	6.103560000000e-05	4.619922890000e-01	-8.540224790000e-05	0.000000000000e+00
400	-1.589000000000e-01	0	0.000000000000e+00	4.620276080000e-01	-8.197274680000e-05	0.000000000000e+00
400	-1.580700000000e-01	0	6.103560000000e-05	4.621716550000e-01	-8.334454720000e-05	0.000000000000e+00
400	-1.571600000000e-01	0	0.000000000000e+00	4.622222090000e-01	-8.334454720000e-05	0.000000000000e+00
400	-1.562900000000e-01	0	0.000000000000e+00	4.622111290000e-01	-8.334454720000e-05	0.000000000000e+00
400	-1.554400000000e-01	0	0.000000000000e+00	4.621086340000e-01	-7.991504610000e-05	0.000000000000e+00
400	-1.546200000000e-01	0	0.000000000000e+00	4.620186060000e-01	-7.922914590000e-05	0.000000000000e+00
400	-1.537100000000e-01	0	0.000000000000e+00	4.622021260000e-01	-8.540224790000e-05	0.000000000000e+00
400	-1.528500000000e-01	0	0.000000000000e+00	4.623129300000e-01	-8.197274680000e-05	0.000000000000e+00
400	-1.520000000000e-01	0	0.000000000000e+00	4.623281660000e-01	-8.334454720000e-05	0.000000000000e+00
400	-1.511000000000e-01	0	0.000000000000e+00	4.622665310000e-01	-8.403044750000e-05	0.000000000000e+00
400	-1.503600000000e-01	0	0.000000000000e+00	4.623343990000e-01	-8.403044750000e-05	0.000000000000e+00
400	-1.494600000000e-01	0	0.000000000000e+00	4.623572520000e-01	-8.403044750000e-05	0.000000000000e+00
400	-1.485900000000e-01	0	0.000000000000e+00	4.624922960000e-01	-8.265864700000e-05	0.000000000000e+00
400	-1.477100000000e-01	0	0.000000000000e+00	4.625463130000e-01	-8.334454720000e-05	0.000000000000e+00
400	-1.468000000000e-01	0	0.000000000000e+00	4.625310770000e-01	-7.991504610000e-05	0.000000000000e+00
400	-1.459600000000e-01	0	0.000000000000e+00	4.625241520000e-01	-7.717144520000e-05	0.000000000000e+00
400	-1.451500000000e-01	0	6.103560000000e-05	4.625026830000e-01	-8.060094640000e-05	0.000000000000e+00
400	-1.442900000000e-01	0	0.000000000000e+00	4.625636260000e-01	-7.854324570000e-05	0.000000000000e+00
400	-1.434200000000e-01	0	0.000000000000e+00	4.626681980000e-01	-7.922914590000e-05	0.000000000000e+00
400	-1.425500000000e-01	0	0.000000000000e+00	4.626522700000e-01	-8.197274680000e-05	0.000000000000e+00
400	-1.416400000000e-01	0	6.103560000000e-05	4.627762330000e-01	-8.197274680000e-05	0.000000000000e+00
400	-1.409000000000e-01	0	6.103560000000e-05	4.627706920000e-01	-8.197274680000e-05	0.000000000000e+00
400	-1.400000000000e-01	0	6.103560000000e-05	4.627762330000e-01	-8.403044750000e-05	0.000000000000e+00
400	-1.391000000000e-01	0	0.000000000000e+00	4.628226320000e-01	-8.471634770000e-05	0.000000000000e+00
400	-1.382200000000e-01	0	0.000000000000e+00	4.629770660000e-01	-8.060094640000e-05	0.000000000000e+00
400	-1.373700000000e-01	0	6.103560000000e-05	4.630546290000e-01	-8.060094640000e-05	0.000000000000e+00
400	-1.365000000000e-01	0	0.000000000000e+00	4.630885630000e-01	-8.060094640000e-05	0.000000000000e+00
400	-1.357400000000e-01	0	0.000000000000e+00	4.630026900000e-01	-7.922914590000e-05	0.000000000000e+00
400	-1.348400000000e-01	0	6.103560000000e-05	4.631190340000e-01	-8.540224790000e-05	0.000000000000e+00
400	-1.339700000000e-01	0	6.103560000000e-05	4.632152960000e-01	-8.128684660000e-05	0.000000000000e+00
400	-1.330800000000e-01	0	0.000000000000e+00	4.631862100000e-01	-7.785734550000e-05	0.000000000000e+00
400	-1.321900000000e-01	0	0.000000000000e+00	4.636695950000e-01	-8.334454720000e-05	0.000000000000e+00
400	-1.314400000000e-01	0	0.000000000000e+00	4.636889860000e-01	-8.334454720000e-05	0.000000000000e+00
400	-1.305300000000e-01	0	0.000000000000e+00	4.635809510000e-01	-7.785734550000e-05	0.000000000000e+00
400	-1.296600000000e-01	0	6.103560000000e-05	4.636702880000e-01	-7.991504610000e-05	0.000000000000e+00
400	-1.287900000000e-01	0	0.000000000000e+00	4.637436960000e-01	-7.991504610000e-05	0.000000000000e+00
400	-1.279200000000e-01	0	0.000000000000e+00	4.637956360000e-01	-7.854324570000e-05	0.000000000000e+00
400	-1.271100000000e-01	0	0.000000000000e+00	4.637485440000e-01	-8.060094640000e-05	0.000000000000e+00
400	-1.262400000000e-01	0	6.103560000000e-05	4.638427270000e-01	-7.785734550000e-05	0.000000000000e+00
400	-1.254000000000e-01	0	0.000000000000e+00	4.638004830000e-01	-8.334454720000e-05	0.000000000000e+00
400	-1.245000000000e-01	0	0.000000000000e+00	4.638399570000e-01	-8.128684660000e-05	0.000000000000e+00
400	-1.235800000000e-01	0	0.000000000000e+00	4.639528400000e-01	-7.579964480000e-05	0.000000000000e+00
400	-1.227500000000e-01	0	0.000000000000e+00	4.639985470000e-01	-8.334454720000e-05	0.000000000000e+00
400	-1.219800000000e-01	0	0.000000000000e+00	4.639625350000e-01	-7.579964480000e-05	0.000000000000e+00
400	-1.210800000000e-01	0	0.000000000000e+00	4.639078250000e-01	-7.854324570000e-05	0.000000000000e+00
400	-1.202200000000e-01	0	0.000000000000e+00	4.639438370000e-01	-7.854324570000e-05	0.000000000000e+00
400	-1.193300000000e-01	0	0.000000000000e+00	4.639964690000e-01	-8.060094640000e-05	0.000000000000e+00
400	-1.184500000000e-01	0	6.103560000000e-05	4.640961930000e-01	-7.579964480000e-05	0.000000000000e+00
400	-1.176700000000e-01	0	0.000000000000e+00	4.641315120000e-01	-7.717144520000e-05	0.000000000000e+00
400	-1.168000000000e-01	0	0.000000000000e+00	4.641862220000e-01	-7.991504610000e-05	0.000000000000e+00
400	-1.159300000000e-01	0	6.103560000000e-05	4.640934230000e-01	-7.374194410000e-05	0.000000000000e+00
400	-1.150500000000e-01	0	0.000000000000e+00	4.640497940000e-01	-7.717144520000e-05	0.000000000000e+00
400	-1.141400000000e-01	0	0.000000000000e+00	4.640373280000e-01	-7.442784440000e-05	0.000000000000e+00
400	-1.132800000000e-01	0	0.000000000000e+00	4.641328970000e-01	-7.579964480000e-05	0.000000000000e+00
400	-1.125100000000e-01	0	0.000000000000e+00	4.641349750000e-01	-8.128684660000e-05	0.000000000000e+00
400	-1.116500000000e-01	0	0.000000000000e+00	4.641079660000e-01	-7.442784440000e-05	0.000000000000e+00
400	-1.107700000000e-01	0	6.103560000000e-05	4.640823430000e-01	-7.648554500000e-05	0.000000000000e+00
400	-1.098700000000e-01	0	0.000000000000e+00	4.641107360000e-01	-7.922914590000e-05	0.000000000000e+00
400	-1.089800000000e-01	0	0.000000000000e+00	4.642076900000e-01	-7.922914590000e-05	0.000000000000e+00
400	-1.082300000000e-01	0	0.000000000000e+00	4.641952250000e-01	-7.717144520000e-05	0.000000000000e+00
400	-1.073500000000e-01	0	0.000000000000e+00	4.641647540000e-01	-7.374194410000e-05	0.000000000000e+00
400	-1.064600000000e-01	0	6.103560000000e-05	4.640442530000e-01	-8.265864700000e-05	0.000000000000e+00
400	-1.055900000000e-01	0	0.000000000000e+00	4.639888510000e-01	-8.197274680000e-05	0.000000000000e+00
400	-1.047100000000e-01	0	0.000000000000e+00	4.640324800000e-01	-8.128684660000e-05	0.000000000000e+00
400	-1.038300000000e-01	0	0.000000000000e+00	4.640948080000e-01	-7.374194410000e-05	0.000000000000e+00
400	-1.030500000000e-01	0	0.000000000000e+00	4.642125380000e-01	-7.648554500000e-05	0.000000000000e+00
400	-1.021600000000e-01	0	0.000000000000e+00	4.641696010000e-01	-7.648554500000e-05	0.000000000000e+00
400	-1.013100000000e-01	0	6.103560000000e-05	4.642513200000e-01	-7.854324570000e-05	0.000000000000e+00
400	-1.004200000000e-01	0	0.000000000000e+00	4.640511790000e-01	-7.442784440000e-05	0.000000000000e+00
400	-9.953000000000e-02	0	0.000000000000e+00	4.641405150000e-01	-7.785734550000e-05	0.000000000000e+00
400	-9.864000000000e-02	0	0.000000000000e+00	4.641959170000e-01	-8.128684660000e-05	0.000000000000e+00
400	-9.789000000000e-02	0	0.000000000000e+00	4.642554750000e-01	-7.854324570000e-05	0.000000000000e+00
400	-9.701000000000e-02	0	0.000000000000e+00	4.642443940000e-01	-7.854324570000e-05	0.000000000000e+00
400	-9.609000000000e-02	0	0.000000000000e+00	4.641993800000e-01	-7.648554500000e-05	0.000000000000e+00
400	-9.527000000000e-02	0	0.000000000000e+00	4.641772190000e-01	-8.540224790000e-05	0.000000000000e+00
400	-9.441000000000e-02	0	0.000000000000e+00	4.641889920000e-01	-8.197274680000e-05	0.000000000000e+00
400	-9.362000000000e-02	0	0.000000000000e+00	4.641848370000e-01	-8.128684660000e-05	0.000000000000e+00
400	-9.276000000000e-02	0	0.000000000000e+00	4.643461960000e-01	-7.785734550000e-05	0.000000000000e+00
400	-9.186000000000e-02	0	6.103560000000e-05	4.642991040000e-01	-7.648554500000e-05	0.000000000000e+00
400	-9.094000000000e-02	0	6.103560000000e-05	4.642319290000e-01	-7.922914590000e-05	0.000000000000e+00
400	-9.009000000000e-02	0	0.000000000000e+00	4.642464720000e-01	-8.334454720000e-05	0.000000000000e+00
400	-8.923000000000e-02	0	0.000000000000e+00	4.642236190000e-01	-8.608814810000e-05	0.000000000000e+00
400	-8.842000000000e-02	0	0.000000000000e+00	4.642727880000e-01	-8.060094640000e-05	0.000000000000e+00
400	-8.756000000000e-02	0	6.103560000000e-05	4.643475810000e-01	-8.128684660000e-05	0.000000000000e+00
400	-8.667000000000e-02	0	6.103560000000e-05	4.642568600000e-01	-7.717144520000e-05	0.000000000000e+00
400	-8.581000000000e-02	0	6.103560000000e-05	4.642007650000e-01	-8.060094640000e-05	0.000000000000e+00
400	-8.492000000000e-02	0	0.000000000000e+00	4.642090750000e-01	-7.854324570000e-05	0.000000000000e+00
400	-8.415000000000e-02	0	0.000000000000e+00	4.643067220000e-01	-7.648554500000e-05	0.000000000000e+00
400	-8.325000000000e-02	0	0.000000000000e+00	4.642000730000e-01	-7.648554500000e-05	0.000000000000e+00
400	-8.239000000000e-02	0	0.000000000000e+00	4.643344230000e-01	-7.579964480000e-05	0.000000000000e+00
400	-8.150000000000e-02	0	6.103560000000e-05	4.643371930000e-01	-7.785734550000e-05	0.000000000000e+00
400	-8.061000000000e-02	0	6.103560000000e-05	4.642672480000e-01	-7.648554500000e-05	0.000000000000e+00
400	-7.978000000000e-02	0	0.000000000000e+00	4.643288830000e-01	-7.785734550000e-05	0.000000000000e+00
400	-7.897000000000e-02	0	0.000000000000e+00	4.644299920000e-01	-7.237014370000e-05	0.000000000000e+00
400	-7.808000000000e-02	0	0.000000000000e+00	4.645449520000e-01	-7.511374460000e-05	0.000000000000e+00
400	-7.720000000000e-02	0	6.103560000000e-05	4.644389950000e-01	-7.374194410000e-05	0.000000000000e+00
400	-7.633000000000e-02	0	6.103560000000e-05	4.643690500000e-01	-7.717144520000e-05	0.000000000000e+00
400	-7.546000000000e-02	0	6.103560000000e-05	4.643635090000e-01	-7.237014370000e-05	0.000000000000e+00
400	-7.472000000000e-02	0	0.000000000000e+00	4.643683570000e-01	-7.579964480000e-05	0.000000000000e+00
400	-7.381000000000e-02	0	0.000000000000e+00	4.644369180000e-01	-7.374194410000e-05	0.000000000000e+00
400	-7.294000000000e-02	0	0.000000000000e+00	4.644770840000e-01	-7.374194410000e-05	0.000000000000e+00
400	-7.203000000000e-02	0	0.000000000000e+00	4.644348400000e-01	-7.922914590000e-05	0.000000000000e+00
400	-7.119000000000e-02	0	6.103560000000e-05	4.643309610000e-01	-7.648554500000e-05	0.000000000000e+00
400	-7.029000000000e-02	0	0.000000000000e+00	4.642437020000e-01	-7.511374460000e-05	0.000000000000e+00
400	-6.954000000000e-02	0	0.000000000000e+00	4.643489660000e-01	-7.854324570000e-05	0.000000000000e+00
400	-6.866000000000e-02	0	0.000000000000e+00	4.644147570000e-01	-7.305604390000e-05	0.000000000000e+00
400	-6.779000000000e-02	0	6.103560000000e-05	4.643579690000e-01	-7.648554500000e-05	0.000000000000e+00
400	-6.687000000000e-02	0	6.103560000000e-05	4.642319290000e-01	-7.717144520000e-05	0.000000000000e+00
400	-6.601000000000e-02	0	6.103560000000e-05	4.642714030000e-01	-7.854324570000e-05	0.000000000000e+00
400	-6.516000000000e-02	0	0.000000000000e+00	4.642810980000e-01	-7.785734550000e-05	0.000000000000e+00
400	-6.436000000000e-02	0	0.000000000000e+00	4.643621240000e-01	-7.717144520000e-05	0.000000000000e+00
400	-6.350000000000e-02	0	6.103560000000e-05	4.644119860000e-01	-7.785734550000e-05	0.000000000000e+00
400	-6.263000000000e-02	0	0.000000000000e+00	4.643081070000e-01	-7.374194410000e-05	0.000000000000e+00
400	-6.170000000000e-02	0	6.103560000000e-05	4.641744490000e-01	-7.854324570000e-05	0.000000000000e+00
400	-6.085000000000e-02	0	6.103560000000e-05	4.641806820000e-01	-7.648554500000e-05	0.000000000000e+00
400	-6.009000000000e-02	0	0.000000000000e+00	4.643274980000e-01	-7.648554500000e-05	0.000000000000e+00
400	-5.917000000000e-02	0	0.000000000000e+00	4.643053370000e-01	-7.374194410000e-05	0.000000000000e+00
400	-5.832000000000e-02	0	6.103560000000e-05	4.642901010000e-01	-7.717144520000e-05	0.000000000000e+00
400	-5.742000000000e-02	0	6.103560000000e-05	4.642035350000e-01	-7.442784440000e-05	0.000000000000e+00
400	-5.655000000000e-02	0	6.103560000000e-05	4.641792970000e-01	-7.785734550000e-05	0.000000000000e+00
400	-5.570000000000e-02	0	0.000000000000e+00	4.641536730000e-01	-7.442784440000e-05	0.000000000000e+00
400	-5.491000000000e-02	0	0.000000000000e+00	4.641820670000e-01	-7.922914590000e-05	0.000000000000e+00
400	-5.400000000000e-02	0	0.000000000000e+00	4.641993800000e-01	-7.511374460000e-05	0.000000000000e+00
400	-5.316000000000e-02	0	6.103560000000e-05	4.641058890000e-01	-7.717144520000e-05	0.000000000000e+00
400	-5.226000000000e-02	0	0.000000000000e+00	4.639486840000e-01	-7.648554500000e-05	0.000000000000e+00
400	-5.136000000000e-02	0	0.000000000000e+00	4.640546410000e-01	-7.579964480000e-05	0.000000000000e+00
400	-5.061000000000e-02	0	0.000000000000e+00	4.640214000000e-01	-7.854324570000e-05	0.000000000000e+00
400	-4.974000000000e-02	0	0.000000000000e+00	4.640532560000e-01	-7.854324570000e-05	0.000000000000e+00
400	-4.883000000000e-02	0	0.000000000000e+00	4.641100440000e-01	-7.305604390000e-05	0.000000000000e+00
400	-4.797000000000e-02	0	0.000000000000e+00	4.640082420000e-01	-7.854324570000e-05	0.000000000000e+00
400	-4.708000000000e-02	0	0.000000000000e+00	4.638835870000e-01	-7.305604390000e-05	0.000000000000e+00
400	-4.625000000000e-02	0	0.000000000000e+00	4.639826180000e-01	-7.991504610000e-05	0.000000000000e+00
400	-4.543000000000e-02	0	0.000000000000e+00	4.639701530000e-01	-7.305604390000e-05	0.000000000000e+00
400	-4.459000000000e-02	0	6.103560000000e-05	4.639292940000e-01	-8.060094640000e-05	0.000000000000e+00
400	-4.371000000000e-02	0	6.103560000000e-05	4.639140580000e-01	-7.237014370000e-05	0.000000000000e+00
400	-4.278000000000e-02	0	6.103560000000e-05	4.639126730000e-01	-7.717144520000e-05	0.000000000000e+00
400	-4.193000000000e-02	0	6.103560000000e-05	4.637035290000e-01	-7.442784440000e-05	0.000000000000e+00
400	-4.107000000000e-02	0	6.103560000000e-05	4.637776300000e-01	-7.237014370000e-05	0.000000000000e+00
400	-4.029000000000e-02	0	6.103560000000e-05	4.639272160000e-01	-7.374194410000e-05	0.000000000000e+00
400	-3.940000000000e-02	0	6.103560000000e-05	4.638849720000e-01	-7.648554500000e-05	0.000000000000e+00
400	-3.850000000000e-02	0	0.000000000000e+00	4.638053310000e-01	-7.442784440000e-05	0.000000000000e+00
400	-3.765000000000e-02	0	0.000000000000e+00	4.636543600000e-01	-7.374194410000e-05	0.000000000000e+00
400	-3.676000000000e-02	0	0.000000000000e+00	4.637104540000e-01	-7.168424350000e-05	0.000000000000e+00
400	-3.598000000000e-02	0	0.000000000000e+00	4.637236120000e-01	-6.551114150000e-05	0.000000000000e+00
400	-3.512000000000e-02	0	0.000000000000e+00	4.636903710000e-01	-7.374194410000e-05	0.000000000000e+00
400	-3.425000000000e-02	0	0.000000000000e+00	4.637284600000e-01	-7.442784440000e-05	0.000000000000e+00
400	-3.334000000000e-02	0	6.103560000000e-05	4.636495120000e-01	-7.442784440000e-05	0.000000000000e+00
400	-3.247000000000e-02	0	6.103560000000e-05	4.635712560000e-01	-7.442784440000e-05	0.000000000000e+00
400	-3.159000000000e-02	0	0.000000000000e+00	4.635671010000e-01	-6.688294190000e-05	0.000000000000e+00
400	-3.084000000000e-02	0	0.000000000000e+00	4.637880180000e-01	-6.825474240000e-05	0.000000000000e+00
400	-2.993000000000e-02	0	0.000000000000e+00	4.638171040000e-01	-7.031244300000e-05	0.000000000000e+00
400	-2.908000000000e-02	0	6.103560000000e-05	4.637513140000e-01	-6.894064260000e-05	0.000000000000e+00
400	-2.820000000000e-02	0	6.103560000000e-05	4.636945260000e-01	-7.099834330000e-05	0.000000000000e+00
400	-2.740000000000e-02	0	6.103560000000e-05	4.636488190000e-01	-7.031244300000e-05	0.000000000000e+00
400	-2.653000000000e-02	0	0.000000000000e+00	4.636785980000e-01	-6.962654280000e-05	0.000000000000e+00
400	-2.568000000000e-02	0	0.000000000000e+00	4.634916150000e-01	-7.374194410000e-05	0.000000000000e+00
400	-2.476000000000e-02	0	6.103560000000e-05	4.635518650000e-01	-7.442784440000e-05	0.000000000000e+00
400	-2.388000000000e-02	0	0.000000000000e+00	4.635851070000e-01	-7.579964480000e-05	0.000000000000e+00
400	-2.303000000000e-02	0	0.000000000000e+00	4.634936930000e-01	-7.648554500000e-05	0.000000000000e+00
400	-2.215000000000e-02	0	0.000000000000e+00	4.635255490000e-01	-7.511374460000e-05	0.000000000000e+00
400	-2.136000000000e-02	0	0.000000000000e+00	4.635671010000e-01	-7.374194410000e-05	0.000000000000e+00
400	-2.049000000000e-02	0	0.000000000000e+00	4.635303970000e-01	-7.168424350000e-05	0.000000000000e+00
400	-1.963000000000e-02	0	0.000000000000e+00	4.635130840000e-01	-7.717144520000e-05	0.000000000000e+00
400	-1.872000000000e-02	0	0.000000000000e+00	4.635442470000e-01	-7.305604390000e-05	0.000000000000e+00
400	-1.786000000000e-02	0	0.000000000000e+00	4.633842730000e-01	-7.442784440000e-05	0.000000000000e+00
400	-1.710000000000e-02	0	6.103560000000e-05	4.634050490000e-01	-7.511374460000e-05	0.000000000000e+00
400	-1.624000000000e-02	0	0.000000000000e+00	4.634902300000e-01	-7.579964480000e-05	0.000000000000e+00
400	-1.532000000000e-02	0	0.000000000000e+00	4.635774890000e-01	-7.442784440000e-05	0.000000000000e+00
400	-1.446000000000e-02	0	0.000000000000e+00	4.633911980000e-01	-7.031244300000e-05	0.000000000000e+00
400	-1.360000000000e-02	0	6.103560000000e-05	4.633087870000e-01	-7.237014370000e-05	0.000000000000e+00
400	-1.268000000000e-02	0	0.000000000000e+00	4.632997850000e-01	-7.237014370000e-05	0.000000000000e+00
400	-1.190000000000e-02	0	0.000000000000e+00	4.633621120000e-01	-8.128684660000e-05	0.000000000000e+00
400	-1.105000000000e-02	0	6.103560000000e-05	4.633371810000e-01	-7.442784440000e-05	0.000000000000e+00
400	-1.017000000000e-02	0	0.000000000000e+00	4.632900890000e-01	-7.237014370000e-05	0.000000000000e+00
400	-9.280000000000e-03	0	0.000000000000e+00	4.632381490000e-01	-7.442784440000e-05	0.000000000000e+00
400	-8.390000000000e-03	0	0.000000000000e+00	4.631979830000e-01	-7.305604390000e-05	0.000000000000e+00
400	-7.520000000000e-03	0	0.000000000000e+00	4.632741610000e-01	-7.442784440000e-05	0.000000000000e+00
400	-6.730000000000e-03	0	0.000000000000e+00	4.631834400000e-01	-7.511374460000e-05	0.000000000000e+00
400	-5.840000000000e-03	0	0.000000000000e+00	4.632215290000e-01	-7.511374460000e-05	0.000000000000e+00
400	-4.990000000000e-03	0	0.000000000000e+00	4.632035230000e-01	-7.374194410000e-05	0.000000000000e+00
400	-4.130000000000e-03	0	6.103560000000e-05	4.631682040000e-01	-7.442784440000e-05	0.000000000000e+00
400	-3.340000000000e-03	0	6.103560000000e-05	4.631425800000e-01	-7.785734550000e-05	0.000000000000e+00
400	-2.480000000000e-03	0	6.103560000000e-05	4.631273450000e-01	-7.374194410000e-05	0.000000000000e+00
400	-1.590000000000e-03	0	0.000000000000e+00	4.632152960000e-01	-7.442784440000e-05	0.000000000000e+00
400	-6.800000000000e-04	0	0.000000000000e+00	4.631405030000e-01	-7.717144520000e-05	0.000000000000e+00
400	1.700000000000e-04	0	0.000000000000e+00	4.631384250000e-01	-7.511374460000e-05	0.000000000000e+00
400	1.060000000000e-03	0	0.000000000000e+00	4.630781750000e-01	-7.511374460000e-05	0.000000000000e+00
400	1.960000000000e-03	0	0.000000000000e+00	4.630380090000e-01	-7.442784440000e-05	0.000000000000e+00
400	2.700000000000e-03	0	0.000000000000e+00	4.629618300000e-01	-7.374194410000e-05	0.000000000000e+00
400	3.590000000000e-03	0	0.000000000000e+00	4.631058760000e-01	-7.648554500000e-05	0.000000000000e+00
400	4.470000000000e-03	0	6.103560000000e-05	4.630082300000e-01	-7.717144520000e-05	0.000000000000e+00
400	5.350000000000e-03	0	6.103560000000e-05	4.629999190000e-01	-7.511374460000e-05	0.000000000000e+00
400	6.120000000000e-03	0	0.000000000000e+00	4.629583680000e-01	-7.785734550000e-05	0.000000000000e+00
400	6.990000000000e-03	0	0.000000000000e+00	4.629140460000e-01	-7.785734550000e-05	0.000000000000e+00
400	7.890000000000e-03	0	0.000000000000e+00	4.628669540000e-01	-7.717144520000e-05	0.000000000000e+00
400	8.760000000000e-03	0	0.000000000000e+00	4.629431320000e-01	-7.648554500000e-05	0.000000000000e+00
400	9.650000000000e-03	0	6.103560000000e-05	4.629452100000e-01	-7.717144520000e-05	0.000000000000e+00
400	1.049000000000e-02	0	0.000000000000e+00	4.628281720000e-01	-7.305604390000e-05	0.000000000000e+00
400	1.128000000000e-02	0	6.103560000000e-05	4.629001950000e-01	-7.374194410000e-05	0.000000000000e+00
400	1.216000000000e-02	0	0.000000000000e+00	4.628953480000e-01	-7.579964480000e-05	0.000000000000e+00
400	1.302000000000e-02	0	0.000000000000e+00	4.629064280000e-01	-7.511374460000e-05	0.000000000000e+00
400	1.389000000000e-02	0	0.000000000000e+00	4.629188940000e-01	-7.717144520000e-05	0.000000000000e+00
400	1.478000000000e-02	0	6.103560000000e-05	4.629043500000e-01	-7.854324570000e-05	0.000000000000e+00
400	1.567000000000e-02	0	6.103560000000e-05	4.628288650000e-01	-8.128684660000e-05	0.000000000000e+00
400	1.645000000000e-02	0	6.103560000000e-05	4.627914680000e-01	-7.922914590000e-05	0.000000000000e+00
400	1.733000000000e-02	0	6.103560000000e-05	4.628828820000e-01	-7.854324570000e-05	0.000000000000e+00
400	1.822000000000e-02	0	0.000000000000e+00	4.629950720000e-01	-8.197274680000e-05	0.000000000000e+00
400	1.909000000000e-02	0	0.000000000000e+00	4.630851010000e-01	-8.060094640000e-05	0.000000000000e+00
400	1.996000000000e-02	0	0.000000000000e+00	4.630006120000e-01	-8.128684660000e-05	0.000000000000e+00
400	2.074000000000e-02	0	0.000000000000e+00	4.628960400000e-01	-7.854324570000e-05	0.000000000000e+00
400	2.157000000000e-02	0	0.000000000000e+00	4.628108590000e-01	-7.854324570000e-05	0.000000000000e+00
400	2.246000000000e-02	0	0.000000000000e+00	4.628759570000e-01	-7.854324570000e-05	0.000000000000e+00
400	2.338000000000e-02	0	0.000000000000e+00	4.630019970000e-01	-7.854324570000e-05	0.000000000000e+00
400	2.425000000000e-02	0	0.000000000000e+00	4.630525520000e-01	-8.403044750000e-05	0.000000000000e+00
400	2.515000000000e-02	0	0.000000000000e+00	4.629874540000e-01	-7.717144520000e-05	0.000000000000e+00
400	2.592000000000e-02	0	6.103560000000e-05	4.629396690000e-01	-7.991504610000e-05	0.000000000000e+00
400	2.681000000000e-02	0	0.000000000000e+00	4.629396690000e-01	-7.991504610000e-05	0.000000000000e+00
400	2.777000000000e-02	0	0.000000000000e+00	4.629493650000e-01	-7.717144520000e-05	0.000000000000e+00
400	2.857000000000e-02	0	0.000000000000e+00	4.629389770000e-01	-7.991504610000e-05	0.000000000000e+00
400	2.941000000000e-02	0	0.000000000000e+00	4.630206950000e-01	-8.128684660000e-05	0.000000000000e+00
400	3.018000000000e-02	0	0.000000000000e+00	4.629902240000e-01	-7.579964480000e-05	0.000000000000e+00
400	3.108000000000e-02	0	0.000000000000e+00	4.629486720000e-01	-8.197274680000e-05	0.000000000000e+00
400	3.195000000000e-02	0	0.000000000000e+00	4.629410540000e-01	-7.648554500000e-05	0.000000000000e+00
400	3.286000000000e-02	0	0.000000000000e+00	4.629133530000e-01	-7.854324570000e-05	0.000000000000e+00
400	3.372000000000e-02	0	0.000000000000e+00	4.629431320000e-01	-8.128684660000e-05	0.000000000000e+00
400	3.451000000000e-02	0	0.000000000000e+00	4.629929940000e-01	-8.128684660000e-05	0.000000000000e+00
400	3.535000000000e-02	0	0.000000000000e+00	4.629258190000e-01	-8.128684660000e-05	0.000000000000e+00
400	3.625000000000e-02	0	0.000000000000e+00	4.629175080000e-01	-7.991504610000e-05	0.000000000000e+00
400	3.715000000000e-02	0	0.000000000000e+00	4.629036580000e-01	-7.717144520000e-05	0.000000000000e+00
400	3.799000000000e-02	0	6.103560000000e-05	4.628233240000e-01	-7.648554500000e-05	0.000000000000e+00
400	3.877000000000e-02	0	6.103560000000e-05	4.654244640000e-01	-7.854324570000e-05	0.000000000000e+00
400	3.968000000000e-02	0	0.000000000000e+00	4.654210020000e-01	-7.922914590000e-05	0.000000000000e+00
400	4.056000000000e-02	0	0.000000000000e+00	4.654085360000e-01	-7.922914590000e-05	0.000000000000e+00
400	4.141000000000e-02	0	0.000000000000e+00	4.652229380000e-01	-7.717144520000e-05	0.000000000000e+00
400	4.229000000000e-02	0	0.000000000000e+00	4.652734930000e-01	-8.060094640000e-05	0.000000000000e+00
400	4.317000000000e-02	0	0.000000000000e+00	4.653005010000e-01	-8.471634770000e-05	0.000000000000e+00
400	4.406000000000e-02	0	0.000000000000e+00	4.654369300000e-01	-7.991504610000e-05	0.000000000000e+00
400	4.480000000000e-02	0	0.000000000000e+00	4.654016110000e-01	-7.854324570000e-05	0.000000000000e+00
400	4.569000000000e-02	0	0.000000000000e+00	4.653185070000e-01	-8.540224790000e-05	0.000000000000e+00
400	4.658000000000e-02	0	6.103560000000e-05	4.652852660000e-01	-7.579964480000e-05	0.000000000000e+00
400	4.746000000000e-02	0	0.000000000000e+00	4.652797260000e-01	-7.854324570000e-05	0.000000000000e+00
400	4.824000000000e-02	0	0.000000000000e+00	4.653046570000e-01	-8.265864700000e-05	0.000000000000e+00
400	4.909000000000e-02	0	0.000000000000e+00	4.654514730000e-01	-8.128684660000e-05	0.000000000000e+00
400	4.998000000000e-02	0	0.000000000000e+00	4.653746020000e-01	-7.442784440000e-05	0.000000000000e+00
400	5.089000000000e-02	0	0.000000000000e+00	4.652180910000e-01	-7.854324570000e-05	0.000000000000e+00
400	5.175000000000e-02	0	6.103560000000e-05	4.651640730000e-01	-7.854324570000e-05	0.000000000000e+00
400	5.262000000000e-02	0	0.000000000000e+00	4.652956540000e-01	-8.197274680000e-05	0.000000000000e+00
400	5.338000000000e-02	0	0.000000000000e+00	4.643808230000e-01	-8.128684660000e-05	0.000000000000e+00
400	5.426000000000e-02	0	0.000000000000e+00	4.643870550000e-01	-8.128684660000e-05	0.000000000000e+00
400	5.515000000000e-02	0	6.103560000000e-05	4.645013230000e-01	-8.403044750000e-05	0.000000000000e+00
400	5.605000000000e-02	0	0.000000000000e+00	4.644396880000e-01	-8.403044750000e-05	0.000000000000e+00
400	5.690000000000e-02	0	0.000000000000e+00	4.644161420000e-01	-8.197274680000e-05	0.000000000000e+00
400	5.770000000000e-02	0	0.000000000000e+00	4.644244520000e-01	-8.060094640000e-05	0.000000000000e+00
400	5.856000000000e-02	0	0.000000000000e+00	4.644015990000e-01	-7.854324570000e-05	0.000000000000e+00
400	5.944000000000e-02	0	0.000000000000e+00	4.645830410000e-01	-8.060094640000e-05	0.000000000000e+00
400	6.033000000000e-02	0	0.000000000000e+00	4.645324870000e-01	-7.991504610000e-05	0.000000000000e+00
400	6.120000000000e-02	0	0.000000000000e+00	4.645380270000e-01	-7.785734550000e-05	0.000000000000e+00
400	6.207000000000e-02	0	0.000000000000e+00	4.644999380000e-01	-8.060094640000e-05	0.000000000000e+00
400	6.286000000000e-02	0	0.000000000000e+00	4.645858110000e-01	-7.785734550000e-05	0.000000000000e+00
400	6.374000000000e-02	0	0.000000000000e+00	4.645380270000e-01	-7.717144520000e-05	0.000000000000e+00
400	6.462000000000e-02	0	0.000000000000e+00	4.645858110000e-01	-7.785734550000e-05	0.000000000000e+00
400	6.549000000000e-02	0	6.103560000000e-05	4.644154490000e-01	-7.717144520000e-05	0.000000000000e+00
400	6.638000000000e-02	0	0.000000000000e+00	4.643448110000e-01	-7.785734550000e-05	0.000000000000e+00
400	6.716000000000e-02	0	6.103560000000e-05	4.644085240000e-01	-7.511374460000e-05	0.000000000000e+00
400	6.800000000000e-02	0	6.103560000000e-05	4.644209890000e-01	-7.922914590000e-05	0.000000000000e+00
400	6.888000000000e-02	0	0.000000000000e+00	4.644293000000e-01	-7.717144520000e-05	0.000000000000e+00
400	6.989000000000e-02	0	0.000000000000e+00	4.643482740000e-01	-7.511374460000e-05	0.000000000000e+00
400	7.064000000000e-02	0	0.000000000000e+00	4.643932880000e-01	-7.511374460000e-05	0.000000000000e+00
400	7.151000000000e-02	0	0.000000000000e+00	4.642589380000e-01	-7.374194410000e-05	0.000000000000e+00
400	7.232000000000e-02	0	0.000000000000e+00	4.642707110000e-01	-8.128684660000e-05	0.000000000000e+00
400	7.318000000000e-02	0	6.103560000000e-05	4.642554750000e-01	-7.511374460000e-05	0.000000000000e+00
400	7.404000000000e-02	0	0.000000000000e+00	4.642076900000e-01	-7.168424350000e-05	0.000000000000e+00
400	7.492000000000e-02	0	0.000000000000e+00	4.642693250000e-01	-7.579964480000e-05	0.000000000000e+00
400	7.582000000000e-02	0	0.000000000000e+00	4.642132310000e-01	-7.648554500000e-05	0.000000000000e+00
400	7.668000000000e-02	0	6.103560000000e-05	4.641889920000e-01	-7.442784440000e-05	0.000000000000e+00
400	7.745000000000e-02	0	0.000000000000e+00	4.635691780000e-01	-7.579964480000e-05	0.000000000000e+00
400	7.835000000000e-02	0	0.000000000000e+00	4.642090750000e-01	-7.511374460000e-05	0.000000000000e+00
400	7.924000000000e-02	0	0.000000000000e+00	4.642762510000e-01	-7.717144520000e-05	0.000000000000e+00
400	8.012000000000e-02	0	0.000000000000e+00	4.642236190000e-01	-8.060094640000e-05	0.000000000000e+00
400	8.097000000000e-02	0	0.000000000000e+00	4.640324800000e-01	-8.265864700000e-05	0.000000000000e+00
400	8.178000000000e-02	0	0.000000000000e+00	4.641599060000e-01	-8.197274680000e-05	0.000000000000e+00
400	8.266000000000e-02	0	0.000000000000e+00	4.640892680000e-01	-7.922914590000e-05	0.000000000000e+00
400	8.348000000000e-02	0	6.103560000000e-05	4.640837280000e-01	-7.854324570000e-05	0.000000000000e+00
400	8.440000000000e-02	0	0.000000000000e+00	4.640892680000e-01	-8.265864700000e-05	0.000000000000e+00
400	8.526000000000e-02	0	0.000000000000e+00	4.640726470000e-01	-8.608814810000e-05	0.000000000000e+00
400	8.613000000000e-02	0	0.000000000000e+00	4.640234780000e-01	-7.717144520000e-05	0.000000000000e+00
400	8.690000000000e-02	0	0.000000000000e+00	4.639514550000e-01	-7.648554500000e-05	0.000000000000e+00
400	8.779000000000e-02	0	0.000000000000e+00	4.639369110000e-01	-8.265864700000e-05	0.000000000000e+00
400	8.867000000000e-02	0	0.000000000000e+00	4.639396820000e-01	-8.197274680000e-05	0.000000000000e+00
400	8.957000000000e-02	0	0.000000000000e+00	4.638614260000e-01	-7.854324570000e-05	0.000000000000e+00
400	9.031000000000e-02	0	0.000000000000e+00	4.639064400000e-01	-7.854324570000e-05	0.000000000000e+00
400	9.122000000000e-02	0	0.000000000000e+00	4.638392650000e-01	-8.128684660000e-05	0.000000000000e+00
400	9.210000000000e-02	0	0.000000000000e+00	4.637499290000e-01	-8.060094640000e-05	0.000000000000e+00
400	9.296000000000e-02	0	0.000000000000e+00	4.637284600000e-01	-7.648554500000e-05	0.000000000000e+00
400	9.384000000000e-02	0	0.000000000000e+00	4.637450810000e-01	-7.922914590000e-05	0.000000000000e+00
400	9.471000000000e-02	0	0.000000000000e+00	4.637679340000e-01	-8.060094640000e-05	0.000000000000e+00
400	9.560000000000e-02	0	0.000000000000e+00	4.637720900000e-01	-7.785734550000e-05	0.000000000000e+00
400	9.637000000000e-02	0	0.000000000000e+00	4.636418940000e-01	-8.334454720000e-05	0.000000000000e+00
400	9.724000000000e-02	0	0.000000000000e+00	4.635698710000e-01	-8.540224790000e-05	0.000000000000e+00
400	9.811000000000e-02	0	0.000000000000e+00	4.635719490000e-01	-8.060094640000e-05	0.000000000000e+00
400	9.901000000000e-02	0	0.000000000000e+00	4.636197330000e-01	-8.060094640000e-05	0.000000000000e+00
400	9.976000000000e-02	0	0.000000000000e+00	4.636128080000e-01	-8.128684660000e-05	0.000000000000e+00
400	1.006500000000e-01	0	0.000000000000e+00	4.636425870000e-01	-8.334454720000e-05	0.000000000000e+00
400	1.015200000000e-01	0	0.000000000000e+00	4.635636380000e-01	-7.717144520000e-05	0.000000000000e+00
400	1.024300000000e-01	0	0.000000000000e+00	4.634521410000e-01	-8.334454720000e-05	0.000000000000e+00
400	1.032800000000e-01	0	6.103560000000e-05	4.633371810000e-01	-7.991504610000e-05	0.000000000000e+00
400	1.041500000000e-01	0	0.000000000000e+00	4.633773480000e-01	-7.854324570000e-05	0.000000000000e+00
400	1.049400000000e-01	0	0.000000000000e+00	4.633565720000e-01	-7.922914590000e-05	0.000000000000e+00
400	1.058200000000e-01	0	6.103560000000e-05	4.633288710000e-01	-7.648554500000e-05	0.000000000000e+00
400	1.067300000000e-01	0	0.000000000000e+00	4.633164050000e-01	-8.197274680000e-05	0.000000000000e+00
400	1.075900000000e-01	0	0.000000000000e+00	4.632526930000e-01	-8.060094640000e-05	0.000000000000e+00
400	1.084600000000e-01	0	0.000000000000e+00	4.631543530000e-01	-8.060094640000e-05	0.000000000000e+00
400	1.092800000000e-01	0	0.000000000000e+00	4.631695890000e-01	-7.648554500000e-05	0.000000000000e+00
400	1.101000000000e-01	0	0.000000000000e+00	4.630913330000e-01	-8.197274680000e-05	0.000000000000e+00
400	1.109900000000e-01	0	0.000000000000e+00	4.630490890000e-01	-8.540224790000e-05	0.000000000000e+00
400	1.118800000000e-01	0	0.000000000000e+00	4.629999190000e-01	-8.197274680000e-05	0.000000000000e+00
400	1.127600000000e-01	0	6.103560000000e-05	4.628808040000e-01	-8.540224790000e-05	0.000000000000e+00
400	1.136500000000e-01	0	0.000000000000e+00	4.628219390000e-01	-8.060094640000e-05	0.000000000000e+00
400	1.144100000000e-01	0	0.000000000000e+00	4.628911920000e-01	-8.334454720000e-05	0.000000000000e+00
400	1.153000000000e-01	0	0.000000000000e+00	4.628891150000e-01	-8.540224790000e-05	0.000000000000e+00
400	1.161700000000e-01	0	0.000000000000e+00	4.628461780000e-01	-8.677404830000e-05	0.000000000000e+00
400	1.170700000000e-01	0	6.103560000000e-05	4.628281720000e-01	-8.334454720000e-05	0.000000000000e+00
400	1.178000000000e-01	0	0.000000000000e+00	4.625795540000e-01	-8.814584880000e-05	0.000000000000e+00
400	1.187000000000e-01	0	0.000000000000e+00	4.624888330000e-01	-8.883174900000e-05	0.000000000000e+00
400	1.195600000000e-01	0	0.000000000000e+00	4.625809390000e-01	-8.471634770000e-05	0.000000000000e+00
400	1.204800000000e-01	0	0.000000000000e+00	4.626917440000e-01	-8.197274680000e-05	0.000000000000e+00
400	1.213400000000e-01	0	6.103560000000e-05	4.626688900000e-01	-8.540224790000e-05	0.000000000000e+00
400	1.222300000000e-01	0	0.000000000000e+00	4.625359250000e-01	-8.677404830000e-05	0.000000000000e+00
400	1.230700000000e-01	0	0.000000000000e+00	4.624902180000e-01	-8.951764920000e-05	0.000000000000e+00
400	1.238600000000e-01	0	6.103560000000e-05	4.623877240000e-01	-8.745994860000e-05	0.000000000000e+00
400	1.247400000000e-01	0	0.000000000000e+00	4.624368930000e-01	-9.020354950000e-05	0.000000000000e+00
400	1.256200000000e-01	0	0.000000000000e+00	4.624285830000e-01	-8.540224790000e-05	0.000000000000e+00
400	1.265000000000e-01	0	0.000000000000e+00	4.624486660000e-01	-8.197274680000e-05	0.000000000000e+00
400	1.272700000000e-01	0	6.103560000000e-05	4.623627930000e-01	-8.540224790000e-05	0.000000000000e+00
400	1.281700000000e-01	0	0.000000000000e+00	4.622471400000e-01	-8.471634770000e-05	0.000000000000e+00
400	1.290100000000e-01	0	0.000000000000e+00	4.622145910000e-01	-8.403044750000e-05	0.000000000000e+00
400	1.299400000000e-01	0	0.000000000000e+00	4.621875830000e-01	-8.128684660000e-05	0.000000000000e+00
400	1.308100000000e-01	0	0.000000000000e+00	4.622353670000e-01	-8.814584880000e-05	0.000000000000e+00
400	1.316900000000e-01	0	0.000000000000e+00	4.621931230000e-01	-8.540224790000e-05	0.000000000000e+00
400	1.324300000000e-01	0	6.103560000000e-05	4.620497690000e-01	-8.677404830000e-05	0.000000000000e+00
400	1.333400000000e-01	0	6.103560000000e-05	4.619777460000e-01	-8.403044750000e-05	0.000000000000e+00
400	1.341600000000e-01	0	6.103560000000e-05	4.619251140000e-01	-8.745994860000e-05	0.000000000000e+00
400	1.351000000000e-01	0	6.103560000000e-05	4.619867490000e-01	-8.334454720000e-05	0.000000000000e+00
400	1.359500000000e-01	0	0.000000000000e+00	4.620234530000e-01	-8.677404830000e-05	0.000000000000e+00
400	1.367400000000e-01	0	0.000000000000e+00	4.618150020000e-01	-8.677404830000e-05	0.000000000000e+00
400	1.375800000000e-01	0	0.000000000000e+00	4.617762200000e-01	-8.128684660000e-05	0.000000000000e+00
400	1.385000000000e-01	0	0.000000000000e+00	4.616474100000e-01	-8.265864700000e-05	0.000000000000e+00
400	1.393700000000e-01	0	0.000000000000e+00	4.620019850000e-01	-8.677404830000e-05	0.000000000000e+00
400	1.402400000000e-01	0	0.000000000000e+00	4.619673580000e-01	-8.128684660000e-05	0.000000000000e+00
400	1.411100000000e-01	0	0.000000000000e+00	4.619465830000e-01	-7.785734550000e-05	0.000000000000e+00
400	1.419200000000e-01	0	6.103560000000e-05	4.619244220000e-01	-8.128684660000e-05	0.000000000000e+00
400	1.427900000000e-01	0	0.000000000000e+00	4.617879930000e-01	-7.922914590000e-05	0.000000000000e+00
400	1.436700000000e-01	0	6.103560000000e-05	4.617298210000e-01	-8.060094640000e-05	0.000000000000e+00
400	1.445300000000e-01	0	0.000000000000e+00	4.617485190000e-01	-8.677404830000e-05	0.000000000000e+00
400	1.454200000000e-01	0	0.000000000000e+00	4.617907630000e-01	-8.265864700000e-05	0.000000000000e+00
400	1.462800000000e-01	0	0.000000000000e+00	4.616508730000e-01	-8.814584880000e-05	0.000000000000e+00
400	1.470700000000e-01	0	6.103560000000e-05	4.615726170000e-01	-8.540224790000e-05	0.000000000000e+00
400	1.479700000000e-01	0	0.000000000000e+00	4.614950530000e-01	-8.334454720000e-05	0.000000000000e+00
400	1.488400000000e-01	0	0.000000000000e+00	4.614077950000e-01	-8.128684660000e-05	0.000000000000e+00
400	1.497000000000e-01	0	0.000000000000e+00	4.614902060000e-01	-8.471634770000e-05	0.000000000000e+00
400	1.506200000000e-01	0	0.000000000000e+00	4.614888210000e-01	-8.677404830000e-05	0.000000000000e+00
400	1.513700000000e-01	0	0.000000000000e+00	4.613828640000e-01	-8.334454720000e-05	0.000000000000e+00
400	1.522700000000e-01	0	6.103560000000e-05	4.613634730000e-01	-8.471634770000e-05	0.000000000000e+00
400	1.531100000000e-01	0	0.000000000000e+00	4.612069610000e-01	-8.403044750000e-05	0.000000000000e+00
400	1.539800000000e-01	0	0.000000000000e+00	4.612872950000e-01	-8.403044750000e-05	0.000000000000e+00
400	1.548700000000e-01	0	0.000000000000e+00	4.613593180000e-01	-8.334454720000e-05	0.000000000000e+00
400	1.557500000000e-01	0	0.000000000000e+00	4.612263520000e-01	-8.608814810000e-05	0.000000000000e+00
400	1.565400000000e-01	0	0.000000000000e+00	4.611889560000e-01	-8.197274680000e-05	0.000000000000e+00
400	1.574000000000e-01	0	6.103560000000e-05	4.611051600000e-01	-8.471634770000e-05	0.000000000000e+00
400	1.582900000000e-01	0	0.000000000000e+00	4.611016970000e-01	-8.471634770000e-05	0.000000000000e+00
400	1.591600000000e-01	0	0.000000000000e+00	4.610199780000e-01	-8.403044750000e-05	0.000000000000e+00
400	1.599500000000e-01	0	0.000000000000e+00	4.611127770000e-01	-8.951764920000e-05	0.000000000000e+00
400	1.607900000000e-01	0	0.000000000000e+00	4.611432490000e-01	-8.403044750000e-05	0.000000000000e+00
400	1.617000000000e-01	0	0.000000000000e+00	4.609957400000e-01	-8.608814810000e-05	0.000000000000e+00
400	1.625800000000e-01	0	0.000000000000e+00	4.609098660000e-01	-8.745994860000e-05	0.000000000000e+00
400	1.634800000000e-01	0	0.000000000000e+00	4.609611130000e-01	-8.197274680000e-05	0.000000000000e+00
400	1.643000000000e-01	0	0.000000000000e+00	4.608856280000e-01	-7.785734550000e-05	0.000000000000e+00
400	1.650900000000e-01	0	0.000000000000e+00	4.609444930000e-01	-7.854324570000e-05	0.000000000000e+00
400	1.660100000000e-01	0	0.000000000000e+00	4.610809210000e-01	-7.785734550000e-05	0.000000000000e+00
400	1.668700000000e-01	0	0.000000000000e+00	4.610525270000e-01	-8.197274680000e-05	0.000000000000e+00
400	1.677000000000e-01	0	6.103560000000e-05	4.609569580000e-01	-7.991504610000e-05	0.000000000000e+00
400	1.686400000000e-01	0	6.103560000000e-05	4.609444930000e-01	-8.403044750000e-05	0.000000000000e+00
400	1.694000000000e-01	0	0.000000000000e+00	4.610587600000e-01	-8.677404830000e-05	0.000000000000e+00
400	1.702500000000e-01	0	0.000000000000e+00	4.611155470000e-01	-8.334454720000e-05	0.000000000000e+00
400	1.711500000000e-01	0	0.000000000000e+00	4.611293980000e-01	-8.128684660000e-05	0.000000000000e+00
400	1.720500000000e-01	0	0.000000000000e+00	4.609015560000e-01	-8.334454720000e-05	0.000000000000e+00
400	1.729100000000e-01	0	0.000000000000e+00	4.608551560000e-01	-8.471634770000e-05	0.000000000000e+00
400	1.738100000000e-01	0	0.000000000000e+00	4.608510010000e-01	-7.785734550000e-05	0.000000000000e+00
400	1.745700000000e-01	0	0.000000000000e+00	4.609666540000e-01	-8.060094640000e-05	0.000000000000e+00
400	1.754200000000e-01	0	0.000000000000e+00	4.608551560000e-01	-8.265864700000e-05	0.000000000000e+00
400	1.763300000000e-01	0	0.000000000000e+00	4.609604210000e-01	-8.060094640000e-05	0.000000000000e+00
400	1.771900000000e-01	0	0.000000000000e+00	4.608717770000e-01	-8.883174900000e-05	0.000000000000e+00
400	1.779600000000e-01	0	0.000000000000e+00	4.608066790000e-01	-8.608814810000e-05	0.000000000000e+00
400	1.788500000000e-01	0	0.000000000000e+00	4.608392280000e-01	-8.540224790000e-05	0.000000000000e+00
400	1.797200000000e-01	0	0.000000000000e+00	4.609147140000e-01	-8.403044750000e-05	0.000000000000e+00
400	1.806100000000e-01	0	0.000000000000e+00	4.609244090000e-01	-8.540224790000e-05	0.000000000000e+00
400	1.814900000000e-01	0	0.000000000000e+00	4.609597280000e-01	-8.883174900000e-05	0.000000000000e+00
400	1.823600000000e-01	0	0.000000000000e+00	4.609569580000e-01	-8.677404830000e-05	0.000000000000e+00
400	1.832300000000e-01	0	6.103560000000e-05	4.608087570000e-01	-8.883174900000e-05	0.000000000000e+00
400	1.840200000000e-01	0	6.103560000000e-05	4.608510010000e-01	-9.020354950000e-05	0.000000000000e+00
400	1.848900000000e-01	0	0.000000000000e+00	4.609209470000e-01	-8.197274680000e-05	0.000000000000e+00
400	1.857600000000e-01	0	0.000000000000e+00	4.608399210000e-01	-8.540224790000e-05	0.000000000000e+00
400	1.866500000000e-01	0	0.000000000000e+00	4.609486480000e-01	-8.883174900000e-05	0.000000000000e+00
400	1.874200000000e-01	0	0.000000000000e+00	4.608059870000e-01	-8.883174900000e-05	0.000000000000e+00
400	1.882900000000e-01	0	6.103560000000e-05	4.608052940000e-01	-8.608814810000e-05	0.000000000000e+00
400	1.891600000000e-01	0	0.000000000000e+00	4.607575100000e-01	-8.197274680000e-05	0.000000000000e+00
400	1.900800000000e-01	0	0.000000000000e+00	4.608233000000e-01	-8.540224790000e-05	0.000000000000e+00
400	1.909300000000e-01	0	0.000000000000e+00	4.608925530000e-01	-8.334454720000e-05	0.000000000000e+00
400	1.918100000000e-01	0	0.000000000000e+00	4.609334120000e-01	-8.471634770000e-05	0.000000000000e+00
400	1.925700000000e-01	0	0.000000000000e+00	4.608482310000e-01	-8.677404830000e-05	0.000000000000e+00
400	1.934700000000e-01	0	0.000000000000e+00	4.608510010000e-01	-8.265864700000e-05	0.000000000000e+00
400	1.943300000000e-01	0	0.000000000000e+00	4.607949060000e-01	-8.677404830000e-05	0.000000000000e+00
400	1.952300000000e-01	0	0.000000000000e+00	4.607173430000e-01	-8.677404830000e-05	0.000000000000e+00
400	1.961200000000e-01	0	0.000000000000e+00	4.608475390000e-01	-8.677404830000e-05	0.000000000000e+00
400	1.968700000000e-01	0	0.000000000000e+00	4.609022480000e-01	-8.608814810000e-05	0.000000000000e+00
400	1.977400000000e-01	0	6.103560000000e-05	4.608586190000e-01	-8.677404830000e-05	0.000000000000e+00
400	1.986300000000e-01	0	0.000000000000e+00	4.606910270000e-01	-8.540224790000e-05	0.000000000000e+00
400	1.994800000000e-01	0	0.000000000000e+00	4.607069550000e-01	-8.608814810000e-05	0.000000000000e+00
400	1.997800000000e-01	0	0.000000000000e+00	4.607083400000e-01	-8.334454720000e-05	0.000000000000e+00
400	1.998900000000e-01	0	0.000000000000e+00	4.608904750000e-01	-8.403044750000e-05	0.000000000000e+00
400	1.999300000000e-01	0	0.000000000000e+00	4.608870130000e-01	-8.060094640000e-05	0.000000000000e+00

