# Filename: data_1056.dat
# Timestamp: Fri Dec 13 21:17:05 2019

# Column 1:
#	end: -0.2
#	name: IPS120-10 (swept B(T))
#	size: 2
#	start: 0.2
#	type: coordinate
# Column 2:
#	end: 0
#	name: y_parameter (none)
#	size: 1
#	start: 0
#	type: coordinate
# Column 3:
#	end: 0
#	name: z_parameter (none)
#	size: 1
#	start: 0
#	type: coordinate
# Column 4:
#	name: lockin 1
#	type: value
# Column 5:
#	name: Keithley 1
#	type: value
# Column 6:
#	name: Keithley 2
#	type: value
# Column 7:
#	name: lockin 2
#	type: value

100	1.997900000000e-01	0	8.276050000000e-03	7.470946280000e-02	1.542502550000e-05	8.302800000000e-06
100	1.991400000000e-01	0	8.269370000000e-03	7.395806580000e-02	1.816861900000e-05	8.175210000000e-06
100	1.983200000000e-01	0	8.262690000000e-03	7.517345920000e-02	9.251940140000e-06	8.134230000000e-06
100	1.975000000000e-01	0	8.259830000000e-03	7.447884970000e-02	1.954041570000e-05	8.234810000000e-06
100	1.966600000000e-01	0	8.263650000000e-03	7.479395170000e-02	1.473912710000e-05	8.411760000000e-06
100	1.957800000000e-01	0	8.271280000000e-03	7.512082670000e-02	1.816861900000e-05	8.171480000000e-06
100	1.948700000000e-01	0	8.262690000000e-03	7.414227930000e-02	1.130963530000e-05	8.201280000000e-06
100	1.940200000000e-01	0	8.264600000000e-03	7.442206210000e-02	1.611092390000e-05	8.207800000000e-06
100	1.931100000000e-01	0	8.264600000000e-03	7.506196150000e-02	1.542502550000e-05	8.185450000000e-06
100	1.923600000000e-01	0	8.264600000000e-03	7.363188330000e-02	1.679682220000e-05	8.241330000000e-06
100	1.914600000000e-01	0	8.271280000000e-03	7.580712580000e-02	1.611092390000e-05	8.222710000000e-06
100	1.906000000000e-01	0	8.267460000000e-03	7.432787780000e-02	1.748272060000e-05	8.143540000000e-06
100	1.897200000000e-01	0	8.259830000000e-03	7.566861940000e-02	1.748272060000e-05	8.042030000000e-06
100	1.888300000000e-01	0	8.264600000000e-03	7.546155240000e-02	1.405322870000e-05	8.056930000000e-06
100	1.879600000000e-01	0	8.269370000000e-03	7.562498990000e-02	1.336733040000e-05	8.232950000000e-06
100	1.870900000000e-01	0	8.271280000000e-03	7.580158560000e-02	1.405322870000e-05	7.971250000000e-06
100	1.862000000000e-01	0	8.259830000000e-03	7.629536080000e-02	1.542502550000e-05	8.194770000000e-06
100	1.853100000000e-01	0	8.272230000000e-03	7.231953540000e-02	1.268143200000e-05	8.092320000000e-06
100	1.844400000000e-01	0	8.269370000000e-03	7.608344600000e-02	1.679682220000e-05	7.890220000000e-06
100	1.835800000000e-01	0	8.274140000000e-03	7.203421230000e-02	1.885451730000e-05	7.900470000000e-06
100	1.827800000000e-01	0	8.260790000000e-03	7.550795200000e-02	1.405322870000e-05	7.856700000000e-06
100	1.819300000000e-01	0	8.277950000000e-03	7.321497910000e-02	1.473912710000e-05	7.934000000000e-06
100	1.810400000000e-01	0	8.250300000000e-03	7.603843140000e-02	2.159811080000e-05	7.995460000000e-06
100	1.801400000000e-01	0	8.240760000000e-03	7.205706590000e-02	1.542502550000e-05	8.061590000000e-06
100	1.792700000000e-01	0	8.240760000000e-03	7.562360490000e-02	1.679682220000e-05	8.212460000000e-06
100	1.784100000000e-01	0	8.242670000000e-03	7.201966920000e-02	2.159811080000e-05	8.298140000000e-06
100	1.775000000000e-01	0	8.240760000000e-03	7.642971190000e-02	1.748272060000e-05	8.275790000000e-06
100	1.766300000000e-01	0	8.252200000000e-03	7.312772010000e-02	2.159811080000e-05	8.221770000000e-06
100	1.757700000000e-01	0	8.251250000000e-03	7.657860630000e-02	1.954041570000e-05	8.230160000000e-06
100	1.748900000000e-01	0	8.246480000000e-03	7.350861260000e-02	2.022631410000e-05	8.438770000000e-06
100	1.739700000000e-01	0	8.227410000000e-03	7.527249120000e-02	1.885451730000e-05	8.414560000000e-06
100	1.731000000000e-01	0	8.260790000000e-03	7.204183020000e-02	1.405322870000e-05	8.390340000000e-06
100	1.722500000000e-01	0	8.240760000000e-03	7.303976860000e-02	1.336733040000e-05	8.422940000000e-06
100	1.714500000000e-01	0	8.274140000000e-03	7.301968510000e-02	1.542502550000e-05	8.729340000000e-06
100	1.705600000000e-01	0	8.280810000000e-03	7.306123700000e-02	1.679682220000e-05	8.797330000000e-06
100	1.697100000000e-01	0	8.256970000000e-03	7.675104670000e-02	1.748272060000e-05	8.778700000000e-06
100	1.688500000000e-01	0	8.266510000000e-03	7.427455280000e-02	2.091221250000e-05	8.904430000000e-06
100	1.679000000000e-01	0	8.264600000000e-03	7.585006280000e-02	1.679682220000e-05	9.070210000000e-06
100	1.670300000000e-01	0	8.277950000000e-03	7.657098840000e-02	2.022631410000e-05	8.936100000000e-06
100	1.662000000000e-01	0	8.290350000000e-03	7.587707150000e-02	2.159811080000e-05	8.905360000000e-06
100	1.653000000000e-01	0	8.300840000000e-03	7.655713780000e-02	1.748272060000e-05	9.058100000000e-06
100	1.644000000000e-01	0	8.300840000000e-03	7.667348310000e-02	1.885451730000e-05	9.106530000000e-06
100	1.635300000000e-01	0	8.291300000000e-03	7.597818120000e-02	9.937838510000e-06	9.345880000000e-06
100	1.626800000000e-01	0	8.282720000000e-03	7.717279860000e-02	2.159811080000e-05	9.431560000000e-06
100	1.618800000000e-01	0	8.260790000000e-03	7.524340490000e-02	1.611092390000e-05	9.654150000000e-06
100	1.610100000000e-01	0	8.296070000000e-03	7.533620420000e-02	1.268143200000e-05	9.478130000000e-06
100	1.601400000000e-01	0	8.295120000000e-03	7.263463740000e-02	1.336733040000e-05	9.499550000000e-06
100	1.592700000000e-01	0	8.276050000000e-03	7.458065190000e-02	1.542502550000e-05	9.575920000000e-06
100	1.583400000000e-01	0	8.277950000000e-03	7.257715730000e-02	1.542502550000e-05	9.835760000000e-06
100	1.574900000000e-01	0	8.313240000000e-03	7.383548760000e-02	1.199553360000e-05	9.754730000000e-06
100	1.566000000000e-01	0	8.322780000000e-03	7.317619730000e-02	1.885451730000e-05	9.902810000000e-06
100	1.557200000000e-01	0	8.303700000000e-03	7.619355860000e-02	1.748272060000e-05	1.007600000000e-05
100	1.548600000000e-01	0	8.269370000000e-03	7.539091420000e-02	2.159811080000e-05	1.003600000000e-05
100	1.539900000000e-01	0	8.293210000000e-03	7.727183070000e-02	1.268143200000e-05	9.855310000000e-06
100	1.531100000000e-01	0	8.297980000000e-03	7.362495800000e-02	1.611092390000e-05	1.007320000000e-05
100	1.521800000000e-01	0	8.282720000000e-03	7.476763550000e-02	1.885451730000e-05	1.010860000000e-05
100	1.513600000000e-01	0	8.378090000000e-03	7.351830810000e-02	1.542502550000e-05	1.011520000000e-05
100	1.504500000000e-01	0	8.315150000000e-03	7.489436880000e-02	1.679682220000e-05	9.845070000000e-06
100	1.496500000000e-01	0	8.281770000000e-03	7.300029420000e-02	1.748272060000e-05	9.759390000000e-06
100	1.488000000000e-01	0	8.238850000000e-03	7.393659730000e-02	1.473912710000e-05	1.010580000000e-05
100	1.479300000000e-01	0	8.228360000000e-03	7.302591790000e-02	1.542502550000e-05	1.013100000000e-05
100	1.470300000000e-01	0	8.248390000000e-03	7.307508770000e-02	1.130963530000e-05	1.000710000000e-05
100	1.461500000000e-01	0	8.284630000000e-03	7.750452140000e-02	1.473912710000e-05	1.000990000000e-05
100	1.452900000000e-01	0	8.264600000000e-03	7.366789490000e-02	1.199553360000e-05	9.873940000000e-06
100	1.444400000000e-01	0	8.258880000000e-03	7.748028270000e-02	2.022631410000e-05	9.921440000000e-06
100	1.435300000000e-01	0	8.287490000000e-03	7.447815720000e-02	1.748272060000e-05	9.855310000000e-06
100	1.426300000000e-01	0	8.258880000000e-03	7.694772580000e-02	1.885451730000e-05	9.930750000000e-06
100	1.417800000000e-01	0	8.270320000000e-03	7.351415290000e-02	1.336733040000e-05	9.871150000000e-06
100	1.408700000000e-01	0	8.282720000000e-03	7.608275350000e-02	1.954041570000e-05	9.736100000000e-06
100	1.400000000000e-01	0	8.296070000000e-03	7.622818520000e-02	2.639939940000e-05	9.683020000000e-06
100	1.391200000000e-01	0	8.222640000000e-03	7.739925650000e-02	1.748272060000e-05	9.944720000000e-06
100	1.382700000000e-01	0	8.235990000000e-03	7.762848460000e-02	1.748272060000e-05	9.953100000000e-06
100	1.374600000000e-01	0	8.207380000000e-03	7.513814000000e-02	1.816861900000e-05	9.923300000000e-06
100	1.365500000000e-01	0	8.245530000000e-03	7.719495960000e-02	2.022631410000e-05	9.909330000000e-06
100	1.357100000000e-01	0	8.273180000000e-03	7.682168500000e-02	2.365580600000e-05	1.027070000000e-05
100	1.348200000000e-01	0	8.240760000000e-03	7.622333740000e-02	1.611092390000e-05	1.022970000000e-05
100	1.339300000000e-01	0	8.220730000000e-03	7.353215870000e-02	2.434170430000e-05	1.027630000000e-05
100	1.330300000000e-01	0	8.267460000000e-03	7.779261460000e-02	2.022631410000e-05	1.027350000000e-05
100	1.321800000000e-01	0	8.259830000000e-03	7.333478710000e-02	2.365580600000e-05	1.014770000000e-05
100	1.313000000000e-01	0	8.274140000000e-03	7.726836800000e-02	2.091221250000e-05	1.038430000000e-05
100	1.304500000000e-01	0	8.256020000000e-03	7.598926170000e-02	2.228400920000e-05	1.025580000000e-05
100	1.295800000000e-01	0	8.200710000000e-03	7.781131300000e-02	2.159811080000e-05	1.039730000000e-05
100	1.286800000000e-01	0	8.233130000000e-03	7.733415850000e-02	2.845709460000e-05	1.066370000000e-05
100	1.278100000000e-01	0	8.249340000000e-03	7.614646640000e-02	2.502760270000e-05	1.018220000000e-05
100	1.269100000000e-01	0	8.257930000000e-03	7.685354140000e-02	2.296990760000e-05	1.016080000000e-05
100	1.260400000000e-01	0	8.244570000000e-03	7.341165820000e-02	2.571350110000e-05	1.050170000000e-05
100	1.252500000000e-01	0	8.224550000000e-03	7.761740400000e-02	2.914299290000e-05	1.047740000000e-05
100	1.243500000000e-01	0	8.207380000000e-03	7.420806980000e-02	2.845709460000e-05	1.065530000000e-05
100	1.235300000000e-01	0	8.212150000000e-03	7.758831770000e-02	2.982889130000e-05	1.055380000000e-05
100	1.226200000000e-01	0	8.235990000000e-03	7.576003360000e-02	2.434170430000e-05	1.063580000000e-05
100	1.217300000000e-01	0	8.245530000000e-03	7.787779600000e-02	2.708529780000e-05	1.053050000000e-05
100	1.208900000000e-01	0	8.215960000000e-03	7.424754410000e-02	2.091221250000e-05	1.060780000000e-05
100	1.199800000000e-01	0	8.233130000000e-03	7.545393460000e-02	2.502760270000e-05	1.070280000000e-05
100	1.190800000000e-01	0	8.214060000000e-03	7.355085710000e-02	2.708529780000e-05	1.060320000000e-05
100	1.182400000000e-01	0	8.224550000000e-03	7.470807780000e-02	2.228400920000e-05	1.046720000000e-05
100	1.173600000000e-01	0	8.229320000000e-03	7.359517910000e-02	2.845709460000e-05	1.027810000000e-05
100	1.164500000000e-01	0	8.252200000000e-03	7.756269400000e-02	2.639939940000e-05	1.064600000000e-05
100	1.156000000000e-01	0	8.216920000000e-03	7.573163980000e-02	2.502760270000e-05	1.032190000000e-05
100	1.147300000000e-01	0	8.216920000000e-03	7.813264770000e-02	2.777119620000e-05	1.065070000000e-05
100	1.138300000000e-01	0	8.256020000000e-03	7.423854120000e-02	2.639939940000e-05	1.067210000000e-05
100	1.130700000000e-01	0	8.243620000000e-03	7.747197240000e-02	2.914299290000e-05	1.057060000000e-05
100	1.121900000000e-01	0	8.232180000000e-03	7.493938340000e-02	2.639939940000e-05	1.066280000000e-05
100	1.112900000000e-01	0	8.234080000000e-03	7.515476080000e-02	2.982889130000e-05	1.067390000000e-05
100	1.104000000000e-01	0	8.238850000000e-03	7.646849370000e-02	2.502760270000e-05	1.061990000000e-05
100	1.095400000000e-01	0	8.236940000000e-03	7.369282610000e-02	2.982889130000e-05	1.065440000000e-05
100	1.086600000000e-01	0	8.222640000000e-03	7.463189930000e-02	3.188658640000e-05	1.072330000000e-05
100	1.077900000000e-01	0	8.200710000000e-03	7.388742750000e-02	2.708529780000e-05	1.091420000000e-05
100	1.069000000000e-01	0	8.227410000000e-03	7.795951480000e-02	2.571350110000e-05	1.065440000000e-05
100	1.060100000000e-01	0	8.207380000000e-03	7.380501620000e-02	2.365580600000e-05	1.074470000000e-05
100	1.051500000000e-01	0	8.228360000000e-03	7.641932400000e-02	3.188658640000e-05	1.082950000000e-05
100	1.043500000000e-01	0	8.221690000000e-03	7.413535390000e-02	2.502760270000e-05	1.083790000000e-05
100	1.034600000000e-01	0	8.208330000000e-03	7.494076850000e-02	3.188658640000e-05	1.072890000000e-05
100	1.026300000000e-01	0	8.220730000000e-03	7.409518710000e-02	3.051478970000e-05	1.078760000000e-05
100	1.017200000000e-01	0	8.174000000000e-03	7.673858110000e-02	3.188658640000e-05	1.070930000000e-05
100	1.008500000000e-01	0	8.208330000000e-03	7.609452650000e-02	2.708529780000e-05	1.096640000000e-05
100	9.998000000000e-02	0	8.209290000000e-03	7.832101640000e-02	2.777119620000e-05	1.072800000000e-05
100	9.909000000000e-02	0	8.174960000000e-03	7.586460590000e-02	3.394428150000e-05	1.075960000000e-05
100	9.820000000000e-02	0	8.203570000000e-03	7.831270600000e-02	2.708529780000e-05	1.070750000000e-05
100	9.731000000000e-02	0	8.214060000000e-03	7.565892400000e-02	3.188658640000e-05	1.079590000000e-05
100	9.647000000000e-02	0	8.180680000000e-03	7.822406190000e-02	2.982889130000e-05	1.077730000000e-05
100	9.556000000000e-02	0	8.202610000000e-03	7.785424990000e-02	3.188658640000e-05	1.053240000000e-05
100	9.466000000000e-02	0	8.184490000000e-03	7.728914390000e-02	2.982889130000e-05	1.067390000000e-05
100	9.383000000000e-02	0	8.186400000000e-03	7.632236950000e-02	2.982889130000e-05	1.047000000000e-05
100	9.293000000000e-02	0	8.180680000000e-03	7.431333460000e-02	2.571350110000e-05	1.052210000000e-05
100	9.213000000000e-02	0	8.211200000000e-03	7.501556190000e-02	3.051478970000e-05	1.062920000000e-05
100	9.127000000000e-02	0	8.188310000000e-03	7.416305520000e-02	2.914299290000e-05	1.073260000000e-05
100	9.042000000000e-02	0	8.182590000000e-03	7.726144270000e-02	2.502760270000e-05	1.068700000000e-05
100	8.949000000000e-02	0	8.202610000000e-03	7.421083990000e-02	3.120068810000e-05	1.065070000000e-05
100	8.864000000000e-02	0	8.189260000000e-03	7.808901820000e-02	2.708529780000e-05	1.085000000000e-05
100	8.775000000000e-02	0	8.215960000000e-03	7.681614470000e-02	3.257248480000e-05	1.060130000000e-05
100	8.686000000000e-02	0	8.194030000000e-03	7.729676180000e-02	3.120068810000e-05	1.050720000000e-05
100	8.597000000000e-02	0	8.188310000000e-03	7.798583100000e-02	3.325838320000e-05	1.067210000000e-05
100	8.511000000000e-02	0	8.182590000000e-03	7.475378490000e-02	2.777119620000e-05	1.049420000000e-05
100	8.425000000000e-02	0	8.202610000000e-03	7.852185060000e-02	2.502760270000e-05	1.041220000000e-05
100	8.336000000000e-02	0	8.200710000000e-03	7.645810570000e-02	2.502760270000e-05	1.050720000000e-05
100	8.254000000000e-02	0	8.190210000000e-03	7.761671150000e-02	2.434170430000e-05	1.039920000000e-05
100	8.171000000000e-02	0	8.209290000000e-03	7.391720640000e-02	2.639939940000e-05	1.054820000000e-05
100	8.082000000000e-02	0	8.209290000000e-03	7.749482590000e-02	2.502760270000e-05	1.032470000000e-05
100	7.993000000000e-02	0	8.207380000000e-03	7.414089420000e-02	2.502760270000e-05	1.038340000000e-05
100	7.903000000000e-02	0	8.208330000000e-03	7.658483910000e-02	2.365580600000e-05	1.028190000000e-05
100	7.819000000000e-02	0	8.206430000000e-03	7.409380200000e-02	2.159811080000e-05	1.028560000000e-05
100	7.730000000000e-02	0	8.206430000000e-03	7.657306600000e-02	3.051478970000e-05	1.019060000000e-05
100	7.643000000000e-02	0	8.208330000000e-03	7.435834920000e-02	2.296990760000e-05	1.026790000000e-05
100	7.556000000000e-02	0	8.205470000000e-03	7.735701210000e-02	2.845709460000e-05	1.042810000000e-05
100	7.466000000000e-02	0	8.215960000000e-03	7.654605730000e-02	2.777119620000e-05	1.045230000000e-05
100	7.375000000000e-02	0	8.203570000000e-03	7.475516990000e-02	2.639939940000e-05	1.030230000000e-05
100	7.291000000000e-02	0	8.208330000000e-03	7.477663840000e-02	3.051478970000e-05	1.053050000000e-05
100	7.204000000000e-02	0	8.216920000000e-03	7.429602130000e-02	2.365580600000e-05	1.035260000000e-05
100	7.112000000000e-02	0	8.218820000000e-03	7.715617780000e-02	2.777119620000e-05	1.024930000000e-05
100	7.036000000000e-02	0	8.222640000000e-03	7.414435680000e-02	2.708529780000e-05	1.016640000000e-05
100	6.950000000000e-02	0	8.219780000000e-03	7.828084950000e-02	2.708529780000e-05	1.007140000000e-05
100	6.862000000000e-02	0	8.230270000000e-03	7.507719720000e-02	2.845709460000e-05	1.018870000000e-05
100	6.772000000000e-02	0	8.235990000000e-03	7.765341570000e-02	2.365580600000e-05	1.020640000000e-05
100	6.686000000000e-02	0	8.235990000000e-03	7.442968000000e-02	2.296990760000e-05	1.011050000000e-05
100	6.598000000000e-02	0	8.237900000000e-03	7.850592240000e-02	2.571350110000e-05	1.005280000000e-05
100	6.508000000000e-02	0	8.240760000000e-03	7.575103070000e-02	2.639939940000e-05	9.930750000000e-06
100	6.423000000000e-02	0	8.236940000000e-03	7.862226770000e-02	2.777119620000e-05	9.990360000000e-06
100	6.335000000000e-02	0	8.245530000000e-03	7.448300490000e-02	2.845709460000e-05	1.002390000000e-05
100	6.248000000000e-02	0	8.244570000000e-03	7.800175920000e-02	2.159811080000e-05	9.886980000000e-06
100	6.145000000000e-02	0	8.251250000000e-03	7.455502820000e-02	2.159811080000e-05	1.002670000000e-05
100	6.071000000000e-02	0	8.256970000000e-03	7.784663210000e-02	2.639939940000e-05	9.858110000000e-06
100	5.981000000000e-02	0	8.259830000000e-03	7.396637620000e-02	2.982889130000e-05	9.966140000000e-06
100	5.904000000000e-02	0	8.256020000000e-03	7.793458360000e-02	2.434170430000e-05	9.940060000000e-06
100	5.815000000000e-02	0	8.259830000000e-03	7.432580020000e-02	2.639939940000e-05	9.779880000000e-06
100	5.728000000000e-02	0	8.272230000000e-03	7.672334540000e-02	2.296990760000e-05	9.941000000000e-06
100	5.641000000000e-02	0	8.277950000000e-03	7.393036450000e-02	2.777119620000e-05	9.858110000000e-06
100	5.552000000000e-02	0	8.271280000000e-03	7.692694980000e-02	2.228400920000e-05	9.813400000000e-06
100	5.467000000000e-02	0	8.274140000000e-03	7.408479910000e-02	2.365580600000e-05	9.766840000000e-06
100	5.378000000000e-02	0	8.277950000000e-03	7.573302490000e-02	2.434170430000e-05	9.581500000000e-06
100	5.289000000000e-02	0	8.276050000000e-03	7.475447740000e-02	2.708529780000e-05	9.684880000000e-06
100	5.200000000000e-02	0	8.282720000000e-03	7.487636300000e-02	2.296990760000e-05	9.712820000000e-06
100	5.112000000000e-02	0	8.279860000000e-03	7.434311350000e-02	2.365580600000e-05	9.623410000000e-06
100	5.024000000000e-02	0	8.285580000000e-03	7.401416090000e-02	2.434170430000e-05	9.496750000000e-06
100	4.935000000000e-02	0	8.293210000000e-03	7.804469620000e-02	2.365580600000e-05	9.396170000000e-06
100	4.851000000000e-02	0	8.300840000000e-03	7.395529570000e-02	2.228400920000e-05	9.501410000000e-06
100	4.762000000000e-02	0	8.296070000000e-03	7.827392420000e-02	2.434170430000e-05	9.482780000000e-06
100	4.683000000000e-02	0	8.297980000000e-03	7.495254150000e-02	2.639939940000e-05	9.231330000000e-06
100	4.597000000000e-02	0	8.306560000000e-03	7.739994900000e-02	2.434170430000e-05	9.339360000000e-06
100	4.509000000000e-02	0	8.306560000000e-03	7.683622810000e-02	2.639939940000e-05	9.109320000000e-06
100	4.422000000000e-02	0	8.304660000000e-03	7.812364480000e-02	2.296990760000e-05	8.948210000000e-06
100	4.330000000000e-02	0	8.310380000000e-03	7.799691150000e-02	2.914299290000e-05	8.823410000000e-06
100	4.241000000000e-02	0	8.315150000000e-03	7.701490130000e-02	2.639939940000e-05	8.918400000000e-06
100	4.157000000000e-02	0	8.318010000000e-03	7.847822110000e-02	2.296990760000e-05	8.774980000000e-06
100	4.063000000000e-02	0	8.319910000000e-03	7.488813600000e-02	2.296990760000e-05	8.767530000000e-06
100	3.980000000000e-02	0	8.323730000000e-03	7.820536360000e-02	2.365580600000e-05	8.678120000000e-06
100	3.890000000000e-02	0	8.327540000000e-03	7.412912110000e-02	2.159811080000e-05	8.724690000000e-06
100	3.805000000000e-02	0	8.321820000000e-03	7.822406190000e-02	2.228400920000e-05	8.653910000000e-06
100	3.725000000000e-02	0	8.336130000000e-03	7.407718130000e-02	2.159811080000e-05	8.679050000000e-06
100	3.640000000000e-02	0	8.337080000000e-03	7.720881030000e-02	1.954041570000e-05	8.612930000000e-06
100	3.554000000000e-02	0	8.338030000000e-03	7.378701040000e-02	2.091221250000e-05	8.492790000000e-06
100	3.462000000000e-02	0	8.334220000000e-03	7.691933190000e-02	2.571350110000e-05	8.676260000000e-06
100	3.376000000000e-02	0	8.354250000000e-03	7.435211640000e-02	2.159811080000e-05	8.509550000000e-06
100	3.285000000000e-02	0	8.352340000000e-03	7.758347000000e-02	1.611092390000e-05	8.409900000000e-06
100	3.200000000000e-02	0	8.358060000000e-03	7.416582530000e-02	2.296990760000e-05	8.397790000000e-06
100	3.111000000000e-02	0	8.354250000000e-03	7.733346600000e-02	1.816861900000e-05	8.474160000000e-06
100	3.021000000000e-02	0	8.361880000000e-03	7.497331750000e-02	1.473912710000e-05	8.495580000000e-06
100	2.937000000000e-02	0	8.358060000000e-03	7.794843430000e-02	2.365580600000e-05	8.356820000000e-06
100	2.845000000000e-02	0	8.369510000000e-03	7.591585330000e-02	1.611092390000e-05	8.376370000000e-06
100	2.758000000000e-02	0	8.377130000000e-03	7.810009870000e-02	2.434170430000e-05	8.515140000000e-06
100	2.671000000000e-02	0	8.363780000000e-03	7.433549560000e-02	1.268143200000e-05	8.364270000000e-06
100	2.595000000000e-02	0	8.373320000000e-03	7.792419560000e-02	1.885451730000e-05	8.384760000000e-06
100	2.504000000000e-02	0	8.380000000000e-03	7.516861140000e-02	1.611092390000e-05	8.221770000000e-06
100	2.419000000000e-02	0	8.388580000000e-03	7.493453570000e-02	1.679682220000e-05	8.367990000000e-06
100	2.334000000000e-02	0	8.391440000000e-03	7.382786980000e-02	2.022631410000e-05	8.361470000000e-06
100	2.241000000000e-02	0	8.379040000000e-03	7.386595900000e-02	1.954041570000e-05	8.048550000000e-06
100	2.155000000000e-02	0	8.386670000000e-03	7.489990910000e-02	2.228400920000e-05	8.125850000000e-06
100	2.068000000000e-02	0	8.398120000000e-03	7.392759440000e-02	2.159811080000e-05	8.176140000000e-06
100	1.978000000000e-02	0	8.403840000000e-03	7.720188490000e-02	2.502760270000e-05	8.218050000000e-06
100	1.890000000000e-02	0	8.404790000000e-03	7.362842060000e-02	1.885451730000e-05	8.028060000000e-06
100	1.802000000000e-02	0	8.411470000000e-03	7.781131300000e-02	2.091221250000e-05	8.164030000000e-06
100	1.716000000000e-02	0	8.400980000000e-03	7.395183300000e-02	2.434170430000e-05	8.025260000000e-06
100	1.635000000000e-02	0	8.404790000000e-03	7.812987760000e-02	2.091221250000e-05	7.863210000000e-06
100	1.552000000000e-02	0	8.418140000000e-03	7.443314260000e-02	1.954041570000e-05	7.727240000000e-06
100	1.461000000000e-02	0	8.424820000000e-03	7.703359970000e-02	1.885451730000e-05	7.676950000000e-06
100	1.375000000000e-02	0	8.416240000000e-03	7.364088620000e-02	1.816861900000e-05	7.560510000000e-06
100	1.286000000000e-02	0	8.420050000000e-03	7.455849090000e-02	2.434170430000e-05	7.509280000000e-06
100	1.197000000000e-02	0	8.418140000000e-03	7.370390660000e-02	2.091221250000e-05	7.425460000000e-06
100	1.113000000000e-02	0	8.442940000000e-03	7.338395690000e-02	2.296990760000e-05	7.423600000000e-06
100	1.009000000000e-02	0	8.443890000000e-03	7.589646240000e-02	2.091221250000e-05	7.207530000000e-06
100	9.330000000000e-03	0	8.448660000000e-03	7.435073130000e-02	2.022631410000e-05	7.167490000000e-06
100	8.470000000000e-03	0	8.437220000000e-03	7.779469220000e-02	1.816861900000e-05	7.160970000000e-06
100	7.570000000000e-03	0	8.460100000000e-03	7.689093810000e-02	1.954041570000e-05	7.077150000000e-06
100	6.730000000000e-03	0	8.445800000000e-03	7.487982570000e-02	2.228400920000e-05	6.848980000000e-06
100	5.830000000000e-03	0	8.455340000000e-03	7.754399570000e-02	2.159811080000e-05	6.972840000000e-06
100	4.940000000000e-03	0	8.443890000000e-03	7.667486820000e-02	2.502760270000e-05	6.876910000000e-06
100	4.160000000000e-03	0	8.460100000000e-03	7.794566410000e-02	1.199553360000e-05	6.904850000000e-06
100	3.270000000000e-03	0	8.467730000000e-03	7.341858350000e-02	1.954041570000e-05	6.649670000000e-06
100	2.410000000000e-03	0	8.477270000000e-03	7.769358250000e-02	1.748272060000e-05	6.732560000000e-06
100	1.520000000000e-03	0	8.474410000000e-03	7.449200780000e-02	1.954041570000e-05	6.733490000000e-06
100	6.500000000000e-04	0	8.480130000000e-03	7.699204780000e-02	1.473912710000e-05	6.690650000000e-06
100	-2.100000000000e-04	0	8.482990000000e-03	7.323575510000e-02	1.954041570000e-05	6.859220000000e-06
100	-1.100000000000e-03	0	8.490620000000e-03	7.583967480000e-02	1.473912710000e-05	6.714860000000e-06
100	-2.010000000000e-03	0	8.488710000000e-03	7.330985600000e-02	2.022631410000e-05	6.757710000000e-06
100	-2.860000000000e-03	0	8.486810000000e-03	7.367482030000e-02	1.611092390000e-05	6.905790000000e-06
100	-3.760000000000e-03	0	8.502070000000e-03	7.731546020000e-02	1.816861900000e-05	6.945830000000e-06
100	-4.630000000000e-03	0	8.511600000000e-03	7.331470370000e-02	2.022631410000e-05	7.104160000000e-06
100	-5.520000000000e-03	0	8.502070000000e-03	7.619355860000e-02	1.885451730000e-05	7.166560000000e-06
100	-6.380000000000e-03	0	8.502070000000e-03	7.394560020000e-02	2.228400920000e-05	7.244790000000e-06
100	-7.260000000000e-03	0	8.512560000000e-03	7.718457160000e-02	1.954041570000e-05	7.298800000000e-06
100	-8.140000000000e-03	0	8.513510000000e-03	7.632583220000e-02	2.365580600000e-05	7.391940000000e-06
100	-8.910000000000e-03	0	8.522090000000e-03	7.484589160000e-02	2.159811080000e-05	7.416150000000e-06
100	-9.770000000000e-03	0	8.512560000000e-03	7.758139240000e-02	2.639939940000e-05	7.330470000000e-06
100	-1.066000000000e-02	0	8.521140000000e-03	7.528426430000e-02	2.571350110000e-05	7.367720000000e-06
100	-1.154000000000e-02	0	8.517320000000e-03	7.768942740000e-02	2.365580600000e-05	7.503700000000e-06
100	-1.241000000000e-02	0	8.532580000000e-03	7.474270440000e-02	2.639939940000e-05	7.730040000000e-06
100	-1.330000000000e-02	0	8.524950000000e-03	7.780577270000e-02	2.639939940000e-05	7.930270000000e-06
100	-1.418000000000e-02	0	8.531630000000e-03	7.512636700000e-02	2.091221250000e-05	7.845520000000e-06
100	-1.505000000000e-02	0	8.528770000000e-03	7.659176440000e-02	2.159811080000e-05	8.109080000000e-06
100	-1.595000000000e-02	0	8.528770000000e-03	7.391374370000e-02	2.159811080000e-05	8.192900000000e-06
100	-1.682000000000e-02	0	8.537350000000e-03	7.412565850000e-02	1.954041570000e-05	8.192900000000e-06
100	-1.771000000000e-02	0	8.542120000000e-03	7.355639730000e-02	2.708529780000e-05	8.360540000000e-06
100	-1.860000000000e-02	0	8.537350000000e-03	7.430710180000e-02	2.091221250000e-05	8.542150000000e-06
100	-1.946000000000e-02	0	8.552610000000e-03	7.325514600000e-02	1.885451730000e-05	8.708860000000e-06
100	-2.025000000000e-02	0	8.536400000000e-03	7.635491850000e-02	2.365580600000e-05	8.645530000000e-06
100	-2.113000000000e-02	0	8.554520000000e-03	7.341096560000e-02	2.022631410000e-05	8.505830000000e-06
100	-2.197000000000e-02	0	8.552610000000e-03	7.543177350000e-02	2.502760270000e-05	8.543080000000e-06
100	-2.287000000000e-02	0	8.553560000000e-03	7.676766750000e-02	2.159811080000e-05	8.621310000000e-06
100	-2.375000000000e-02	0	8.558330000000e-03	7.732169290000e-02	2.777119620000e-05	8.709790000000e-06
100	-2.462000000000e-02	0	8.560240000000e-03	7.682999530000e-02	2.571350110000e-05	8.797330000000e-06
100	-2.550000000000e-02	0	8.571680000000e-03	7.709454250000e-02	2.502760270000e-05	8.706060000000e-06
100	-2.640000000000e-02	0	8.568820000000e-03	7.658414650000e-02	2.845709460000e-05	8.882080000000e-06
100	-2.728000000000e-02	0	8.568820000000e-03	7.719565220000e-02	2.502760270000e-05	8.872770000000e-06
100	-2.813000000000e-02	0	8.575500000000e-03	7.741310710000e-02	2.708529780000e-05	8.897910000000e-06
100	-2.905000000000e-02	0	8.594570000000e-03	7.625796400000e-02	2.639939940000e-05	8.872770000000e-06
100	-2.979000000000e-02	0	8.583130000000e-03	7.601211520000e-02	2.159811080000e-05	8.835520000000e-06
100	-3.068000000000e-02	0	8.594570000000e-03	7.748651550000e-02	2.502760270000e-05	8.804780000000e-06
100	-3.155000000000e-02	0	8.590760000000e-03	7.708415450000e-02	2.982889130000e-05	8.957520000000e-06
100	-3.245000000000e-02	0	8.601250000000e-03	7.306608480000e-02	2.502760270000e-05	8.947270000000e-06
100	-3.330000000000e-02	0	8.599340000000e-03	7.565892400000e-02	2.571350110000e-05	8.896050000000e-06
100	-3.418000000000e-02	0	8.606020000000e-03	7.435211640000e-02	2.571350110000e-05	9.002220000000e-06
100	-3.510000000000e-02	0	8.604110000000e-03	7.759801320000e-02	2.914299290000e-05	8.908160000000e-06
100	-3.598000000000e-02	0	8.610790000000e-03	7.677528530000e-02	2.845709460000e-05	8.991050000000e-06
100	-3.682000000000e-02	0	8.618410000000e-03	7.715687040000e-02	3.325838320000e-05	8.993840000000e-06
100	-3.771000000000e-02	0	8.617460000000e-03	7.772820910000e-02	2.845709460000e-05	8.923990000000e-06
100	-3.860000000000e-02	0	8.620320000000e-03	7.473162390000e-02	3.120068810000e-05	8.952860000000e-06
100	-3.945000000000e-02	0	8.619370000000e-03	7.741102960000e-02	2.365580600000e-05	9.087900000000e-06
100	-4.032000000000e-02	0	8.621280000000e-03	7.385764870000e-02	2.845709460000e-05	9.076730000000e-06
100	-4.114000000000e-02	0	8.618410000000e-03	7.661392540000e-02	2.914299290000e-05	8.969630000000e-06
100	-4.202000000000e-02	0	8.620320000000e-03	7.327245930000e-02	2.571350110000e-05	9.182900000000e-06
100	-4.287000000000e-02	0	8.617460000000e-03	7.566792690000e-02	2.845709460000e-05	9.273240000000e-06
100	-4.375000000000e-02	0	8.619370000000e-03	7.316511680000e-02	2.777119620000e-05	9.262060000000e-06
100	-4.463000000000e-02	0	8.612690000000e-03	7.505018850000e-02	2.708529780000e-05	9.560080000000e-06
100	-4.552000000000e-02	0	8.593620000000e-03	7.385626360000e-02	3.051478970000e-05	9.457640000000e-06
100	-4.641000000000e-02	0	8.596480000000e-03	7.415612990000e-02	3.325838320000e-05	9.440880000000e-06
100	-4.731000000000e-02	0	8.590760000000e-03	7.448785260000e-02	3.051478970000e-05	9.564740000000e-06
100	-4.818000000000e-02	0	8.591710000000e-03	7.362011020000e-02	3.394428150000e-05	9.765910000000e-06
100	-4.903000000000e-02	0	8.587900000000e-03	7.560698410000e-02	2.914299290000e-05	9.880460000000e-06
100	-4.992000000000e-02	0	8.585990000000e-03	7.367620530000e-02	3.805967180000e-05	9.797570000000e-06
100	-5.077000000000e-02	0	8.528770000000e-03	7.861326480000e-02	3.325838320000e-05	9.996870000000e-06
100	-5.168000000000e-02	0	8.488710000000e-03	7.556058450000e-02	3.805967180000e-05	9.996870000000e-06
100	-5.256000000000e-02	0	8.480130000000e-03	7.855509220000e-02	3.463017990000e-05	9.961480000000e-06
100	-5.334000000000e-02	0	8.484900000000e-03	7.674827660000e-02	3.943146850000e-05	1.024930000000e-05
100	-5.422000000000e-02	0	8.473460000000e-03	7.860980220000e-02	4.080326530000e-05	1.030700000000e-05
100	-5.511000000000e-02	0	8.474410000000e-03	7.529188210000e-02	4.080326530000e-05	1.034240000000e-05
100	-5.598000000000e-02	0	8.459150000000e-03	7.857517560000e-02	4.080326530000e-05	1.044300000000e-05
100	-5.685000000000e-02	0	8.455340000000e-03	7.658830170000e-02	4.080326530000e-05	1.043930000000e-05
100	-5.772000000000e-02	0	8.455340000000e-03	7.508550760000e-02	3.805967180000e-05	1.051750000000e-05
100	-5.861000000000e-02	0	8.453430000000e-03	7.487774810000e-02	3.943146850000e-05	1.053890000000e-05
100	-5.947000000000e-02	0	8.443890000000e-03	7.440544140000e-02	3.805967180000e-05	1.036850000000e-05
100	-6.038000000000e-02	0	8.438170000000e-03	7.755161350000e-02	3.943146850000e-05	1.071030000000e-05
100	-6.125000000000e-02	0	8.439120000000e-03	7.446984680000e-02	3.737377340000e-05	1.072800000000e-05
100	-6.215000000000e-02	0	8.440080000000e-03	7.567485220000e-02	3.805967180000e-05	1.061340000000e-05
100	-6.292000000000e-02	0	8.439120000000e-03	7.591239060000e-02	3.394428150000e-05	1.051380000000e-05
100	-6.379000000000e-02	0	8.430540000000e-03	7.890551330000e-02	4.148916360000e-05	1.058640000000e-05
100	-6.466000000000e-02	0	8.383810000000e-03	7.589161470000e-02	3.394428150000e-05	1.062740000000e-05
100	-6.558000000000e-02	0	8.377130000000e-03	7.721365800000e-02	4.011736690000e-05	1.082390000000e-05
100	-6.642000000000e-02	0	8.375230000000e-03	7.438535790000e-02	3.805967180000e-05	1.083410000000e-05
100	-6.731000000000e-02	0	8.367600000000e-03	7.759662810000e-02	4.286096040000e-05	1.066930000000e-05
100	-6.820000000000e-02	0	8.359010000000e-03	7.435765670000e-02	3.463017990000e-05	1.077170000000e-05
100	-6.907000000000e-02	0	8.366640000000e-03	7.671295750000e-02	3.805967180000e-05	1.086580000000e-05
100	-6.993000000000e-02	0	8.373320000000e-03	7.448161990000e-02	3.874557010000e-05	1.082110000000e-05
100	-7.081000000000e-02	0	8.368550000000e-03	7.554950400000e-02	3.257248480000e-05	1.086950000000e-05
100	-7.172000000000e-02	0	8.362830000000e-03	7.455087300000e-02	4.354685880000e-05	1.084720000000e-05
100	-7.257000000000e-02	0	8.370460000000e-03	7.447192440000e-02	3.668787500000e-05	1.103720000000e-05
100	-7.343000000000e-02	0	8.368550000000e-03	7.527318380000e-02	4.423275710000e-05	1.109860000000e-05
100	-7.424000000000e-02	0	8.367600000000e-03	7.432095250000e-02	3.325838320000e-05	1.104650000000e-05
100	-7.512000000000e-02	0	8.362830000000e-03	7.767349910000e-02	3.943146850000e-05	1.108840000000e-05
100	-7.599000000000e-02	0	8.326590000000e-03	7.443522020000e-02	4.080326530000e-05	1.106980000000e-05
100	-7.688000000000e-02	0	8.326590000000e-03	7.565823150000e-02	3.120068810000e-05	1.116290000000e-05
100	-7.777000000000e-02	0	8.331360000000e-03	7.421499510000e-02	3.668787500000e-05	1.116480000000e-05
100	-7.864000000000e-02	0	8.313240000000e-03	7.839026960000e-02	3.668787500000e-05	1.121880000000e-05
100	-7.952000000000e-02	0	8.299890000000e-03	7.491168210000e-02	3.531607830000e-05	1.122620000000e-05
100	-8.040000000000e-02	0	8.298930000000e-03	7.873168780000e-02	3.737377340000e-05	1.111540000000e-05
100	-8.127000000000e-02	0	8.308470000000e-03	7.472123590000e-02	3.737377340000e-05	1.126070000000e-05
100	-8.215000000000e-02	0	8.309420000000e-03	7.876977700000e-02	3.943146850000e-05	1.128300000000e-05
100	-8.304000000000e-02	0	8.292260000000e-03	7.623372540000e-02	4.148916360000e-05	1.144970000000e-05
100	-8.381000000000e-02	0	8.283670000000e-03	7.435280890000e-02	3.668787500000e-05	1.158940000000e-05
100	-8.471000000000e-02	0	8.304660000000e-03	7.756754180000e-02	3.600197670000e-05	1.135190000000e-05
100	-8.556000000000e-02	0	8.295120000000e-03	7.715894800000e-02	3.394428150000e-05	1.141990000000e-05
100	-8.646000000000e-02	0	8.296070000000e-03	7.825037810000e-02	3.600197670000e-05	1.152330000000e-05
100	-8.733000000000e-02	0	8.286540000000e-03	7.723789660000e-02	3.600197670000e-05	1.154470000000e-05
100	-8.819000000000e-02	0	8.277950000000e-03	7.849207180000e-02	3.463017990000e-05	1.151870000000e-05
100	-8.907000000000e-02	0	8.276050000000e-03	7.877531730000e-02	3.737377340000e-05	1.146180000000e-05
100	-8.995000000000e-02	0	8.254110000000e-03	7.643386710000e-02	3.531607830000e-05	1.156620000000e-05
100	-9.085000000000e-02	0	8.280810000000e-03	7.858417850000e-02	4.080326530000e-05	1.165650000000e-05
100	-9.173000000000e-02	0	8.274140000000e-03	7.532373860000e-02	3.394428150000e-05	1.161090000000e-05
100	-9.259000000000e-02	0	8.283670000000e-03	7.846437050000e-02	3.463017990000e-05	1.155590000000e-05
100	-9.347000000000e-02	0	8.278910000000e-03	7.431887490000e-02	3.051478970000e-05	1.175800000000e-05
100	-9.437000000000e-02	0	8.292260000000e-03	7.748097530000e-02	3.463017990000e-05	1.170590000000e-05
100	-9.523000000000e-02	0	8.289400000000e-03	7.507234950000e-02	2.639939940000e-05	1.170400000000e-05
100	-9.601000000000e-02	0	8.297030000000e-03	7.793458360000e-02	3.394428150000e-05	1.171890000000e-05
100	-9.689000000000e-02	0	8.300840000000e-03	7.649480990000e-02	3.668787500000e-05	1.191260000000e-05
100	-9.776000000000e-02	0	8.308470000000e-03	7.819636070000e-02	3.463017990000e-05	1.184000000000e-05
100	-9.867000000000e-02	0	8.315150000000e-03	7.697542700000e-02	3.668787500000e-05	1.176270000000e-05
100	-9.952000000000e-02	0	8.277950000000e-03	7.855578470000e-02	3.600197670000e-05	1.177480000000e-05
100	-1.003900000000e-01	0	8.286540000000e-03	7.796228490000e-02	3.600197670000e-05	1.176920000000e-05
100	-1.012800000000e-01	0	8.277950000000e-03	7.792904340000e-02	3.668787500000e-05	1.176920000000e-05
100	-1.021800000000e-01	0	8.311330000000e-03	7.779330710000e-02	3.737377340000e-05	1.182690000000e-05
100	-1.030200000000e-01	0	8.287490000000e-03	7.806270200000e-02	3.805967180000e-05	1.180740000000e-05
100	-1.039100000000e-01	0	8.290350000000e-03	7.848583900000e-02	3.325838320000e-05	1.176270000000e-05
100	-1.048200000000e-01	0	8.318960000000e-03	7.686392940000e-02	3.188658640000e-05	1.171330000000e-05
100	-1.056900000000e-01	0	8.311330000000e-03	7.694218550000e-02	3.600197670000e-05	1.184830000000e-05
100	-1.065700000000e-01	0	8.290350000000e-03	7.320874630000e-02	3.257248480000e-05	1.187070000000e-05
100	-1.073500000000e-01	0	8.306560000000e-03	7.788541390000e-02	3.394428150000e-05	1.179810000000e-05
100	-1.082300000000e-01	0	8.329450000000e-03	7.409241700000e-02	3.325838320000e-05	1.158570000000e-05
100	-1.091100000000e-01	0	8.309420000000e-03	7.655436770000e-02	3.394428150000e-05	1.185490000000e-05
100	-1.099700000000e-01	0	8.298930000000e-03	7.475516990000e-02	3.874557010000e-05	1.159130000000e-05
100	-1.108600000000e-01	0	8.269370000000e-03	7.802669040000e-02	3.120068810000e-05	1.151770000000e-05
100	-1.117400000000e-01	0	8.287490000000e-03	7.566515680000e-02	3.874557010000e-05	1.148790000000e-05
100	-1.126400000000e-01	0	8.316100000000e-03	7.845813770000e-02	2.845709460000e-05	1.155030000000e-05
100	-1.134800000000e-01	0	8.309420000000e-03	7.803084560000e-02	3.257248480000e-05	1.152800000000e-05
100	-1.143900000000e-01	0	8.318010000000e-03	7.504049310000e-02	3.394428150000e-05	1.141060000000e-05
100	-1.152400000000e-01	0	8.300840000000e-03	7.805231400000e-02	3.051478970000e-05	1.133610000000e-05
100	-1.161300000000e-01	0	8.323730000000e-03	7.660353740000e-02	3.394428150000e-05	1.147490000000e-05
100	-1.169000000000e-01	0	8.324680000000e-03	7.820744120000e-02	3.463017990000e-05	1.142270000000e-05
100	-1.177700000000e-01	0	8.304660000000e-03	7.701767150000e-02	3.394428150000e-05	1.124210000000e-05
100	-1.186600000000e-01	0	8.303700000000e-03	7.792973590000e-02	3.394428150000e-05	1.112380000000e-05
100	-1.195200000000e-01	0	8.373320000000e-03	7.400377290000e-02	3.668787500000e-05	1.122440000000e-05
100	-1.204200000000e-01	0	8.335170000000e-03	7.809732860000e-02	3.257248480000e-05	1.124860000000e-05
100	-1.212900000000e-01	0	8.331360000000e-03	7.475447740000e-02	3.188658640000e-05	1.134920000000e-05
100	-1.221900000000e-01	0	8.349480000000e-03	7.604327920000e-02	2.845709460000e-05	1.122720000000e-05
100	-1.231000000000e-01	0	8.316100000000e-03	7.383202500000e-02	3.325838320000e-05	1.130720000000e-05
100	-1.239700000000e-01	0	8.319910000000e-03	7.636807660000e-02	3.188658640000e-05	1.114990000000e-05
100	-1.248000000000e-01	0	8.359970000000e-03	7.378147020000e-02	3.325838320000e-05	1.124390000000e-05
100	-1.257100000000e-01	0	8.306560000000e-03	7.660423000000e-02	3.120068810000e-05	1.140410000000e-05
100	-1.264800000000e-01	0	8.295120000000e-03	7.699412540000e-02	3.188658640000e-05	1.142370000000e-05
100	-1.273500000000e-01	0	8.329450000000e-03	7.657445110000e-02	2.914299290000e-05	1.120390000000e-05
100	-1.282300000000e-01	0	8.309420000000e-03	7.712501390000e-02	2.982889130000e-05	1.097660000000e-05
100	-1.291200000000e-01	0	8.322780000000e-03	7.783762920000e-02	3.120068810000e-05	1.110330000000e-05
100	-1.300000000000e-01	0	8.367600000000e-03	7.554050100000e-02	3.120068810000e-05	1.102410000000e-05
100	-1.308600000000e-01	0	8.316100000000e-03	7.701559390000e-02	2.982889130000e-05	1.102780000000e-05
100	-1.317400000000e-01	0	8.330400000000e-03	7.382163700000e-02	2.159811080000e-05	1.095520000000e-05
100	-1.326500000000e-01	0	8.379040000000e-03	7.355639730000e-02	3.188658640000e-05	1.088910000000e-05
100	-1.335100000000e-01	0	8.369510000000e-03	7.503287520000e-02	2.639939940000e-05	1.073910000000e-05
100	-1.343900000000e-01	0	8.366640000000e-03	7.537844860000e-02	2.296990760000e-05	1.074470000000e-05
100	-1.353100000000e-01	0	8.342800000000e-03	7.378285520000e-02	2.708529780000e-05	1.059010000000e-05
100	-1.361600000000e-01	0	8.358060000000e-03	7.364642650000e-02	2.914299290000e-05	1.034330000000e-05
100	-1.370200000000e-01	0	8.386670000000e-03	7.553496080000e-02	2.708529780000e-05	1.035450000000e-05
100	-1.378200000000e-01	0	8.380000000000e-03	7.355847490000e-02	2.777119620000e-05	1.037130000000e-05
100	-1.386700000000e-01	0	8.379040000000e-03	7.762986960000e-02	2.914299290000e-05	1.024180000000e-05
100	-1.395800000000e-01	0	8.336130000000e-03	7.648165180000e-02	2.571350110000e-05	1.021480000000e-05
100	-1.404500000000e-01	0	8.341850000000e-03	7.790411220000e-02	3.051478970000e-05	1.010960000000e-05
100	-1.413400000000e-01	0	8.424820000000e-03	7.477525340000e-02	2.022631410000e-05	1.009750000000e-05
100	-1.422200000000e-01	0	8.398120000000e-03	7.473993420000e-02	2.228400920000e-05	1.001740000000e-05
100	-1.430800000000e-01	0	8.392390000000e-03	7.779053700000e-02	2.639939940000e-05	1.005000000000e-05
100	-1.439800000000e-01	0	8.369510000000e-03	7.620948680000e-02	2.708529780000e-05	9.929820000000e-06
100	-1.448100000000e-01	0	8.338990000000e-03	7.683969080000e-02	2.502760270000e-05	1.006210000000e-05
100	-1.457200000000e-01	0	8.389530000000e-03	7.661184780000e-02	2.777119620000e-05	9.911190000000e-06
100	-1.466000000000e-01	0	8.374270000000e-03	7.591308320000e-02	3.051478970000e-05	1.000430000000e-05
100	-1.475000000000e-01	0	8.389530000000e-03	7.783208890000e-02	2.845709460000e-05	1.012820000000e-05
100	-1.483600000000e-01	0	8.370460000000e-03	7.788956910000e-02	2.571350110000e-05	9.927960000000e-06
100	-1.492400000000e-01	0	8.380950000000e-03	7.603012110000e-02	1.816861900000e-05	1.018220000000e-05
100	-1.500200000000e-01	0	8.391440000000e-03	7.726629040000e-02	2.228400920000e-05	9.989420000000e-06
100	-1.508800000000e-01	0	8.369510000000e-03	7.384795320000e-02	1.954041570000e-05	1.022690000000e-05
100	-1.517600000000e-01	0	8.348520000000e-03	7.418521620000e-02	2.091221250000e-05	1.013750000000e-05
100	-1.526600000000e-01	0	8.366640000000e-03	7.335902570000e-02	2.434170430000e-05	1.002760000000e-05
100	-1.535400000000e-01	0	8.352340000000e-03	7.332578420000e-02	2.639939940000e-05	1.020270000000e-05
100	-1.544000000000e-01	0	8.381900000000e-03	7.506957940000e-02	2.777119620000e-05	1.008350000000e-05
100	-1.552900000000e-01	0	8.359010000000e-03	7.448369750000e-02	2.571350110000e-05	1.007700000000e-05
100	-1.561900000000e-01	0	8.352340000000e-03	7.627735490000e-02	2.777119620000e-05	1.005740000000e-05
100	-1.570600000000e-01	0	8.309420000000e-03	7.572125190000e-02	2.296990760000e-05	9.949380000000e-06
100	-1.579300000000e-01	0	8.387630000000e-03	7.703290720000e-02	3.051478970000e-05	9.836690000000e-06
100	-1.588000000000e-01	0	8.378090000000e-03	7.425793210000e-02	2.777119620000e-05	9.954030000000e-06
100	-1.597100000000e-01	0	8.336130000000e-03	7.739925650000e-02	2.708529780000e-05	9.611310000000e-06
100	-1.605700000000e-01	0	8.338030000000e-03	7.535351740000e-02	3.463017990000e-05	9.714680000000e-06
100	-1.614600000000e-01	0	8.331360000000e-03	7.749482590000e-02	2.845709460000e-05	9.705370000000e-06
100	-1.622400000000e-01	0	8.380950000000e-03	7.506334660000e-02	2.845709460000e-05	9.550770000000e-06
100	-1.631300000000e-01	0	8.360920000000e-03	7.748374540000e-02	2.777119620000e-05	9.527490000000e-06
100	-1.639900000000e-01	0	8.364740000000e-03	7.715479280000e-02	3.051478970000e-05	9.248090000000e-06
100	-1.648600000000e-01	0	8.315150000000e-03	7.609452650000e-02	2.777119620000e-05	9.282550000000e-06
100	-1.657600000000e-01	0	8.315150000000e-03	7.577249920000e-02	2.091221250000e-05	9.164270000000e-06
100	-1.666100000000e-01	0	8.345660000000e-03	7.732377050000e-02	2.639939940000e-05	9.113050000000e-06
100	-1.675000000000e-01	0	8.343760000000e-03	7.524617500000e-02	2.639939940000e-05	9.075800000000e-06
100	-1.683900000000e-01	0	8.330400000000e-03	7.356263010000e-02	2.571350110000e-05	8.898850000000e-06
100	-1.692600000000e-01	0	8.325640000000e-03	7.456126100000e-02	2.502760270000e-05	8.903500000000e-06
100	-1.701300000000e-01	0	8.334220000000e-03	7.369628870000e-02	2.365580600000e-05	8.756350000000e-06
100	-1.710300000000e-01	0	8.374270000000e-03	7.386665160000e-02	2.434170430000e-05	8.539350000000e-06
100	-1.717900000000e-01	0	8.339940000000e-03	7.376761950000e-02	1.954041570000e-05	8.492790000000e-06
100	-1.726800000000e-01	0	8.349480000000e-03	7.298505850000e-02	2.708529780000e-05	8.480680000000e-06
100	-1.735500000000e-01	0	8.338030000000e-03	7.254945600000e-02	1.954041570000e-05	8.277650000000e-06
100	-1.744200000000e-01	0	8.317050000000e-03	7.665963250000e-02	2.091221250000e-05	8.218050000000e-06
100	-1.753200000000e-01	0	8.329450000000e-03	7.315611390000e-02	1.885451730000e-05	8.188250000000e-06
100	-1.762000000000e-01	0	8.310380000000e-03	7.607236550000e-02	2.228400920000e-05	8.128640000000e-06
100	-1.770700000000e-01	0	8.322780000000e-03	7.347883370000e-02	2.228400920000e-05	8.037370000000e-06
100	-1.779700000000e-01	0	8.296070000000e-03	7.610906970000e-02	2.022631410000e-05	7.912570000000e-06
100	-1.788200000000e-01	0	8.337080000000e-03	7.280223010000e-02	2.502760270000e-05	7.842730000000e-06
100	-1.796900000000e-01	0	8.323730000000e-03	7.518661730000e-02	1.816861900000e-05	8.120260000000e-06
100	-1.806100000000e-01	0	8.306560000000e-03	7.234792920000e-02	2.365580600000e-05	8.081140000000e-06
100	-1.814800000000e-01	0	8.302750000000e-03	7.300791210000e-02	2.228400920000e-05	7.762630000000e-06
100	-1.823400000000e-01	0	8.309420000000e-03	7.298713610000e-02	2.296990760000e-05	7.927480000000e-06
100	-1.832400000000e-01	0	8.281770000000e-03	7.237840060000e-02	2.228400920000e-05	7.738420000000e-06
100	-1.839900000000e-01	0	8.291300000000e-03	7.376069420000e-02	2.022631410000e-05	7.679740000000e-06
100	-1.848600000000e-01	0	8.283670000000e-03	7.257507970000e-02	1.748272060000e-05	7.736550000000e-06
100	-1.857400000000e-01	0	8.303700000000e-03	7.596086790000e-02	2.502760270000e-05	7.798950000000e-06
100	-1.866500000000e-01	0	8.289400000000e-03	7.332647670000e-02	2.228400920000e-05	7.690920000000e-06
100	-1.875100000000e-01	0	8.276050000000e-03	7.639093010000e-02	2.434170430000e-05	7.857630000000e-06
100	-1.883900000000e-01	0	8.307520000000e-03	7.403216670000e-02	2.502760270000e-05	7.867870000000e-06
100	-1.892800000000e-01	0	8.304660000000e-03	7.651420080000e-02	2.296990760000e-05	7.776600000000e-06
100	-1.901500000000e-01	0	8.294170000000e-03	7.507096450000e-02	2.845709460000e-05	7.611730000000e-06
100	-1.910300000000e-01	0	8.282720000000e-03	7.627112210000e-02	2.502760270000e-05	7.604280000000e-06
100	-1.919000000000e-01	0	8.274140000000e-03	7.267618930000e-02	2.434170430000e-05	8.018750000000e-06
100	-1.928100000000e-01	0	8.284630000000e-03	7.338534190000e-02	2.228400920000e-05	7.932130000000e-06
100	-1.936600000000e-01	0	8.287490000000e-03	7.210000280000e-02	2.091221250000e-05	7.920960000000e-06
100	-1.945500000000e-01	0	8.279860000000e-03	7.510766860000e-02	2.228400920000e-05	7.955420000000e-06
100	-1.953300000000e-01	0	8.260790000000e-03	7.206745390000e-02	2.228400920000e-05	7.868800000000e-06
100	-1.962200000000e-01	0	8.262690000000e-03	7.551695500000e-02	2.296990760000e-05	7.872530000000e-06
100	-1.970800000000e-01	0	8.270320000000e-03	7.208407460000e-02	2.022631410000e-05	8.116530000000e-06
100	-1.979400000000e-01	0	8.277950000000e-03	7.468383920000e-02	2.708529780000e-05	7.922820000000e-06
100	-1.988400000000e-01	0	8.257930000000e-03	7.182506770000e-02	2.365580600000e-05	8.144470000000e-06
100	-1.995800000000e-01	0	8.248390000000e-03	7.518038450000e-02	2.982889130000e-05	8.132370000000e-06
100	-1.998500000000e-01	0	8.249340000000e-03	7.439920860000e-02	2.571350110000e-05	8.232020000000e-06
100	-1.999500000000e-01	0	8.256020000000e-03	7.602111810000e-02	2.434170430000e-05	8.276720000000e-06

