# Filename: data_1117.dat
# Timestamp: Sat Dec 14 20:04:37 2019

# Column 1:
#	end: -0.2
#	name: IPS120-10 (swept B(T))
#	size: 2
#	start: 0.2
#	type: coordinate
# Column 2:
#	end: 0
#	name: y_parameter (none)
#	size: 1
#	start: 0
#	type: coordinate
# Column 3:
#	end: 0
#	name: z_parameter (none)
#	size: 1
#	start: 0
#	type: coordinate
# Column 4:
#	name: lockin 1
#	type: value
# Column 5:
#	name: Keithley 1
#	type: value
# Column 6:
#	name: Keithley 2
#	type: value
# Column 7:
#	name: lockin 2
#	type: value

100	1.997900000000e-01	0	8.388580000000e-03	7.973447390000e-02	4.766224900000e-05	6.412190000000e-06
100	1.991300000000e-01	0	8.390490000000e-03	7.543523620000e-02	4.560455390000e-05	6.673890000000e-06
100	1.982800000000e-01	0	8.384760000000e-03	7.939651830000e-02	4.697635060000e-05	6.492280000000e-06
100	1.974800000000e-01	0	8.388580000000e-03	7.564091820000e-02	4.423275710000e-05	6.682270000000e-06
100	1.966300000000e-01	0	8.380000000000e-03	7.880440360000e-02	4.971994410000e-05	6.503450000000e-06
100	1.957400000000e-01	0	8.384760000000e-03	7.775452530000e-02	4.354685880000e-05	6.499730000000e-06
100	1.948600000000e-01	0	8.384760000000e-03	7.999902110000e-02	4.903404570000e-05	6.494140000000e-06
100	1.940200000000e-01	0	8.383810000000e-03	7.991106950000e-02	5.040584250000e-05	6.453160000000e-06
100	1.931200000000e-01	0	8.381900000000e-03	7.567831490000e-02	5.177763920000e-05	6.639430000000e-06
100	1.922400000000e-01	0	8.378090000000e-03	7.845190490000e-02	4.697635060000e-05	6.591000000000e-06
100	1.913700000000e-01	0	8.377130000000e-03	7.651004560000e-02	4.491865550000e-05	6.777260000000e-06
100	1.905300000000e-01	0	8.380000000000e-03	7.969361450000e-02	4.629045220000e-05	6.671090000000e-06
100	1.897000000000e-01	0	8.375230000000e-03	7.746850970000e-02	4.560455390000e-05	6.768880000000e-06
100	1.888400000000e-01	0	8.372370000000e-03	8.012852450000e-02	4.766224900000e-05	6.677610000000e-06
100	1.879400000000e-01	0	8.369510000000e-03	7.970608010000e-02	4.766224900000e-05	6.946760000000e-06
100	1.870800000000e-01	0	8.369510000000e-03	7.887573440000e-02	4.491865550000e-05	6.945830000000e-06
100	1.861900000000e-01	0	8.363780000000e-03	8.015276310000e-02	4.971994410000e-05	6.874120000000e-06
100	1.853200000000e-01	0	8.358060000000e-03	7.755784630000e-02	4.491865550000e-05	7.036170000000e-06
100	1.844400000000e-01	0	8.369510000000e-03	7.999832850000e-02	4.423275710000e-05	7.187050000000e-06
100	1.835400000000e-01	0	8.364740000000e-03	7.697057930000e-02	4.423275710000e-05	7.047350000000e-06
100	1.827000000000e-01	0	8.350430000000e-03	7.816104150000e-02	4.697635060000e-05	7.017540000000e-06
100	1.818000000000e-01	0	8.348520000000e-03	7.558828570000e-02	4.766224900000e-05	7.127440000000e-06
100	1.809400000000e-01	0	8.341850000000e-03	7.595047990000e-02	4.971994410000e-05	7.068770000000e-06
100	1.800300000000e-01	0	8.338030000000e-03	7.681337460000e-02	5.246353760000e-05	7.113470000000e-06
100	1.791800000000e-01	0	8.331360000000e-03	7.592762630000e-02	5.177763920000e-05	7.122780000000e-06
100	1.783100000000e-01	0	8.326590000000e-03	7.904471220000e-02	4.971994410000e-05	7.118130000000e-06
100	1.774800000000e-01	0	8.328500000000e-03	7.671919020000e-02	4.971994410000e-05	7.236410000000e-06
100	1.766300000000e-01	0	8.340900000000e-03	7.986605490000e-02	5.314943600000e-05	7.181460000000e-06
100	1.757600000000e-01	0	8.333270000000e-03	7.655506020000e-02	5.383533430000e-05	7.217780000000e-06
100	1.748800000000e-01	0	8.316100000000e-03	7.770812570000e-02	5.177763920000e-05	7.329540000000e-06
100	1.740100000000e-01	0	8.306560000000e-03	7.666240260000e-02	5.246353760000e-05	7.387280000000e-06
100	1.730700000000e-01	0	8.327540000000e-03	7.628982050000e-02	4.766224900000e-05	7.241990000000e-06
100	1.722000000000e-01	0	8.299890000000e-03	7.617139760000e-02	4.560455390000e-05	7.315570000000e-06
100	1.713400000000e-01	0	8.289400000000e-03	7.558828570000e-02	4.903404570000e-05	7.377970000000e-06
100	1.704600000000e-01	0	8.294170000000e-03	7.839303970000e-02	4.560455390000e-05	7.445020000000e-06
100	1.696200000000e-01	0	8.289400000000e-03	7.564022560000e-02	5.040584250000e-05	7.435710000000e-06
100	1.687200000000e-01	0	8.300840000000e-03	7.810009870000e-02	4.971994410000e-05	7.374240000000e-06
100	1.679400000000e-01	0	8.282720000000e-03	7.687085470000e-02	4.971994410000e-05	7.300670000000e-06
100	1.670700000000e-01	0	8.278910000000e-03	7.994777370000e-02	5.109174090000e-05	7.167490000000e-06
100	1.662200000000e-01	0	8.313240000000e-03	7.783278140000e-02	5.246353760000e-05	7.285770000000e-06
100	1.653000000000e-01	0	8.271280000000e-03	7.964790740000e-02	5.246353760000e-05	7.281110000000e-06
100	1.644300000000e-01	0	8.260790000000e-03	7.934319340000e-02	5.246353760000e-05	7.272730000000e-06
100	1.635500000000e-01	0	8.269370000000e-03	7.688470540000e-02	5.109174090000e-05	7.207530000000e-06
100	1.626800000000e-01	0	8.266510000000e-03	7.983696860000e-02	5.246353760000e-05	7.224300000000e-06
100	1.617400000000e-01	0	8.249340000000e-03	7.743388310000e-02	5.246353760000e-05	7.316500000000e-06
100	1.609300000000e-01	0	8.251250000000e-03	7.993877080000e-02	4.971994410000e-05	7.267140000000e-06
100	1.600500000000e-01	0	8.240760000000e-03	7.692764230000e-02	4.834814740000e-05	7.228020000000e-06
100	1.591400000000e-01	0	8.235990000000e-03	7.935704400000e-02	5.177763920000e-05	7.308120000000e-06
100	1.582700000000e-01	0	8.245530000000e-03	7.736185980000e-02	5.109174090000e-05	7.217780000000e-06
100	1.573800000000e-01	0	8.264600000000e-03	7.957657660000e-02	4.971994410000e-05	7.293220000000e-06
100	1.564900000000e-01	0	8.220730000000e-03	7.986674750000e-02	5.520713110000e-05	7.378900000000e-06
100	1.557500000000e-01	0	8.212150000000e-03	7.721088790000e-02	5.246353760000e-05	7.384490000000e-06
100	1.548500000000e-01	0	8.216920000000e-03	7.984112380000e-02	4.491865550000e-05	7.307190000000e-06
100	1.540100000000e-01	0	8.201660000000e-03	7.818389510000e-02	4.766224900000e-05	7.277380000000e-06
100	1.530700000000e-01	0	8.202610000000e-03	7.916590520000e-02	4.629045220000e-05	7.286700000000e-06
100	1.522100000000e-01	0	8.200710000000e-03	7.580020050000e-02	4.697635060000e-05	7.350960000000e-06
100	1.513900000000e-01	0	8.195940000000e-03	7.662708350000e-02	4.697635060000e-05	7.446880000000e-06
100	1.504500000000e-01	0	8.192120000000e-03	7.558066790000e-02	4.423275710000e-05	7.332330000000e-06
100	1.495700000000e-01	0	8.189260000000e-03	7.573233240000e-02	4.491865550000e-05	7.286700000000e-06
100	1.487200000000e-01	0	8.194030000000e-03	7.624896110000e-02	4.354685880000e-05	7.257830000000e-06
100	1.478200000000e-01	0	8.194030000000e-03	7.585560300000e-02	4.629045220000e-05	7.192630000000e-06
100	1.469300000000e-01	0	8.184490000000e-03	7.584105990000e-02	4.697635060000e-05	7.110680000000e-06
100	1.460400000000e-01	0	8.182590000000e-03	7.508827780000e-02	4.423275710000e-05	7.072490000000e-06
100	1.451700000000e-01	0	8.185450000000e-03	7.909318940000e-02	4.491865550000e-05	7.058520000000e-06
100	1.443900000000e-01	0	8.178770000000e-03	7.502456480000e-02	4.423275710000e-05	6.940240000000e-06
100	1.435200000000e-01	0	8.189260000000e-03	7.847268090000e-02	4.834814740000e-05	6.878780000000e-06
100	1.426600000000e-01	0	8.173050000000e-03	7.496431460000e-02	4.354685880000e-05	7.133960000000e-06
100	1.417800000000e-01	0	8.171140000000e-03	7.849207180000e-02	4.491865550000e-05	7.017540000000e-06
100	1.408900000000e-01	0	8.172090000000e-03	7.515060560000e-02	4.423275710000e-05	7.025930000000e-06
100	1.399900000000e-01	0	8.172090000000e-03	7.744981130000e-02	4.697635060000e-05	6.926280000000e-06
100	1.391400000000e-01	0	8.167330000000e-03	7.473162390000e-02	5.246353760000e-05	6.747460000000e-06
100	1.382200000000e-01	0	8.170190000000e-03	7.615131410000e-02	4.560455390000e-05	6.695310000000e-06
100	1.373600000000e-01	0	8.170190000000e-03	7.469907490000e-02	4.217506200000e-05	6.766090000000e-06
100	1.365300000000e-01	0	8.168280000000e-03	7.521016340000e-02	4.697635060000e-05	6.726040000000e-06
100	1.356000000000e-01	0	8.152070000000e-03	7.509935830000e-02	4.217506200000e-05	6.674820000000e-06
100	1.347100000000e-01	0	8.155880000000e-03	7.478564130000e-02	5.040584250000e-05	6.556540000000e-06
100	1.338300000000e-01	0	8.152070000000e-03	7.556681730000e-02	4.354685880000e-05	6.378660000000e-06
100	1.329800000000e-01	0	8.168280000000e-03	7.433480310000e-02	4.834814740000e-05	6.468060000000e-06
100	1.322000000000e-01	0	8.153020000000e-03	7.621225690000e-02	5.109174090000e-05	6.393560000000e-06
100	1.313300000000e-01	0	8.152070000000e-03	7.426832000000e-02	4.629045220000e-05	6.516490000000e-06
100	1.304600000000e-01	0	8.151110000000e-03	7.699620300000e-02	4.354685880000e-05	6.387970000000e-06
100	1.295800000000e-01	0	8.151110000000e-03	7.412565850000e-02	4.491865550000e-05	6.487620000000e-06
100	1.287000000000e-01	0	8.153980000000e-03	7.654674980000e-02	4.148916360000e-05	6.457820000000e-06
100	1.277900000000e-01	0	8.155880000000e-03	7.397330150000e-02	5.246353760000e-05	6.512770000000e-06
100	1.269400000000e-01	0	8.155880000000e-03	7.726005760000e-02	4.423275710000e-05	6.380520000000e-06
100	1.260700000000e-01	0	8.145390000000e-03	7.426901260000e-02	4.903404570000e-05	6.241750000000e-06
100	1.251600000000e-01	0	8.144440000000e-03	7.825938110000e-02	5.040584250000e-05	6.412190000000e-06
100	1.243100000000e-01	0	8.145390000000e-03	7.546085990000e-02	4.903404570000e-05	6.403800000000e-06
100	1.234300000000e-01	0	8.149210000000e-03	7.773790460000e-02	4.491865550000e-05	6.321850000000e-06
100	1.226400000000e-01	0	8.143480000000e-03	7.438189530000e-02	4.629045220000e-05	6.324640000000e-06
100	1.217800000000e-01	0	8.141580000000e-03	7.667625330000e-02	4.491865550000e-05	6.251070000000e-06
100	1.207600000000e-01	0	8.144440000000e-03	7.633760520000e-02	4.286096040000e-05	6.114160000000e-06
100	1.200300000000e-01	0	8.140620000000e-03	7.733554360000e-02	4.491865550000e-05	6.283660000000e-06
100	1.191400000000e-01	0	8.140620000000e-03	7.365612190000e-02	4.217506200000e-05	6.196120000000e-06
100	1.182500000000e-01	0	8.141580000000e-03	7.574687550000e-02	4.148916360000e-05	6.289250000000e-06
100	1.173800000000e-01	0	8.149210000000e-03	7.700797600000e-02	4.629045220000e-05	6.322780000000e-06
100	1.164500000000e-01	0	8.145390000000e-03	7.676558990000e-02	4.560455390000e-05	6.305080000000e-06
100	1.156100000000e-01	0	8.138720000000e-03	7.739787140000e-02	4.491865550000e-05	6.293910000000e-06
100	1.147000000000e-01	0	8.131090000000e-03	7.447192440000e-02	4.286096040000e-05	6.227780000000e-06
100	1.138100000000e-01	0	8.138720000000e-03	7.579743040000e-02	4.011736690000e-05	6.236170000000e-06
100	1.129700000000e-01	0	8.138720000000e-03	7.226067020000e-02	4.423275710000e-05	6.378660000000e-06
100	1.120900000000e-01	0	8.143480000000e-03	7.348091130000e-02	3.874557010000e-05	6.359100000000e-06
100	1.112000000000e-01	0	8.134900000000e-03	7.363049820000e-02	4.560455390000e-05	6.424290000000e-06
100	1.104600000000e-01	0	8.127270000000e-03	7.504464820000e-02	4.217506200000e-05	6.393560000000e-06
100	1.095700000000e-01	0	8.133950000000e-03	7.267134160000e-02	4.217506200000e-05	6.226850000000e-06
100	1.086800000000e-01	0	8.131090000000e-03	7.405086510000e-02	4.629045220000e-05	6.360960000000e-06
100	1.078000000000e-01	0	8.131090000000e-03	7.275929320000e-02	3.805967180000e-05	6.407530000000e-06
100	1.069100000000e-01	0	8.126320000000e-03	7.316788700000e-02	3.531607830000e-05	6.372140000000e-06
100	1.060500000000e-01	0	8.125360000000e-03	7.687500990000e-02	3.668787500000e-05	6.448510000000e-06
100	1.051600000000e-01	0	8.122500000000e-03	7.336456600000e-02	3.737377340000e-05	6.580750000000e-06
100	1.042700000000e-01	0	8.118690000000e-03	7.656475560000e-02	3.874557010000e-05	6.481100000000e-06
100	1.034000000000e-01	0	8.116780000000e-03	7.370529170000e-02	4.148916360000e-05	6.480170000000e-06
100	1.025200000000e-01	0	8.119640000000e-03	7.653289920000e-02	4.423275710000e-05	6.536050000000e-06
100	1.016300000000e-01	0	8.114870000000e-03	7.364227130000e-02	3.668787500000e-05	6.528600000000e-06
100	1.007100000000e-01	0	8.103430000000e-03	7.605020450000e-02	3.737377340000e-05	6.563060000000e-06
100	9.989000000000e-02	0	8.111060000000e-03	7.298367350000e-02	3.531607830000e-05	6.651530000000e-06
100	9.897000000000e-02	0	8.106290000000e-03	7.398922970000e-02	3.874557010000e-05	6.449440000000e-06
100	9.822000000000e-02	0	8.098660000000e-03	7.114707900000e-02	3.600197670000e-05	6.566780000000e-06
100	9.735000000000e-02	0	8.097710000000e-03	7.217341120000e-02	3.668787500000e-05	6.540710000000e-06
100	9.645000000000e-02	0	8.106290000000e-03	7.316857950000e-02	4.286096040000e-05	6.736290000000e-06
100	9.558000000000e-02	0	8.093890000000e-03	7.208545970000e-02	3.874557010000e-05	6.733490000000e-06
100	9.472000000000e-02	0	8.096750000000e-03	7.519977540000e-02	4.286096040000e-05	6.697170000000e-06
100	9.381000000000e-02	0	8.095800000000e-03	7.394906290000e-02	4.011736690000e-05	6.734420000000e-06
100	9.295000000000e-02	0	8.096750000000e-03	7.545047190000e-02	3.874557010000e-05	6.735350000000e-06
100	9.205000000000e-02	0	8.094850000000e-03	7.334586760000e-02	3.805967180000e-05	6.970980000000e-06
100	9.118000000000e-02	0	8.098660000000e-03	7.546570760000e-02	3.394428150000e-05	6.904850000000e-06
100	9.031000000000e-02	0	8.086260000000e-03	7.362011020000e-02	4.491865550000e-05	6.823830000000e-06
100	8.953000000000e-02	0	8.085310000000e-03	7.488121070000e-02	3.463017990000e-05	6.820100000000e-06
100	8.868000000000e-02	0	8.085310000000e-03	7.428009310000e-02	3.874557010000e-05	6.944900000000e-06
100	8.777000000000e-02	0	8.086260000000e-03	7.407579620000e-02	3.943146850000e-05	6.997060000000e-06
100	8.689000000000e-02	0	8.084360000000e-03	7.540130210000e-02	4.766224900000e-05	7.027790000000e-06
100	8.588000000000e-02	0	8.076730000000e-03	7.347675620000e-02	4.423275710000e-05	6.997990000000e-06
100	8.514000000000e-02	0	8.071960000000e-03	7.412150330000e-02	4.286096040000e-05	7.080870000000e-06
100	8.425000000000e-02	0	8.074820000000e-03	7.528426430000e-02	4.423275710000e-05	6.997060000000e-06
100	8.336000000000e-02	0	8.064330000000e-03	7.314780350000e-02	4.834814740000e-05	7.204740000000e-06
100	8.248000000000e-02	0	8.076730000000e-03	7.272882180000e-02	4.903404570000e-05	7.175870000000e-06
100	8.161000000000e-02	0	8.068140000000e-03	7.199820070000e-02	4.148916360000e-05	7.085530000000e-06
100	8.071000000000e-02	0	8.063380000000e-03	7.349337690000e-02	4.217506200000e-05	7.257830000000e-06
100	7.996000000000e-02	0	8.058610000000e-03	7.151065820000e-02	3.874557010000e-05	7.430120000000e-06
100	7.897000000000e-02	0	8.062420000000e-03	7.354531680000e-02	4.217506200000e-05	7.364000000000e-06
100	7.808000000000e-02	0	8.058610000000e-03	7.117201020000e-02	4.148916360000e-05	7.258760000000e-06
100	7.732000000000e-02	0	8.063380000000e-03	7.479672180000e-02	4.148916360000e-05	7.337920000000e-06
100	7.645000000000e-02	0	8.056700000000e-03	7.378077760000e-02	3.943146850000e-05	7.336990000000e-06
100	7.557000000000e-02	0	8.050980000000e-03	7.448300490000e-02	4.011736690000e-05	7.275520000000e-06
100	7.471000000000e-02	0	8.050980000000e-03	7.450170330000e-02	3.874557010000e-05	7.488790000000e-06
100	7.380000000000e-02	0	8.053840000000e-03	7.519492770000e-02	3.394428150000e-05	7.472960000000e-06
100	7.292000000000e-02	0	8.050020000000e-03	7.251621450000e-02	3.943146850000e-05	7.433850000000e-06
100	7.204000000000e-02	0	8.054790000000e-03	7.267203420000e-02	3.943146850000e-05	7.508350000000e-06
100	7.115000000000e-02	0	8.050020000000e-03	7.361595510000e-02	3.805967180000e-05	7.338850000000e-06
100	7.028000000000e-02	0	8.048120000000e-03	7.173226840000e-02	4.148916360000e-05	7.460850000000e-06
100	6.944000000000e-02	0	8.050980000000e-03	7.187215990000e-02	3.531607830000e-05	7.589380000000e-06
100	6.852000000000e-02	0	8.046210000000e-03	7.118239820000e-02	4.286096040000e-05	7.397520000000e-06
100	6.765000000000e-02	0	8.050020000000e-03	7.273505450000e-02	3.943146850000e-05	7.524180000000e-06
100	6.678000000000e-02	0	8.050020000000e-03	7.241510480000e-02	4.148916360000e-05	7.437570000000e-06
100	6.590000000000e-02	0	8.040490000000e-03	7.511874920000e-02	3.874557010000e-05	7.382620000000e-06
100	6.510000000000e-02	0	8.040490000000e-03	7.430156160000e-02	4.217506200000e-05	7.434780000000e-06
100	6.425000000000e-02	0	8.041440000000e-03	7.400931310000e-02	4.629045220000e-05	7.444090000000e-06
100	6.338000000000e-02	0	8.046210000000e-03	7.531265810000e-02	4.217506200000e-05	7.423600000000e-06
100	6.249000000000e-02	0	8.045260000000e-03	7.535005480000e-02	4.491865550000e-05	7.626630000000e-06
100	6.158000000000e-02	0	8.036670000000e-03	7.402870400000e-02	3.805967180000e-05	7.502760000000e-06
100	6.071000000000e-02	0	8.035720000000e-03	7.389366030000e-02	4.080326530000e-05	7.609870000000e-06
100	5.984000000000e-02	0	8.033810000000e-03	7.448092730000e-02	4.423275710000e-05	7.476690000000e-06
100	5.897000000000e-02	0	8.034770000000e-03	7.517068900000e-02	4.354685880000e-05	7.494380000000e-06
100	5.810000000000e-02	0	8.032860000000e-03	7.539576190000e-02	4.217506200000e-05	7.525120000000e-06
100	5.721000000000e-02	0	8.034770000000e-03	7.355154960000e-02	3.737377340000e-05	7.514870000000e-06
100	5.632000000000e-02	0	8.035720000000e-03	7.540130210000e-02	3.943146850000e-05	7.275520000000e-06
100	5.545000000000e-02	0	8.038580000000e-03	7.273851720000e-02	3.668787500000e-05	7.437570000000e-06
100	5.458000000000e-02	0	8.035720000000e-03	7.511182380000e-02	4.011736690000e-05	7.561440000000e-06
100	5.371000000000e-02	0	8.038580000000e-03	7.131328670000e-02	4.011736690000e-05	7.486000000000e-06
100	5.290000000000e-02	0	8.034770000000e-03	7.406125300000e-02	3.120068810000e-05	7.453400000000e-06
100	5.203000000000e-02	0	8.039530000000e-03	7.175581450000e-02	3.737377340000e-05	7.301600000000e-06
100	5.116000000000e-02	0	8.036670000000e-03	7.496500710000e-02	3.531607830000e-05	7.300670000000e-06
100	5.027000000000e-02	0	8.036670000000e-03	7.244557620000e-02	3.943146850000e-05	7.380760000000e-06
100	4.942000000000e-02	0	8.035720000000e-03	7.547609560000e-02	3.668787500000e-05	7.517660000000e-06
100	4.854000000000e-02	0	8.036670000000e-03	7.467552880000e-02	4.080326530000e-05	7.371450000000e-06
100	4.763000000000e-02	0	8.035720000000e-03	7.522193640000e-02	3.325838320000e-05	7.296940000000e-06
100	4.674000000000e-02	0	8.032860000000e-03	7.540753490000e-02	4.080326530000e-05	7.178660000000e-06
100	4.588000000000e-02	0	8.032860000000e-03	7.458826980000e-02	4.217506200000e-05	7.036170000000e-06
100	4.503000000000e-02	0	8.033810000000e-03	7.545739720000e-02	4.217506200000e-05	6.885300000000e-06
100	4.411000000000e-02	0	8.032860000000e-03	7.262909720000e-02	4.148916360000e-05	7.073420000000e-06
100	4.336000000000e-02	0	8.032860000000e-03	7.568731780000e-02	3.943146850000e-05	7.169350000000e-06
100	4.247000000000e-02	0	8.037630000000e-03	7.158822180000e-02	3.805967180000e-05	7.235470000000e-06
100	4.158000000000e-02	0	8.041440000000e-03	7.558343800000e-02	3.737377340000e-05	7.040830000000e-06
100	4.068000000000e-02	0	8.043350000000e-03	7.152243130000e-02	4.286096040000e-05	6.959800000000e-06
100	3.984000000000e-02	0	8.038580000000e-03	7.402939660000e-02	4.011736690000e-05	6.957010000000e-06
100	3.897000000000e-02	0	8.044300000000e-03	7.276691100000e-02	4.011736690000e-05	6.967250000000e-06
100	3.805000000000e-02	0	8.032860000000e-03	7.574410540000e-02	4.491865550000e-05	7.042690000000e-06
100	3.717000000000e-02	0	8.037630000000e-03	7.355016450000e-02	4.080326530000e-05	7.000780000000e-06
100	3.635000000000e-02	0	8.041440000000e-03	7.601488540000e-02	4.217506200000e-05	7.012890000000e-06
100	3.547000000000e-02	0	8.037630000000e-03	7.292480830000e-02	4.217506200000e-05	6.930930000000e-06
100	3.456000000000e-02	0	8.033810000000e-03	7.589507730000e-02	4.629045220000e-05	6.872260000000e-06
100	3.369000000000e-02	0	8.045260000000e-03	7.377939260000e-02	4.286096040000e-05	6.806130000000e-06
100	3.278000000000e-02	0	8.037630000000e-03	7.601765550000e-02	4.971994410000e-05	6.801480000000e-06
100	3.201000000000e-02	0	8.039530000000e-03	7.458896230000e-02	4.354685880000e-05	6.649670000000e-06
100	3.111000000000e-02	0	8.040490000000e-03	7.605158950000e-02	4.491865550000e-05	6.881570000000e-06
100	3.024000000000e-02	0	8.043350000000e-03	7.541307520000e-02	4.148916360000e-05	6.695310000000e-06
100	2.939000000000e-02	0	8.043350000000e-03	7.557166500000e-02	4.148916360000e-05	6.727900000000e-06
100	2.849000000000e-02	0	8.055750000000e-03	7.390820350000e-02	3.874557010000e-05	6.626390000000e-06
100	2.764000000000e-02	0	8.055750000000e-03	7.203005710000e-02	4.354685880000e-05	6.620800000000e-06
100	2.677000000000e-02	0	8.048120000000e-03	7.410765270000e-02	4.011736690000e-05	6.600310000000e-06
100	2.586000000000e-02	0	8.055750000000e-03	7.255291870000e-02	4.286096040000e-05	6.677610000000e-06
100	2.495000000000e-02	0	8.052890000000e-03	7.488813600000e-02	3.805967180000e-05	6.645020000000e-06
100	2.412000000000e-02	0	8.054790000000e-03	7.202036170000e-02	3.943146850000e-05	6.672020000000e-06
100	2.325000000000e-02	0	8.058610000000e-03	7.425723950000e-02	3.531607830000e-05	6.614280000000e-06
100	2.233000000000e-02	0	8.072910000000e-03	7.191371180000e-02	4.011736690000e-05	6.410320000000e-06
100	2.156000000000e-02	0	8.063380000000e-03	7.482927080000e-02	3.600197670000e-05	6.478310000000e-06
100	2.059000000000e-02	0	8.064330000000e-03	7.226690300000e-02	3.668787500000e-05	6.478310000000e-06
100	1.980000000000e-02	0	8.071960000000e-03	7.297536310000e-02	3.668787500000e-05	6.546300000000e-06
100	1.892000000000e-02	0	8.071010000000e-03	7.394906290000e-02	3.943146850000e-05	6.481100000000e-06
100	1.806000000000e-02	0	8.084360000000e-03	7.488536590000e-02	4.217506200000e-05	6.412190000000e-06
100	1.720000000000e-02	0	8.082450000000e-03	7.535767260000e-02	4.217506200000e-05	6.233370000000e-06
100	1.630000000000e-02	0	8.074820000000e-03	7.620879430000e-02	3.805967180000e-05	6.283660000000e-06
100	1.541000000000e-02	0	8.077680000000e-03	7.329392770000e-02	4.011736690000e-05	6.243620000000e-06
100	1.456000000000e-02	0	8.076730000000e-03	7.510074330000e-02	3.463017990000e-05	6.322780000000e-06
100	1.364000000000e-02	0	8.087220000000e-03	7.430294660000e-02	3.394428150000e-05	6.238960000000e-06
100	1.276000000000e-02	0	8.091030000000e-03	7.583413450000e-02	3.257248480000e-05	6.143030000000e-06
100	1.192000000000e-02	0	8.081500000000e-03	7.203351980000e-02	3.874557010000e-05	6.126270000000e-06
100	1.102000000000e-02	0	8.090080000000e-03	7.606059250000e-02	3.600197670000e-05	6.007990000000e-06
100	1.023000000000e-02	0	8.091990000000e-03	7.550795200000e-02	3.600197670000e-05	5.976330000000e-06
100	9.340000000000e-03	0	8.098660000000e-03	7.603219870000e-02	3.668787500000e-05	5.940940000000e-06
100	8.480000000000e-03	0	8.101520000000e-03	7.202590190000e-02	3.120068810000e-05	5.885990000000e-06
100	7.610000000000e-03	0	8.105340000000e-03	7.475447740000e-02	3.531607830000e-05	5.799370000000e-06
100	6.720000000000e-03	0	8.110110000000e-03	7.236316490000e-02	3.943146850000e-05	5.892510000000e-06
100	5.830000000000e-03	0	8.110110000000e-03	7.308893830000e-02	4.148916360000e-05	5.888780000000e-06
100	4.960000000000e-03	0	8.111060000000e-03	7.221150050000e-02	3.805967180000e-05	5.651290000000e-06
100	4.060000000000e-03	0	8.120600000000e-03	7.530504020000e-02	4.354685880000e-05	5.824520000000e-06
100	3.220000000000e-03	0	8.122500000000e-03	7.211731610000e-02	3.531607830000e-05	5.799370000000e-06
100	2.350000000000e-03	0	8.127270000000e-03	7.528149410000e-02	4.080326530000e-05	5.780750000000e-06
100	1.420000000000e-03	0	8.132040000000e-03	7.142201420000e-02	3.600197670000e-05	5.801240000000e-06
100	5.600000000000e-04	0	8.160650000000e-03	7.232092050000e-02	3.943146850000e-05	5.837560000000e-06
100	-3.000000000000e-04	0	8.132040000000e-03	7.230984000000e-02	3.737377340000e-05	5.624290000000e-06
100	-1.080000000000e-03	0	8.142530000000e-03	7.208476710000e-02	3.943146850000e-05	5.625220000000e-06
100	-1.990000000000e-03	0	8.138720000000e-03	7.404116960000e-02	4.217506200000e-05	5.626150000000e-06
100	-2.830000000000e-03	0	8.138720000000e-03	7.272674420000e-02	3.943146850000e-05	5.804030000000e-06
100	-3.690000000000e-03	0	8.138720000000e-03	7.601142270000e-02	3.943146850000e-05	5.746290000000e-06
100	-4.630000000000e-03	0	8.139670000000e-03	7.208199700000e-02	4.217506200000e-05	5.719280000000e-06
100	-5.510000000000e-03	0	8.146350000000e-03	7.587845660000e-02	4.148916360000e-05	5.916720000000e-06
100	-6.340000000000e-03	0	8.150160000000e-03	7.274336490000e-02	4.217506200000e-05	6.052690000000e-06
100	-7.230000000000e-03	0	8.145390000000e-03	7.636807660000e-02	4.148916360000e-05	5.713690000000e-06
100	-8.140000000000e-03	0	8.143480000000e-03	7.382163700000e-02	4.080326530000e-05	5.879470000000e-06
100	-8.990000000000e-03	0	8.152070000000e-03	7.596640810000e-02	4.011736690000e-05	6.008920000000e-06
100	-9.870000000000e-03	0	8.150160000000e-03	7.290957260000e-02	3.805967180000e-05	5.969810000000e-06
100	-1.065000000000e-02	0	8.153980000000e-03	7.547471050000e-02	3.943146850000e-05	6.025690000000e-06
100	-1.152000000000e-02	0	8.152070000000e-03	7.226621050000e-02	3.874557010000e-05	6.166320000000e-06
100	-1.243000000000e-02	0	8.172090000000e-03	7.261109130000e-02	4.217506200000e-05	6.080630000000e-06
100	-1.328000000000e-02	0	8.145390000000e-03	7.197049940000e-02	3.943146850000e-05	6.172840000000e-06
100	-1.418000000000e-02	0	8.151110000000e-03	7.522262890000e-02	3.737377340000e-05	6.187740000000e-06
100	-1.506000000000e-02	0	8.163510000000e-03	7.207645680000e-02	3.668787500000e-05	6.138380000000e-06
100	-1.592000000000e-02	0	8.155880000000e-03	7.545947480000e-02	3.600197670000e-05	6.071320000000e-06
100	-1.683000000000e-02	0	8.154930000000e-03	7.219557220000e-02	3.600197670000e-05	6.262240000000e-06
100	-1.769000000000e-02	0	8.153980000000e-03	7.460627560000e-02	3.805967180000e-05	6.367480000000e-06
100	-1.859000000000e-02	0	8.160650000000e-03	7.205221820000e-02	4.011736690000e-05	6.342340000000e-06
100	-1.944000000000e-02	0	8.160650000000e-03	7.381955940000e-02	3.943146850000e-05	6.147690000000e-06
100	-2.034000000000e-02	0	8.162560000000e-03	7.159445460000e-02	3.737377340000e-05	6.107640000000e-06
100	-2.119000000000e-02	0	8.159700000000e-03	7.417205810000e-02	4.011736690000e-05	6.266900000000e-06
100	-2.205000000000e-02	0	8.158740000000e-03	7.159653220000e-02	3.463017990000e-05	6.395420000000e-06
100	-2.286000000000e-02	0	8.158740000000e-03	7.210485060000e-02	3.874557010000e-05	6.135580000000e-06
100	-2.375000000000e-02	0	8.165420000000e-03	7.342066110000e-02	3.668787500000e-05	6.396350000000e-06
100	-2.463000000000e-02	0	8.194030000000e-03	7.238394090000e-02	3.325838320000e-05	6.548160000000e-06
100	-2.549000000000e-02	0	8.162560000000e-03	7.194072050000e-02	3.600197670000e-05	6.478310000000e-06
100	-2.641000000000e-02	0	8.157790000000e-03	7.273020680000e-02	3.257248480000e-05	6.306950000000e-06
100	-2.725000000000e-02	0	8.150160000000e-03	7.153835950000e-02	3.737377340000e-05	6.417770000000e-06
100	-2.815000000000e-02	0	8.151110000000e-03	7.208684470000e-02	3.325838320000e-05	6.394490000000e-06
100	-2.901000000000e-02	0	8.198800000000e-03	7.115954460000e-02	3.737377340000e-05	6.454090000000e-06
100	-2.989000000000e-02	0	8.209290000000e-03	7.199958570000e-02	3.874557010000e-05	6.480170000000e-06
100	-3.076000000000e-02	0	8.152070000000e-03	7.132782980000e-02	4.011736690000e-05	6.480170000000e-06
100	-3.168000000000e-02	0	8.143480000000e-03	7.130982400000e-02	3.531607830000e-05	6.494140000000e-06
100	-3.242000000000e-02	0	8.149210000000e-03	7.428701840000e-02	3.463017990000e-05	6.567720000000e-06
100	-3.331000000000e-02	0	8.147300000000e-03	7.136107140000e-02	3.737377340000e-05	6.416840000000e-06
100	-3.420000000000e-02	0	8.139670000000e-03	7.500309630000e-02	3.805967180000e-05	6.490420000000e-06
100	-3.510000000000e-02	0	8.121550000000e-03	7.175096680000e-02	3.600197670000e-05	6.478310000000e-06
100	-3.594000000000e-02	0	8.110110000000e-03	7.381471170000e-02	2.914299290000e-05	6.479240000000e-06
100	-3.685000000000e-02	0	8.091030000000e-03	7.121979490000e-02	3.600197670000e-05	6.562130000000e-06
100	-3.771000000000e-02	0	8.091990000000e-03	7.520254550000e-02	3.051478970000e-05	6.690650000000e-06
100	-3.860000000000e-02	0	8.091030000000e-03	7.301275980000e-02	3.531607830000e-05	6.672960000000e-06
100	-3.947000000000e-02	0	8.083400000000e-03	7.496846970000e-02	3.463017990000e-05	6.732560000000e-06
100	-4.034000000000e-02	0	8.100570000000e-03	7.109721670000e-02	3.325838320000e-05	6.821040000000e-06
100	-4.126000000000e-02	0	8.091030000000e-03	7.257715730000e-02	3.257248480000e-05	6.649670000000e-06
100	-4.212000000000e-02	0	8.073870000000e-03	7.122464260000e-02	2.914299290000e-05	6.565850000000e-06
100	-4.298000000000e-02	0	8.114870000000e-03	7.040814760000e-02	3.600197670000e-05	6.592860000000e-06
100	-4.376000000000e-02	0	8.070050000000e-03	7.266026110000e-02	3.051478970000e-05	6.536980000000e-06
100	-4.465000000000e-02	0	8.050020000000e-03	7.135206850000e-02	3.257248480000e-05	6.690650000000e-06
100	-4.551000000000e-02	0	8.054790000000e-03	7.517068900000e-02	3.394428150000e-05	6.649670000000e-06
100	-4.638000000000e-02	0	8.048120000000e-03	7.210069540000e-02	3.325838320000e-05	6.718590000000e-06
100	-4.729000000000e-02	0	8.043350000000e-03	7.490683440000e-02	3.394428150000e-05	6.733490000000e-06
100	-4.816000000000e-02	0	8.032860000000e-03	7.411457800000e-02	3.737377340000e-05	6.367480000000e-06
100	-4.904000000000e-02	0	8.032860000000e-03	7.453771490000e-02	3.531607830000e-05	6.392630000000e-06
100	-4.993000000000e-02	0	8.030000000000e-03	7.468660930000e-02	3.668787500000e-05	6.632910000000e-06
100	-5.081000000000e-02	0	8.049070000000e-03	7.301830010000e-02	3.188658640000e-05	6.737220000000e-06
100	-5.170000000000e-02	0	8.011880000000e-03	7.478702640000e-02	3.463017990000e-05	6.737220000000e-06
100	-5.256000000000e-02	0	7.996620000000e-03	7.173850120000e-02	3.325838320000e-05	6.654330000000e-06
100	-5.333000000000e-02	0	7.989940000000e-03	7.427455280000e-02	3.120068810000e-05	6.566780000000e-06
100	-5.419000000000e-02	0	7.994710000000e-03	7.110137190000e-02	3.188658640000e-05	6.565850000000e-06
100	-5.508000000000e-02	0	7.986130000000e-03	7.349199190000e-02	2.982889130000e-05	6.482970000000e-06
100	-5.599000000000e-02	0	7.981360000000e-03	7.316719440000e-02	3.325838320000e-05	6.578890000000e-06
100	-5.685000000000e-02	0	7.980410000000e-03	7.325099080000e-02	2.982889130000e-05	6.565850000000e-06
100	-5.772000000000e-02	0	7.970870000000e-03	7.058405060000e-02	3.120068810000e-05	6.540710000000e-06
100	-5.857000000000e-02	0	7.976590000000e-03	7.444145300000e-02	2.982889130000e-05	6.623600000000e-06
100	-5.951000000000e-02	0	7.975640000000e-03	7.252452490000e-02	3.463017990000e-05	6.653400000000e-06
100	-6.036000000000e-02	0	7.977550000000e-03	7.481542020000e-02	3.325838320000e-05	6.577030000000e-06
100	-6.126000000000e-02	0	7.972780000000e-03	7.096632820000e-02	3.600197670000e-05	6.574240000000e-06
100	-6.216000000000e-02	0	7.943210000000e-03	7.484450650000e-02	3.188658640000e-05	6.656190000000e-06
100	-6.300000000000e-02	0	7.942260000000e-03	7.151342840000e-02	3.120068810000e-05	6.565850000000e-06
100	-6.389000000000e-02	0	7.946070000000e-03	7.453217470000e-02	3.463017990000e-05	6.534190000000e-06
100	-6.475000000000e-02	0	7.950840000000e-03	7.359033140000e-02	3.325838320000e-05	6.653400000000e-06
100	-6.557000000000e-02	0	7.939400000000e-03	7.362288040000e-02	3.325838320000e-05	6.557470000000e-06
100	-6.642000000000e-02	0	7.936540000000e-03	7.479118160000e-02	3.120068810000e-05	6.566780000000e-06
100	-6.727000000000e-02	0	7.946070000000e-03	7.318727780000e-02	3.051478970000e-05	6.654330000000e-06
100	-6.818000000000e-02	0	7.944170000000e-03	7.413050620000e-02	3.325838320000e-05	6.674820000000e-06
100	-6.905000000000e-02	0	7.947980000000e-03	7.117478030000e-02	3.120068810000e-05	6.719520000000e-06
100	-6.996000000000e-02	0	7.944170000000e-03	7.465683040000e-02	3.257248480000e-05	6.649670000000e-06
100	-7.081000000000e-02	0	7.947980000000e-03	7.097394610000e-02	3.668787500000e-05	6.668300000000e-06
100	-7.172000000000e-02	0	7.943210000000e-03	7.489021360000e-02	3.325838320000e-05	6.658050000000e-06
100	-7.259000000000e-02	0	7.951800000000e-03	7.066576940000e-02	3.531607830000e-05	6.698100000000e-06
100	-7.344000000000e-02	0	7.949890000000e-03	7.374961370000e-02	3.531607830000e-05	6.699960000000e-06
100	-7.436000000000e-02	0	7.944170000000e-03	7.121633220000e-02	3.600197670000e-05	6.660850000000e-06
100	-7.509000000000e-02	0	7.944170000000e-03	7.344559220000e-02	3.737377340000e-05	6.747460000000e-06
100	-7.600000000000e-02	0	7.944170000000e-03	7.330431570000e-02	4.011736690000e-05	6.655260000000e-06
100	-7.685000000000e-02	0	7.950840000000e-03	7.473300890000e-02	3.668787500000e-05	6.574240000000e-06
100	-7.775000000000e-02	0	7.939400000000e-03	7.406056050000e-02	3.943146850000e-05	6.566780000000e-06
100	-7.862000000000e-02	0	7.947030000000e-03	7.435765670000e-02	3.943146850000e-05	6.676680000000e-06
100	-7.952000000000e-02	0	7.966100000000e-03	7.451001370000e-02	3.394428150000e-05	6.672960000000e-06
100	-8.041000000000e-02	0	7.968960000000e-03	7.223920170000e-02	3.600197670000e-05	6.567720000000e-06
100	-8.127000000000e-02	0	7.970870000000e-03	7.368797840000e-02	4.080326530000e-05	6.571440000000e-06
100	-8.213000000000e-02	0	7.974680000000e-03	7.032989150000e-02	3.120068810000e-05	6.417770000000e-06
100	-8.302000000000e-02	0	7.972780000000e-03	7.266303120000e-02	3.737377340000e-05	6.401010000000e-06
100	-8.390000000000e-02	0	7.968010000000e-03	7.046909040000e-02	3.600197670000e-05	6.522080000000e-06
100	-8.481000000000e-02	0	7.976590000000e-03	7.144002000000e-02	4.148916360000e-05	6.503450000000e-06
100	-8.568000000000e-02	0	7.975640000000e-03	7.214709500000e-02	4.491865550000e-05	6.341400000000e-06
100	-8.645000000000e-02	0	7.979450000000e-03	7.435765670000e-02	4.217506200000e-05	6.236170000000e-06
100	-8.732000000000e-02	0	7.976590000000e-03	7.350792010000e-02	4.080326530000e-05	6.282730000000e-06
100	-8.818000000000e-02	0	7.976590000000e-03	7.447330950000e-02	4.217506200000e-05	6.374930000000e-06
100	-8.907000000000e-02	0	7.962290000000e-03	7.066853950000e-02	4.560455390000e-05	6.376790000000e-06
100	-8.996000000000e-02	0	7.972780000000e-03	7.276968110000e-02	4.354685880000e-05	6.227780000000e-06
100	-9.085000000000e-02	0	7.980410000000e-03	7.045939490000e-02	3.737377340000e-05	6.125340000000e-06
100	-9.171000000000e-02	0	7.984220000000e-03	7.217479630000e-02	3.600197670000e-05	6.126270000000e-06
100	-9.260000000000e-02	0	7.981360000000e-03	7.056742990000e-02	4.217506200000e-05	6.074110000000e-06
100	-9.347000000000e-02	0	7.979450000000e-03	7.154459230000e-02	3.531607830000e-05	5.920450000000e-06
100	-9.436000000000e-02	0	7.966100000000e-03	7.031465580000e-02	4.148916360000e-05	5.990300000000e-06
100	-9.524000000000e-02	0	7.970870000000e-03	7.288464140000e-02	3.737377340000e-05	5.874810000000e-06
100	-9.613000000000e-02	0	7.981360000000e-03	7.069762590000e-02	3.805967180000e-05	5.906480000000e-06
100	-9.700000000000e-02	0	7.974680000000e-03	7.290126220000e-02	4.011736690000e-05	5.856190000000e-06
100	-9.787000000000e-02	0	7.974680000000e-03	7.421153240000e-02	3.668787500000e-05	5.954910000000e-06
100	-9.867000000000e-02	0	7.977550000000e-03	7.323921770000e-02	3.943146850000e-05	5.926970000000e-06
100	-9.954000000000e-02	0	7.982310000000e-03	7.415058960000e-02	3.600197670000e-05	5.980980000000e-06
100	-1.003900000000e-01	0	7.984220000000e-03	7.498578300000e-02	3.805967180000e-05	5.896230000000e-06
100	-1.013200000000e-01	0	7.980410000000e-03	7.529880740000e-02	3.943146850000e-05	5.804960000000e-06
100	-1.021800000000e-01	0	7.976590000000e-03	7.310348150000e-02	3.943146850000e-05	5.791920000000e-06
100	-1.030300000000e-01	0	7.979450000000e-03	7.444907090000e-02	4.080326530000e-05	5.761190000000e-06
100	-1.039300000000e-01	0	7.986130000000e-03	7.096632820000e-02	4.148916360000e-05	5.850600000000e-06
100	-1.048200000000e-01	0	7.981360000000e-03	7.255499630000e-02	3.805967180000e-05	5.655020000000e-06
100	-1.056900000000e-01	0	7.972780000000e-03	7.135968630000e-02	4.148916360000e-05	5.885990000000e-06
100	-1.065200000000e-01	0	7.972780000000e-03	7.463120670000e-02	4.011736690000e-05	5.641050000000e-06
100	-1.074400000000e-01	0	7.974680000000e-03	7.372814520000e-02	3.737377340000e-05	5.631740000000e-06
100	-1.082100000000e-01	0	7.980410000000e-03	7.550171930000e-02	3.394428150000e-05	5.715560000000e-06
100	-1.090800000000e-01	0	7.967050000000e-03	7.237147530000e-02	3.737377340000e-05	5.680170000000e-06
100	-1.099400000000e-01	0	7.976590000000e-03	7.532304600000e-02	4.148916360000e-05	5.568410000000e-06
100	-1.108400000000e-01	0	7.968960000000e-03	7.329323520000e-02	3.943146850000e-05	5.715560000000e-06
100	-1.117300000000e-01	0	7.979450000000e-03	7.495046390000e-02	4.766224900000e-05	5.625220000000e-06
100	-1.125900000000e-01	0	7.976590000000e-03	7.527387630000e-02	3.805967180000e-05	5.604730000000e-06
100	-1.134800000000e-01	0	7.976590000000e-03	7.549133130000e-02	3.874557010000e-05	5.713690000000e-06
100	-1.143600000000e-01	0	7.983270000000e-03	7.507858230000e-02	4.286096040000e-05	5.662470000000e-06
100	-1.152400000000e-01	0	7.984220000000e-03	7.476832800000e-02	4.217506200000e-05	5.453850000000e-06
100	-1.161200000000e-01	0	7.981360000000e-03	7.478910400000e-02	4.080326530000e-05	5.284350000000e-06
100	-1.170100000000e-01	0	7.976590000000e-03	7.423369350000e-02	4.080326530000e-05	5.457580000000e-06
100	-1.179100000000e-01	0	7.983270000000e-03	7.535975020000e-02	4.011736690000e-05	5.582380000000e-06
100	-1.187600000000e-01	0	7.985170000000e-03	7.242133760000e-02	3.874557010000e-05	5.463170000000e-06
100	-1.196300000000e-01	0	7.985170000000e-03	7.468245410000e-02	4.217506200000e-05	5.636390000000e-06
100	-1.204100000000e-01	0	7.988040000000e-03	7.222812120000e-02	4.148916360000e-05	5.633600000000e-06
100	-1.212900000000e-01	0	7.988040000000e-03	7.518869490000e-02	4.217506200000e-05	5.527430000000e-06
100	-1.221700000000e-01	0	7.988040000000e-03	7.245804180000e-02	4.354685880000e-05	5.447330000000e-06
100	-1.230700000000e-01	0	7.983270000000e-03	7.577734690000e-02	4.354685880000e-05	5.582380000000e-06
100	-1.239500000000e-01	0	7.983270000000e-03	7.271150850000e-02	4.286096040000e-05	5.673650000000e-06
100	-1.248000000000e-01	0	8.000430000000e-03	7.631821430000e-02	4.286096040000e-05	5.713690000000e-06
100	-1.257300000000e-01	0	7.995670000000e-03	7.324752810000e-02	4.286096040000e-05	5.437090000000e-06
100	-1.265700000000e-01	0	7.998530000000e-03	7.698027470000e-02	4.697635060000e-05	5.645710000000e-06
100	-1.274500000000e-01	0	7.995670000000e-03	7.294696930000e-02	4.560455390000e-05	5.704380000000e-06
100	-1.283500000000e-01	0	8.003290000000e-03	7.671849770000e-02	4.560455390000e-05	5.759330000000e-06
100	-1.292300000000e-01	0	8.005200000000e-03	7.403216670000e-02	4.217506200000e-05	5.814280000000e-06
100	-1.300900000000e-01	0	8.012830000000e-03	7.708207690000e-02	4.423275710000e-05	5.808690000000e-06
100	-1.310000000000e-01	0	8.005200000000e-03	7.391235870000e-02	3.668787500000e-05	5.852460000000e-06
100	-1.317300000000e-01	0	7.999480000000e-03	7.697473450000e-02	4.148916360000e-05	5.753740000000e-06
100	-1.326200000000e-01	0	8.009970000000e-03	7.360625960000e-02	4.080326530000e-05	5.986570000000e-06
100	-1.335200000000e-01	0	8.016650000000e-03	7.698373740000e-02	4.080326530000e-05	5.899030000000e-06
100	-1.343400000000e-01	0	8.045260000000e-03	7.435073130000e-02	3.668787500000e-05	5.884130000000e-06
100	-1.352600000000e-01	0	8.026180000000e-03	7.748513050000e-02	4.217506200000e-05	5.900890000000e-06
100	-1.361000000000e-01	0	8.027140000000e-03	7.695257350000e-02	4.217506200000e-05	5.908340000000e-06
100	-1.370300000000e-01	0	8.026180000000e-03	7.716379570000e-02	4.560455390000e-05	6.010790000000e-06
100	-1.379000000000e-01	0	8.032860000000e-03	7.780300260000e-02	3.943146850000e-05	6.083430000000e-06
100	-1.388000000000e-01	0	8.027140000000e-03	7.501071420000e-02	4.080326530000e-05	6.073180000000e-06
100	-1.396500000000e-01	0	8.049070000000e-03	7.616377970000e-02	3.531607830000e-05	6.142100000000e-06
100	-1.405200000000e-01	0	8.058610000000e-03	7.331262610000e-02	3.943146850000e-05	6.212880000000e-06
100	-1.413300000000e-01	0	8.043350000000e-03	7.791450020000e-02	3.805967180000e-05	6.080630000000e-06
100	-1.421600000000e-01	0	8.057650000000e-03	7.465406030000e-02	3.805967180000e-05	6.198910000000e-06
100	-1.430600000000e-01	0	8.051930000000e-03	7.738748350000e-02	4.148916360000e-05	6.085290000000e-06
100	-1.439600000000e-01	0	8.060510000000e-03	7.596917830000e-02	3.874557010000e-05	6.337680000000e-06
100	-1.448400000000e-01	0	8.052890000000e-03	7.824068270000e-02	4.286096040000e-05	6.414980000000e-06
100	-1.457200000000e-01	0	8.061470000000e-03	7.493245810000e-02	3.737377340000e-05	6.411250000000e-06
100	-1.465800000000e-01	0	8.063380000000e-03	7.800383680000e-02	4.217506200000e-05	6.461550000000e-06
100	-1.474900000000e-01	0	8.067190000000e-03	7.614854400000e-02	4.148916360000e-05	6.473650000000e-06
100	-1.483600000000e-01	0	8.079590000000e-03	7.848237630000e-02	4.286096040000e-05	6.482030000000e-06
100	-1.492200000000e-01	0	8.075770000000e-03	7.809594350000e-02	3.805967180000e-05	6.353510000000e-06
100	-1.500900000000e-01	0	8.074820000000e-03	7.747197240000e-02	4.080326530000e-05	6.441060000000e-06
100	-1.509800000000e-01	0	8.081500000000e-03	7.868805830000e-02	3.943146850000e-05	6.381450000000e-06
100	-1.518600000000e-01	0	8.083400000000e-03	7.669010390000e-02	3.805967180000e-05	6.430810000000e-06
100	-1.527200000000e-01	0	8.089130000000e-03	7.754330310000e-02	3.668787500000e-05	6.526740000000e-06
100	-1.535200000000e-01	0	8.096750000000e-03	7.433411060000e-02	3.805967180000e-05	6.588200000000e-06
100	-1.543900000000e-01	0	8.100570000000e-03	7.555158160000e-02	3.805967180000e-05	6.579820000000e-06
100	-1.552600000000e-01	0	8.125360000000e-03	7.479949200000e-02	4.011736690000e-05	6.482030000000e-06
100	-1.561600000000e-01	0	8.107240000000e-03	7.460212040000e-02	4.286096040000e-05	6.654330000000e-06
100	-1.570200000000e-01	0	8.116780000000e-03	7.683761320000e-02	4.697635060000e-05	6.618010000000e-06
100	-1.579100000000e-01	0	8.177820000000e-03	7.464990510000e-02	3.737377340000e-05	6.532330000000e-06
100	-1.588300000000e-01	0	8.133950000000e-03	7.800591440000e-02	4.423275710000e-05	6.523010000000e-06
100	-1.596800000000e-01	0	8.123460000000e-03	7.573579500000e-02	4.217506200000e-05	6.703690000000e-06
100	-1.605600000000e-01	0	8.130130000000e-03	7.891867140000e-02	4.834814740000e-05	6.679470000000e-06
100	-1.614100000000e-01	0	8.143480000000e-03	7.689440080000e-02	4.423275710000e-05	6.503450000000e-06
100	-1.623100000000e-01	0	8.165420000000e-03	7.908280140000e-02	4.491865550000e-05	6.686930000000e-06
100	-1.630800000000e-01	0	8.140620000000e-03	7.899207980000e-02	4.286096040000e-05	6.695310000000e-06
100	-1.639600000000e-01	0	8.154930000000e-03	7.794150890000e-02	4.903404570000e-05	6.794960000000e-06
100	-1.648300000000e-01	0	8.167330000000e-03	7.886049870000e-02	4.629045220000e-05	6.788440000000e-06
100	-1.657700000000e-01	0	8.156840000000e-03	7.555919940000e-02	4.011736690000e-05	6.812650000000e-06
100	-1.666200000000e-01	0	8.160650000000e-03	7.672819320000e-02	3.805967180000e-05	6.929070000000e-06
100	-1.674700000000e-01	0	8.152070000000e-03	7.509797320000e-02	4.217506200000e-05	6.780060000000e-06
100	-1.683700000000e-01	0	8.158740000000e-03	7.506680930000e-02	4.629045220000e-05	6.927210000000e-06
100	-1.692200000000e-01	0	8.160650000000e-03	7.687985760000e-02	4.423275710000e-05	6.959800000000e-06
100	-1.701000000000e-01	0	8.164470000000e-03	7.515822350000e-02	4.286096040000e-05	7.044550000000e-06
100	-1.710300000000e-01	0	8.200710000000e-03	7.797544300000e-02	4.903404570000e-05	6.870400000000e-06
100	-1.719000000000e-01	0	8.182590000000e-03	7.537775610000e-02	4.148916360000e-05	7.206600000000e-06
100	-1.727800000000e-01	0	8.205470000000e-03	7.955233800000e-02	4.697635060000e-05	7.061320000000e-06
100	-1.736500000000e-01	0	8.205470000000e-03	7.685423400000e-02	4.903404570000e-05	7.118130000000e-06
100	-1.744300000000e-01	0	8.188310000000e-03	7.888750740000e-02	4.217506200000e-05	7.148860000000e-06
100	-1.753000000000e-01	0	8.234080000000e-03	7.570324600000e-02	4.629045220000e-05	7.148860000000e-06
100	-1.761700000000e-01	0	8.194030000000e-03	7.916936790000e-02	4.697635060000e-05	7.195430000000e-06
100	-1.770300000000e-01	0	8.209290000000e-03	7.575518590000e-02	4.629045220000e-05	6.948630000000e-06
100	-1.779400000000e-01	0	8.215960000000e-03	7.813472530000e-02	4.217506200000e-05	7.005440000000e-06
100	-1.788000000000e-01	0	8.217870000000e-03	7.536944570000e-02	4.903404570000e-05	7.012890000000e-06
100	-1.797100000000e-01	0	8.218820000000e-03	7.584729270000e-02	4.491865550000e-05	7.106020000000e-06
100	-1.805800000000e-01	0	8.249340000000e-03	7.744842630000e-02	4.217506200000e-05	6.986810000000e-06
100	-1.814600000000e-01	0	8.227410000000e-03	7.520185300000e-02	4.286096040000e-05	6.928140000000e-06
100	-1.823300000000e-01	0	8.232180000000e-03	7.731338260000e-02	4.560455390000e-05	6.855490000000e-06
100	-1.831800000000e-01	0	8.232180000000e-03	7.612984560000e-02	4.766224900000e-05	6.844320000000e-06
100	-1.841000000000e-01	0	8.238850000000e-03	7.942698970000e-02	4.629045220000e-05	6.917890000000e-06
100	-1.849700000000e-01	0	8.242670000000e-03	7.852808340000e-02	4.971994410000e-05	6.794030000000e-06
100	-1.858500000000e-01	0	8.246480000000e-03	7.931410710000e-02	4.903404570000e-05	6.619870000000e-06
100	-1.866100000000e-01	0	8.255060000000e-03	7.964721490000e-02	4.903404570000e-05	6.738150000000e-06
100	-1.875100000000e-01	0	8.244570000000e-03	7.605643730000e-02	5.177763920000e-05	6.746530000000e-06
100	-1.883600000000e-01	0	8.244570000000e-03	7.811117920000e-02	5.040584250000e-05	6.797750000000e-06
100	-1.892200000000e-01	0	8.248390000000e-03	7.524340490000e-02	4.834814740000e-05	6.674820000000e-06
100	-1.901400000000e-01	0	8.282720000000e-03	7.719772970000e-02	5.109174090000e-05	6.570510000000e-06
100	-1.910200000000e-01	0	8.284630000000e-03	7.550102670000e-02	4.766224900000e-05	6.562130000000e-06
100	-1.918800000000e-01	0	8.247440000000e-03	7.588815200000e-02	4.560455390000e-05	6.562130000000e-06
100	-1.927900000000e-01	0	8.259830000000e-03	7.610214440000e-02	4.971994410000e-05	6.431740000000e-06
100	-1.936500000000e-01	0	8.256020000000e-03	7.529257460000e-02	4.629045220000e-05	6.381450000000e-06
100	-1.945300000000e-01	0	8.274140000000e-03	7.817973990000e-02	4.491865550000e-05	6.453160000000e-06
100	-1.953900000000e-01	0	8.256020000000e-03	7.578080960000e-02	4.971994410000e-05	6.376790000000e-06
100	-1.962900000000e-01	0	8.274140000000e-03	7.903155410000e-02	4.766224900000e-05	6.405670000000e-06
100	-1.971800000000e-01	0	8.246480000000e-03	7.679190610000e-02	5.452123270000e-05	6.311600000000e-06
100	-1.980600000000e-01	0	8.244570000000e-03	7.965968040000e-02	5.314943600000e-05	6.401010000000e-06
100	-1.988500000000e-01	0	8.261740000000e-03	7.807516760000e-02	5.520713110000e-05	6.461550000000e-06
100	-1.995700000000e-01	0	8.250300000000e-03	7.958003930000e-02	5.177763920000e-05	6.574240000000e-06
100	-1.998200000000e-01	0	8.247440000000e-03	7.612569050000e-02	4.766224900000e-05	6.400080000000e-06
100	-1.999400000000e-01	0	8.248390000000e-03	7.724274430000e-02	5.314943600000e-05	6.383310000000e-06

