# Filename: data_870.dat
# Timestamp: Thu Sep 05 17:41:13 2019

# Column 1:
#	end: -0.2
#	name: IPS120-10 (swept B(T))
#	size: 2
#	start: 0.2
#	type: coordinate
# Column 2:
#	end: 0
#	name: y_parameter (none)
#	size: 1
#	start: 0
#	type: coordinate
# Column 3:
#	end: 0
#	name: z_parameter (none)
#	size: 1
#	start: 0
#	type: coordinate
# Column 4:
#	name: lockin 1
#	type: value
# Column 5:
#	name: Keithley 1
#	type: value
# Column 6:
#	name: Keithley 2
#	type: value
# Column 7:
#	name: processed dIdV
#	type: value

200	1.997300000000e-01	0	0.000000000000e+00	2.191721570000e-01	-8.677404830000e-05	0.000000000000e+00
200	1.990200000000e-01	0	0.000000000000e+00	2.191195250000e-01	-9.020354950000e-05	0.000000000000e+00
200	1.983200000000e-01	0	0.000000000000e+00	2.192240970000e-01	-8.677404830000e-05	0.000000000000e+00
200	1.975000000000e-01	0	0.000000000000e+00	2.193023530000e-01	-8.677404830000e-05	0.000000000000e+00
200	1.966600000000e-01	0	0.000000000000e+00	2.193411340000e-01	-8.608814810000e-05	0.000000000000e+00
200	1.957500000000e-01	0	6.103560000000e-05	2.192192490000e-01	-8.745994860000e-05	0.000000000000e+00
200	1.948700000000e-01	0	0.000000000000e+00	2.192178640000e-01	-8.745994860000e-05	0.000000000000e+00
200	1.941000000000e-01	0	6.103560000000e-05	2.192857320000e-01	-8.060094640000e-05	0.000000000000e+00
200	1.932300000000e-01	0	6.103560000000e-05	2.193819940000e-01	-8.814584880000e-05	0.000000000000e+00
200	1.923300000000e-01	0	6.103560000000e-05	2.193826860000e-01	-8.608814810000e-05	0.000000000000e+00
200	1.914600000000e-01	0	6.103560000000e-05	2.193203590000e-01	-8.540224790000e-05	0.000000000000e+00
200	1.905800000000e-01	0	6.103560000000e-05	2.193632950000e-01	-8.197274680000e-05	0.000000000000e+00
200	1.896900000000e-01	0	0.000000000000e+00	2.195495860000e-01	-8.265864700000e-05	0.000000000000e+00
200	1.889300000000e-01	0	0.000000000000e+00	2.195142670000e-01	-8.540224790000e-05	0.000000000000e+00
200	1.880800000000e-01	0	6.103560000000e-05	2.188141200000e-01	-8.197274680000e-05	0.000000000000e+00
200	1.871900000000e-01	0	0.000000000000e+00	2.195918300000e-01	-8.540224790000e-05	0.000000000000e+00
200	1.863000000000e-01	0	0.000000000000e+00	2.195585890000e-01	-8.677404830000e-05	0.000000000000e+00
200	1.854200000000e-01	0	0.000000000000e+00	2.196957090000e-01	-8.608814810000e-05	0.000000000000e+00
200	1.845500000000e-01	0	6.103560000000e-05	2.193660650000e-01	-8.540224790000e-05	0.000000000000e+00
200	1.837700000000e-01	0	0.000000000000e+00	2.197753500000e-01	-8.403044750000e-05	0.000000000000e+00
200	1.828900000000e-01	0	0.000000000000e+00	2.196984790000e-01	-8.883174900000e-05	0.000000000000e+00
200	1.819900000000e-01	0	6.103560000000e-05	2.197628850000e-01	-8.403044750000e-05	0.000000000000e+00
200	1.811400000000e-01	0	0.000000000000e+00	2.186569160000e-01	-8.540224790000e-05	0.000000000000e+00
200	1.802500000000e-01	0	0.000000000000e+00	2.199429420000e-01	-8.745994860000e-05	0.000000000000e+00
200	1.793700000000e-01	0	6.103560000000e-05	2.198972350000e-01	-8.814584880000e-05	0.000000000000e+00
200	1.785000000000e-01	0	6.103560000000e-05	2.198037440000e-01	-9.363305060000e-05	0.000000000000e+00
200	1.777100000000e-01	0	0.000000000000e+00	2.201243850000e-01	-8.814584880000e-05	0.000000000000e+00
200	1.768500000000e-01	0	0.000000000000e+00	2.199581780000e-01	-8.883174900000e-05	0.000000000000e+00
200	1.759700000000e-01	0	6.103560000000e-05	2.200419740000e-01	-9.500485100000e-05	0.000000000000e+00
200	1.751000000000e-01	0	0.000000000000e+00	2.200426660000e-01	-9.020354950000e-05	0.000000000000e+00
200	1.741900000000e-01	0	0.000000000000e+00	2.199969600000e-01	-9.088944970000e-05	0.000000000000e+00
200	1.734100000000e-01	0	6.103560000000e-05	2.187871110000e-01	-8.814584880000e-05	0.000000000000e+00
200	1.725400000000e-01	0	6.103560000000e-05	2.202705090000e-01	-8.883174900000e-05	0.000000000000e+00
200	1.716900000000e-01	0	6.103560000000e-05	2.201887900000e-01	-8.677404830000e-05	0.000000000000e+00
200	1.707800000000e-01	0	0.000000000000e+00	2.202005630000e-01	-8.677404830000e-05	0.000000000000e+00
200	1.699200000000e-01	0	0.000000000000e+00	2.202518100000e-01	-8.197274680000e-05	0.000000000000e+00
200	1.690300000000e-01	0	6.103560000000e-05	2.201721690000e-01	-8.540224790000e-05	0.000000000000e+00
200	1.681300000000e-01	0	0.000000000000e+00	2.203501490000e-01	-7.922914590000e-05	0.000000000000e+00
200	1.673900000000e-01	0	0.000000000000e+00	2.204221720000e-01	-8.403044750000e-05	0.000000000000e+00
200	1.665400000000e-01	0	0.000000000000e+00	2.202905920000e-01	-8.540224790000e-05	0.000000000000e+00
200	1.656000000000e-01	0	0.000000000000e+00	2.202850520000e-01	-8.814584880000e-05	0.000000000000e+00
200	1.647500000000e-01	0	0.000000000000e+00	2.203439170000e-01	-8.128684660000e-05	0.000000000000e+00
200	1.638700000000e-01	0	6.103560000000e-05	2.203778510000e-01	-8.403044750000e-05	0.000000000000e+00
200	1.629700000000e-01	0	0.000000000000e+00	2.203653850000e-01	-7.991504610000e-05	0.000000000000e+00
200	1.622000000000e-01	0	6.103560000000e-05	2.203633080000e-01	-8.403044750000e-05	0.000000000000e+00
200	1.613400000000e-01	0	6.103560000000e-05	2.194387810000e-01	-8.540224790000e-05	0.000000000000e+00
200	1.604700000000e-01	0	0.000000000000e+00	2.204845000000e-01	-8.883174900000e-05	0.000000000000e+00
200	1.595700000000e-01	0	0.000000000000e+00	2.204969660000e-01	-8.745994860000e-05	0.000000000000e+00
200	1.586900000000e-01	0	0.000000000000e+00	2.206894890000e-01	-8.471634770000e-05	0.000000000000e+00
200	1.578200000000e-01	0	0.000000000000e+00	2.203342210000e-01	-8.403044750000e-05	0.000000000000e+00
200	1.569400000000e-01	0	6.103560000000e-05	2.204138620000e-01	-8.608814810000e-05	0.000000000000e+00
200	1.561400000000e-01	0	6.103560000000e-05	2.203660780000e-01	-8.334454720000e-05	0.000000000000e+00
200	1.552800000000e-01	0	6.103560000000e-05	2.204048590000e-01	-8.060094640000e-05	0.000000000000e+00
200	1.543900000000e-01	0	0.000000000000e+00	2.204180170000e-01	-7.991504610000e-05	0.000000000000e+00
200	1.535100000000e-01	0	1.220710000000e-04	2.203882390000e-01	-8.197274680000e-05	0.000000000000e+00
200	1.526400000000e-01	0	6.103560000000e-05	2.205371320000e-01	-8.403044750000e-05	0.000000000000e+00
200	1.517800000000e-01	0	0.000000000000e+00	2.205253590000e-01	-8.060094640000e-05	0.000000000000e+00
200	1.508900000000e-01	0	6.103560000000e-05	2.203529200000e-01	-7.922914590000e-05	0.000000000000e+00
200	1.501100000000e-01	0	0.000000000000e+00	2.204097070000e-01	-8.197274680000e-05	0.000000000000e+00
200	1.492200000000e-01	0	6.103560000000e-05	2.204907330000e-01	-8.128684660000e-05	0.000000000000e+00
200	1.483400000000e-01	0	6.103560000000e-05	2.204464110000e-01	-8.403044750000e-05	0.000000000000e+00
200	1.474700000000e-01	0	6.103560000000e-05	2.203259110000e-01	-7.854324570000e-05	0.000000000000e+00
200	1.465800000000e-01	0	6.103560000000e-05	2.203965490000e-01	-8.745994860000e-05	0.000000000000e+00
200	1.457000000000e-01	0	0.000000000000e+00	2.204436410000e-01	-7.991504610000e-05	0.000000000000e+00
200	1.448400000000e-01	0	0.000000000000e+00	2.205322850000e-01	-8.403044750000e-05	0.000000000000e+00
200	1.440600000000e-01	0	6.103560000000e-05	2.204166320000e-01	-8.334454720000e-05	0.000000000000e+00
200	1.432000000000e-01	0	6.103560000000e-05	2.204027820000e-01	-8.677404830000e-05	0.000000000000e+00
200	1.423100000000e-01	0	6.103560000000e-05	2.203633080000e-01	-8.197274680000e-05	0.000000000000e+00
200	1.414200000000e-01	0	6.103560000000e-05	2.201624740000e-01	-8.745994860000e-05	0.000000000000e+00
200	1.405400000000e-01	0	6.103560000000e-05	2.204187100000e-01	-8.745994860000e-05	0.000000000000e+00
200	1.396900000000e-01	0	0.000000000000e+00	2.204173250000e-01	-8.403044750000e-05	0.000000000000e+00
200	1.388000000000e-01	0	0.000000000000e+00	2.194588640000e-01	-7.922914590000e-05	0.000000000000e+00
200	1.380200000000e-01	0	0.000000000000e+00	2.203182930000e-01	-8.334454720000e-05	0.000000000000e+00
200	1.371500000000e-01	0	6.103560000000e-05	2.203245260000e-01	-8.403044750000e-05	0.000000000000e+00
200	1.362500000000e-01	0	0.000000000000e+00	2.202081810000e-01	-7.922914590000e-05	0.000000000000e+00
200	1.354000000000e-01	0	6.103560000000e-05	2.200814480000e-01	-8.265864700000e-05	0.000000000000e+00
200	1.344900000000e-01	0	6.103560000000e-05	2.200585950000e-01	-8.128684660000e-05	0.000000000000e+00
200	1.336400000000e-01	0	0.000000000000e+00	2.201320030000e-01	-8.197274680000e-05	0.000000000000e+00
200	1.327400000000e-01	0	6.103560000000e-05	2.190004100000e-01	-8.540224790000e-05	0.000000000000e+00
200	1.319500000000e-01	0	6.103560000000e-05	2.194927980000e-01	-8.540224790000e-05	0.000000000000e+00
200	1.310700000000e-01	0	6.103560000000e-05	2.199941890000e-01	-8.608814810000e-05	0.000000000000e+00
200	1.302200000000e-01	0	6.103560000000e-05	2.200620570000e-01	-8.677404830000e-05	0.000000000000e+00
200	1.293300000000e-01	0	6.103560000000e-05	2.200371260000e-01	-8.471634770000e-05	0.000000000000e+00
200	1.284500000000e-01	0	6.103560000000e-05	2.199062380000e-01	-7.922914590000e-05	0.000000000000e+00
200	1.276100000000e-01	0	0.000000000000e+00	2.198252120000e-01	-8.197274680000e-05	0.000000000000e+00
200	1.267100000000e-01	0	0.000000000000e+00	2.197691170000e-01	-8.334454720000e-05	0.000000000000e+00
200	1.258900000000e-01	0	6.103560000000e-05	2.198951580000e-01	-8.128684660000e-05	0.000000000000e+00
200	1.250600000000e-01	0	6.103560000000e-05	2.197490340000e-01	-8.334454720000e-05	0.000000000000e+00
200	1.241700000000e-01	0	0.000000000000e+00	2.196188390000e-01	-8.060094640000e-05	0.000000000000e+00
200	1.232500000000e-01	0	0.000000000000e+00	2.196673160000e-01	-7.922914590000e-05	0.000000000000e+00
200	1.224100000000e-01	0	0.000000000000e+00	2.197019420000e-01	-8.814584880000e-05	0.000000000000e+00
200	1.215100000000e-01	0	0.000000000000e+00	2.196617750000e-01	-8.540224790000e-05	0.000000000000e+00
200	1.206300000000e-01	0	6.103560000000e-05	2.185163320000e-01	-7.648554500000e-05	0.000000000000e+00
200	1.198700000000e-01	0	6.103560000000e-05	2.194470910000e-01	-8.265864700000e-05	0.000000000000e+00
200	1.190100000000e-01	0	6.103560000000e-05	2.195260400000e-01	-8.403044750000e-05	0.000000000000e+00
200	1.181000000000e-01	0	6.103560000000e-05	2.194893360000e-01	-8.128684660000e-05	0.000000000000e+00
200	1.172200000000e-01	0	0.000000000000e+00	2.193674510000e-01	-8.334454720000e-05	0.000000000000e+00
200	1.163600000000e-01	0	6.103560000000e-05	2.192753440000e-01	-8.334454720000e-05	0.000000000000e+00
200	1.154800000000e-01	0	0.000000000000e+00	2.193459820000e-01	-8.540224790000e-05	0.000000000000e+00
200	1.146000000000e-01	0	6.103560000000e-05	2.193439050000e-01	-8.677404830000e-05	0.000000000000e+00
200	1.138200000000e-01	0	1.220710000000e-04	2.191749270000e-01	-7.991504610000e-05	0.000000000000e+00
200	1.129400000000e-01	0	6.103560000000e-05	2.192289450000e-01	-8.403044750000e-05	0.000000000000e+00
200	1.121000000000e-01	0	0.000000000000e+00	2.191908560000e-01	-8.608814810000e-05	0.000000000000e+00
200	1.111700000000e-01	0	6.103560000000e-05	2.192476430000e-01	-8.334454720000e-05	0.000000000000e+00
200	1.103200000000e-01	0	0.000000000000e+00	2.191347610000e-01	-8.265864700000e-05	0.000000000000e+00
200	1.094100000000e-01	0	0.000000000000e+00	2.191389160000e-01	-8.060094640000e-05	0.000000000000e+00
200	1.085500000000e-01	0	0.000000000000e+00	2.190142610000e-01	-8.265864700000e-05	0.000000000000e+00
200	1.077400000000e-01	0	6.103560000000e-05	2.190488870000e-01	-7.922914590000e-05	0.000000000000e+00
200	1.069000000000e-01	0	0.000000000000e+00	2.190045650000e-01	-8.128684660000e-05	0.000000000000e+00
200	1.060200000000e-01	0	0.000000000000e+00	2.192836540000e-01	-8.471634770000e-05	0.000000000000e+00
200	1.051200000000e-01	0	6.103560000000e-05	2.188134270000e-01	-8.677404830000e-05	0.000000000000e+00
200	1.042400000000e-01	0	6.103560000000e-05	2.188591340000e-01	-8.060094640000e-05	0.000000000000e+00
200	1.033900000000e-01	0	6.103560000000e-05	2.188009620000e-01	-8.060094640000e-05	0.000000000000e+00
200	1.025100000000e-01	0	6.103560000000e-05	2.181084320000e-01	-8.608814810000e-05	0.000000000000e+00
200	1.017200000000e-01	0	0.000000000000e+00	2.186721510000e-01	-8.060094640000e-05	0.000000000000e+00
200	1.008600000000e-01	0	0.000000000000e+00	2.186146710000e-01	-8.471634770000e-05	0.000000000000e+00
200	9.997000000000e-02	0	0.000000000000e+00	2.186873870000e-01	-8.677404830000e-05	0.000000000000e+00
200	9.909000000000e-02	0	0.000000000000e+00	2.186153640000e-01	-8.265864700000e-05	0.000000000000e+00
200	9.822000000000e-02	0	0.000000000000e+00	2.186049760000e-01	-8.334454720000e-05	0.000000000000e+00
200	9.732000000000e-02	0	0.000000000000e+00	2.186139790000e-01	-8.608814810000e-05	0.000000000000e+00
200	9.644000000000e-02	0	0.000000000000e+00	2.186548380000e-01	-8.403044750000e-05	0.000000000000e+00
200	9.564000000000e-02	0	6.103560000000e-05	2.186368320000e-01	-8.334454720000e-05	0.000000000000e+00
200	9.482000000000e-02	0	0.000000000000e+00	2.185412630000e-01	-8.334454720000e-05	0.000000000000e+00
200	9.390000000000e-02	0	6.103560000000e-05	2.184297660000e-01	-8.677404830000e-05	0.000000000000e+00
200	9.303000000000e-02	0	6.103560000000e-05	2.178515040000e-01	-8.197274680000e-05	0.000000000000e+00
200	9.215000000000e-02	0	6.103560000000e-05	2.185218720000e-01	-8.265864700000e-05	0.000000000000e+00
200	9.127000000000e-02	0	6.103560000000e-05	2.186063610000e-01	-8.745994860000e-05	0.000000000000e+00
200	9.052000000000e-02	0	0.000000000000e+00	2.184353060000e-01	-9.088944970000e-05	0.000000000000e+00
200	8.959000000000e-02	0	0.000000000000e+00	2.183148060000e-01	-8.814584880000e-05	0.000000000000e+00
200	8.876000000000e-02	0	6.103560000000e-05	2.184491570000e-01	-8.334454720000e-05	0.000000000000e+00
200	8.792000000000e-02	0	0.000000000000e+00	2.184782430000e-01	-8.608814810000e-05	0.000000000000e+00
200	8.695000000000e-02	0	6.103560000000e-05	2.184941710000e-01	-8.403044750000e-05	0.000000000000e+00
200	8.612000000000e-02	0	6.103560000000e-05	2.183369670000e-01	-8.471634770000e-05	0.000000000000e+00
200	8.524000000000e-02	0	6.103560000000e-05	2.182178520000e-01	-8.540224790000e-05	0.000000000000e+00
200	8.447000000000e-02	0	0.000000000000e+00	2.184609300000e-01	-8.677404830000e-05	0.000000000000e+00
200	8.358000000000e-02	0	6.103560000000e-05	2.184533120000e-01	-8.471634770000e-05	0.000000000000e+00
200	8.268000000000e-02	0	6.103560000000e-05	2.183715930000e-01	-8.540224790000e-05	0.000000000000e+00
200	8.183000000000e-02	0	6.103560000000e-05	2.183729790000e-01	-8.608814810000e-05	0.000000000000e+00
200	8.093000000000e-02	0	0.000000000000e+00	2.184969410000e-01	-8.814584880000e-05	0.000000000000e+00
200	8.008000000000e-02	0	6.103560000000e-05	2.184235330000e-01	-8.677404830000e-05	0.000000000000e+00
200	7.919000000000e-02	0	6.103560000000e-05	2.178778200000e-01	-8.265864700000e-05	0.000000000000e+00
200	7.842000000000e-02	0	0.000000000000e+00	2.184193780000e-01	-8.334454720000e-05	0.000000000000e+00
200	7.749000000000e-02	0	6.103560000000e-05	2.175093950000e-01	-8.265864700000e-05	0.000000000000e+00
200	7.665000000000e-02	0	0.000000000000e+00	2.184671630000e-01	-8.265864700000e-05	0.000000000000e+00
200	7.575000000000e-02	0	0.000000000000e+00	2.184671630000e-01	-8.403044750000e-05	0.000000000000e+00
200	7.488000000000e-02	0	6.103560000000e-05	2.185114840000e-01	-8.677404830000e-05	0.000000000000e+00
200	7.399000000000e-02	0	6.103560000000e-05	2.183175760000e-01	-8.883174900000e-05	0.000000000000e+00
200	7.313000000000e-02	0	6.103560000000e-05	2.186673030000e-01	-8.814584880000e-05	0.000000000000e+00
200	7.237000000000e-02	0	6.103560000000e-05	2.186783840000e-01	-8.334454720000e-05	0.000000000000e+00
200	7.147000000000e-02	0	0.000000000000e+00	2.185433410000e-01	-8.471634770000e-05	0.000000000000e+00
200	7.059000000000e-02	0	0.000000000000e+00	2.186527600000e-01	-8.814584880000e-05	0.000000000000e+00
200	6.971000000000e-02	0	0.000000000000e+00	2.186922350000e-01	-8.403044750000e-05	0.000000000000e+00
200	6.884000000000e-02	0	6.103560000000e-05	2.188044240000e-01	-8.608814810000e-05	0.000000000000e+00
200	6.794000000000e-02	0	0.000000000000e+00	2.187621800000e-01	-8.677404830000e-05	0.000000000000e+00
200	6.721000000000e-02	0	0.000000000000e+00	2.183355820000e-01	-8.265864700000e-05	0.000000000000e+00
200	6.631000000000e-02	0	6.103560000000e-05	2.187753380000e-01	-8.334454720000e-05	0.000000000000e+00
200	6.544000000000e-02	0	0.000000000000e+00	2.188570560000e-01	-8.540224790000e-05	0.000000000000e+00
200	6.455000000000e-02	0	0.000000000000e+00	2.189761710000e-01	-9.020354950000e-05	0.000000000000e+00
200	6.367000000000e-02	0	0.000000000000e+00	2.188902980000e-01	-8.608814810000e-05	0.000000000000e+00
200	6.289000000000e-02	0	0.000000000000e+00	2.188736770000e-01	-8.540224790000e-05	0.000000000000e+00
200	6.201000000000e-02	0	6.103560000000e-05	2.189346200000e-01	-8.677404830000e-05	0.000000000000e+00
200	6.118000000000e-02	0	0.000000000000e+00	2.189415450000e-01	-8.471634770000e-05	0.000000000000e+00
200	6.028000000000e-02	0	6.103560000000e-05	2.191126000000e-01	-8.608814810000e-05	0.000000000000e+00
200	5.936000000000e-02	0	0.000000000000e+00	2.190821280000e-01	-8.677404830000e-05	0.000000000000e+00
200	5.850000000000e-02	0	0.000000000000e+00	2.190800510000e-01	-8.265864700000e-05	0.000000000000e+00
200	5.765000000000e-02	0	0.000000000000e+00	2.191465340000e-01	-8.540224790000e-05	0.000000000000e+00
200	5.685000000000e-02	0	6.103560000000e-05	2.192469500000e-01	-8.540224790000e-05	0.000000000000e+00
200	5.597000000000e-02	0	6.103560000000e-05	2.192961200000e-01	-8.677404830000e-05	0.000000000000e+00
200	5.508000000000e-02	0	0.000000000000e+00	2.193196660000e-01	-8.334454720000e-05	0.000000000000e+00
200	5.421000000000e-02	0	0.000000000000e+00	2.192157870000e-01	-8.403044750000e-05	0.000000000000e+00
200	5.331000000000e-02	0	6.103560000000e-05	2.184837830000e-01	-8.745994860000e-05	0.000000000000e+00
200	5.258000000000e-02	0	6.103560000000e-05	2.193903040000e-01	-8.745994860000e-05	0.000000000000e+00
200	5.169000000000e-02	0	0.000000000000e+00	2.195329650000e-01	-8.677404830000e-05	0.000000000000e+00
200	5.082000000000e-02	0	0.000000000000e+00	2.196119130000e-01	-8.540224790000e-05	0.000000000000e+00
200	4.994000000000e-02	0	0.000000000000e+00	2.195523560000e-01	-8.745994860000e-05	0.000000000000e+00
200	4.905000000000e-02	0	6.103560000000e-05	2.189228470000e-01	-8.608814810000e-05	0.000000000000e+00
200	4.817000000000e-02	0	6.103560000000e-05	2.196590050000e-01	-8.608814810000e-05	0.000000000000e+00
200	4.734000000000e-02	0	6.103560000000e-05	2.192538760000e-01	-8.677404830000e-05	0.000000000000e+00
200	4.651000000000e-02	0	0.000000000000e+00	2.197829680000e-01	-8.334454720000e-05	0.000000000000e+00
200	4.568000000000e-02	0	0.000000000000e+00	2.198923880000e-01	-8.471634770000e-05	0.000000000000e+00
200	4.476000000000e-02	0	0.000000000000e+00	2.199921120000e-01	-8.540224790000e-05	0.000000000000e+00
200	4.385000000000e-02	0	0.000000000000e+00	2.201112270000e-01	-8.265864700000e-05	0.000000000000e+00
200	4.303000000000e-02	0	0.000000000000e+00	2.201971000000e-01	-8.540224790000e-05	0.000000000000e+00
200	4.212000000000e-02	0	6.103560000000e-05	2.202220320000e-01	-8.540224790000e-05	0.000000000000e+00
200	4.134000000000e-02	0	0.000000000000e+00	2.202601210000e-01	-8.334454720000e-05	0.000000000000e+00
200	4.049000000000e-02	0	0.000000000000e+00	2.203501490000e-01	-8.883174900000e-05	0.000000000000e+00
200	3.960000000000e-02	0	6.103560000000e-05	2.205163560000e-01	-8.883174900000e-05	0.000000000000e+00
200	3.870000000000e-02	0	0.000000000000e+00	2.206105400000e-01	-8.334454720000e-05	0.000000000000e+00
200	3.781000000000e-02	0	6.103560000000e-05	2.205592930000e-01	-8.814584880000e-05	0.000000000000e+00
200	3.696000000000e-02	0	0.000000000000e+00	2.205980750000e-01	-8.471634770000e-05	0.000000000000e+00
200	3.620000000000e-02	0	6.103560000000e-05	2.206735610000e-01	-8.540224790000e-05	0.000000000000e+00
200	3.527000000000e-02	0	0.000000000000e+00	2.203979340000e-01	-8.540224790000e-05	0.000000000000e+00
200	3.439000000000e-02	0	6.103560000000e-05	2.209526500000e-01	-8.197274680000e-05	0.000000000000e+00
200	3.354000000000e-02	0	0.000000000000e+00	2.209914320000e-01	-8.677404830000e-05	0.000000000000e+00
200	3.266000000000e-02	0	6.103560000000e-05	2.210565290000e-01	-8.403044750000e-05	0.000000000000e+00
200	3.178000000000e-02	0	0.000000000000e+00	2.210925410000e-01	-8.403044750000e-05	0.000000000000e+00
200	3.102000000000e-02	0	6.103560000000e-05	2.212192740000e-01	-8.540224790000e-05	0.000000000000e+00
200	3.011000000000e-02	0	0.000000000000e+00	2.213917130000e-01	-8.677404830000e-05	0.000000000000e+00
200	2.922000000000e-02	0	6.103560000000e-05	2.214021010000e-01	-8.128684660000e-05	0.000000000000e+00
200	2.836000000000e-02	0	6.103560000000e-05	2.214104120000e-01	-8.265864700000e-05	0.000000000000e+00
200	2.749000000000e-02	0	6.103560000000e-05	2.215274490000e-01	-8.745994860000e-05	0.000000000000e+00
200	2.660000000000e-02	0	0.000000000000e+00	2.216271730000e-01	-8.745994860000e-05	0.000000000000e+00
200	2.584000000000e-02	0	0.000000000000e+00	2.217746820000e-01	-8.540224790000e-05	0.000000000000e+00
200	2.494000000000e-02	0	6.103560000000e-05	2.218051530000e-01	-8.128684660000e-05	0.000000000000e+00
200	2.410000000000e-02	0	6.103560000000e-05	2.219055700000e-01	-8.265864700000e-05	0.000000000000e+00
200	2.318000000000e-02	0	0.000000000000e+00	2.219672050000e-01	-8.471634770000e-05	0.000000000000e+00
200	2.233000000000e-02	0	0.000000000000e+00	2.220807800000e-01	-9.020354950000e-05	0.000000000000e+00
200	2.145000000000e-02	0	0.000000000000e+00	2.222033580000e-01	-8.608814810000e-05	0.000000000000e+00
200	2.067000000000e-02	0	6.103560000000e-05	2.222400620000e-01	-8.883174900000e-05	0.000000000000e+00
200	1.978000000000e-02	0	0.000000000000e+00	2.223508660000e-01	-8.814584880000e-05	0.000000000000e+00
200	1.893000000000e-02	0	0.000000000000e+00	2.224228890000e-01	-8.677404830000e-05	0.000000000000e+00
200	1.806000000000e-02	0	0.000000000000e+00	2.225503150000e-01	-8.677404830000e-05	0.000000000000e+00
200	1.717000000000e-02	0	6.103560000000e-05	2.226244150000e-01	-8.197274680000e-05	0.000000000000e+00
200	1.626000000000e-02	0	6.103560000000e-05	2.224672110000e-01	-8.403044750000e-05	0.000000000000e+00
200	1.550000000000e-02	0	6.103560000000e-05	2.227733090000e-01	-8.265864700000e-05	0.000000000000e+00
200	1.461000000000e-02	0	0.000000000000e+00	2.230274670000e-01	-8.060094640000e-05	0.000000000000e+00
200	1.375000000000e-02	0	6.103560000000e-05	2.230766370000e-01	-8.608814810000e-05	0.000000000000e+00
200	1.285000000000e-02	0	0.000000000000e+00	2.226784330000e-01	-7.991504610000e-05	0.000000000000e+00
200	1.197000000000e-02	0	0.000000000000e+00	2.231985220000e-01	-8.265864700000e-05	0.000000000000e+00
200	1.109000000000e-02	0	0.000000000000e+00	2.232234530000e-01	-8.403044750000e-05	0.000000000000e+00
200	1.032000000000e-02	0	6.103560000000e-05	2.233432610000e-01	-8.334454720000e-05	0.000000000000e+00
200	9.440000000000e-03	0	0.000000000000e+00	2.235510190000e-01	-7.991504610000e-05	0.000000000000e+00
200	8.550000000000e-03	0	6.103560000000e-05	2.236493590000e-01	-7.991504610000e-05	0.000000000000e+00
200	7.690000000000e-03	0	0.000000000000e+00	2.232234530000e-01	-8.265864700000e-05	0.000000000000e+00
200	6.790000000000e-03	0	6.103560000000e-05	2.237449280000e-01	-8.334454720000e-05	0.000000000000e+00
200	5.940000000000e-03	0	0.000000000000e+00	2.239609970000e-01	-7.717144520000e-05	0.000000000000e+00
200	5.020000000000e-03	0	6.103560000000e-05	2.241001950000e-01	-8.197274680000e-05	0.000000000000e+00
200	4.260000000000e-03	0	0.000000000000e+00	2.241098910000e-01	-8.403044750000e-05	0.000000000000e+00
200	3.410000000000e-03	0	6.103560000000e-05	2.242532440000e-01	-8.265864700000e-05	0.000000000000e+00
200	2.520000000000e-03	0	6.103560000000e-05	2.243938280000e-01	-8.608814810000e-05	0.000000000000e+00
200	1.630000000000e-03	0	0.000000000000e+00	2.244963220000e-01	-8.471634770000e-05	0.000000000000e+00
200	7.800000000000e-04	0	0.000000000000e+00	2.245420290000e-01	-8.060094640000e-05	0.000000000000e+00
200	-1.200000000000e-04	0	0.000000000000e+00	2.246279020000e-01	-8.540224790000e-05	0.000000000000e+00
200	-8.900000000000e-04	0	0.000000000000e+00	2.247338590000e-01	-7.922914590000e-05	0.000000000000e+00
200	-1.750000000000e-03	0	6.103560000000e-05	2.249623940000e-01	-8.471634770000e-05	0.000000000000e+00
200	-2.650000000000e-03	0	0.000000000000e+00	2.251223680000e-01	-8.128684660000e-05	0.000000000000e+00
200	-3.530000000000e-03	0	0.000000000000e+00	2.251251380000e-01	-8.334454720000e-05	0.000000000000e+00
200	-4.370000000000e-03	0	6.103560000000e-05	2.253114290000e-01	-7.854324570000e-05	0.000000000000e+00
200	-5.280000000000e-03	0	6.103560000000e-05	2.244866260000e-01	-8.128684660000e-05	0.000000000000e+00
200	-6.130000000000e-03	0	0.000000000000e+00	2.256161420000e-01	-8.540224790000e-05	0.000000000000e+00
200	-6.920000000000e-03	0	6.103560000000e-05	2.256459200000e-01	-8.608814810000e-05	0.000000000000e+00
200	-7.800000000000e-03	0	0.000000000000e+00	2.257117110000e-01	-8.197274680000e-05	0.000000000000e+00
200	-8.690000000000e-03	0	6.103560000000e-05	2.259070040000e-01	-8.540224790000e-05	0.000000000000e+00
200	-9.610000000000e-03	0	0.000000000000e+00	2.287505290000e-01	-8.197274680000e-05	0.000000000000e+00
200	-1.045000000000e-02	0	0.000000000000e+00	2.289659050000e-01	-8.128684660000e-05	0.000000000000e+00
200	-1.132000000000e-02	0	6.103560000000e-05	2.290081500000e-01	-8.403044750000e-05	0.000000000000e+00
200	-1.221000000000e-02	0	0.000000000000e+00	2.292671560000e-01	-8.608814810000e-05	0.000000000000e+00
200	-1.303000000000e-02	0	0.000000000000e+00	2.294416730000e-01	-8.745994860000e-05	0.000000000000e+00
200	-1.386000000000e-02	0	6.103560000000e-05	2.295954140000e-01	-8.334454720000e-05	0.000000000000e+00
200	-1.470000000000e-02	0	0.000000000000e+00	2.296757480000e-01	-8.608814810000e-05	0.000000000000e+00
200	-1.561000000000e-02	0	0.000000000000e+00	2.297138370000e-01	-8.403044750000e-05	0.000000000000e+00
200	-1.651000000000e-02	0	0.000000000000e+00	2.300046990000e-01	-8.677404830000e-05	0.000000000000e+00
200	-1.735000000000e-02	0	0.000000000000e+00	2.293412560000e-01	-8.403044750000e-05	0.000000000000e+00
200	-1.822000000000e-02	0	0.000000000000e+00	2.304673090000e-01	-8.608814810000e-05	0.000000000000e+00
200	-1.904000000000e-02	0	6.103560000000e-05	2.305351770000e-01	-8.745994860000e-05	0.000000000000e+00
200	-1.990000000000e-02	0	6.103560000000e-05	2.305081680000e-01	-8.403044750000e-05	0.000000000000e+00
200	-2.077000000000e-02	0	6.103560000000e-05	2.306529070000e-01	-8.334454720000e-05	0.000000000000e+00
200	-2.167000000000e-02	0	6.103560000000e-05	2.309839350000e-01	-8.334454720000e-05	0.000000000000e+00
200	-2.254000000000e-02	0	6.103560000000e-05	2.311030510000e-01	-8.128684660000e-05	0.000000000000e+00
200	-2.342000000000e-02	0	0.000000000000e+00	2.311771510000e-01	-8.403044750000e-05	0.000000000000e+00
200	-2.418000000000e-02	0	0.000000000000e+00	2.311411400000e-01	-8.951764920000e-05	0.000000000000e+00
200	-2.507000000000e-02	0	0.000000000000e+00	2.311695330000e-01	-8.540224790000e-05	0.000000000000e+00
200	-2.596000000000e-02	0	0.000000000000e+00	2.312817230000e-01	-8.403044750000e-05	0.000000000000e+00
200	-2.680000000000e-02	0	0.000000000000e+00	2.312983440000e-01	-8.540224790000e-05	0.000000000000e+00
200	-2.770000000000e-02	0	0.000000000000e+00	2.313585940000e-01	-9.226125010000e-05	0.000000000000e+00
200	-2.849000000000e-02	0	0.000000000000e+00	2.314188440000e-01	-8.951764920000e-05	0.000000000000e+00
200	-2.936000000000e-02	0	0.000000000000e+00	2.311854610000e-01	-8.883174900000e-05	0.000000000000e+00
200	-3.022000000000e-02	0	6.103560000000e-05	2.312519440000e-01	-9.157534990000e-05	0.000000000000e+00
200	-3.113000000000e-02	0	0.000000000000e+00	2.313094240000e-01	-8.951764920000e-05	0.000000000000e+00
200	-3.199000000000e-02	0	0.000000000000e+00	2.310988950000e-01	-8.540224790000e-05	0.000000000000e+00
200	-3.286000000000e-02	0	0.000000000000e+00	2.309631600000e-01	-8.265864700000e-05	0.000000000000e+00
200	-3.365000000000e-02	0	0.000000000000e+00	2.307727140000e-01	-8.471634770000e-05	0.000000000000e+00
200	-3.453000000000e-02	0	0.000000000000e+00	2.306452890000e-01	-8.540224790000e-05	0.000000000000e+00
200	-3.543000000000e-02	0	0.000000000000e+00	2.304119060000e-01	-8.265864700000e-05	0.000000000000e+00
200	-3.631000000000e-02	0	6.103560000000e-05	2.304430700000e-01	-8.677404830000e-05	0.000000000000e+00
200	-3.721000000000e-02	0	0.000000000000e+00	2.303011020000e-01	-8.677404830000e-05	0.000000000000e+00
200	-3.794000000000e-02	0	0.000000000000e+00	2.299652250000e-01	-8.608814810000e-05	0.000000000000e+00
200	-3.882000000000e-02	0	0.000000000000e+00	2.297865520000e-01	-8.403044750000e-05	0.000000000000e+00
200	-3.971000000000e-02	0	0.000000000000e+00	2.296972160000e-01	-8.677404830000e-05	0.000000000000e+00
200	-4.057000000000e-02	0	6.103560000000e-05	2.296286560000e-01	-8.745994860000e-05	0.000000000000e+00
200	-4.146000000000e-02	0	0.000000000000e+00	2.294582940000e-01	-8.677404830000e-05	0.000000000000e+00
200	-4.233000000000e-02	0	6.103560000000e-05	2.293267130000e-01	-9.088944970000e-05	0.000000000000e+00
200	-4.321000000000e-02	0	0.000000000000e+00	2.264582570000e-01	-8.265864700000e-05	0.000000000000e+00
200	-4.396000000000e-02	0	0.000000000000e+00	2.264340190000e-01	-8.197274680000e-05	0.000000000000e+00
200	-4.485000000000e-02	0	6.103560000000e-05	2.264222460000e-01	-8.265864700000e-05	0.000000000000e+00
200	-4.576000000000e-02	0	0.000000000000e+00	2.261625470000e-01	-8.608814810000e-05	0.000000000000e+00
200	-4.660000000000e-02	0	0.000000000000e+00	2.259520180000e-01	-8.608814810000e-05	0.000000000000e+00
200	-4.748000000000e-02	0	0.000000000000e+00	2.259160070000e-01	-8.403044750000e-05	0.000000000000e+00
200	-4.835000000000e-02	0	0.000000000000e+00	2.259270870000e-01	-8.403044750000e-05	0.000000000000e+00
200	-4.915000000000e-02	0	0.000000000000e+00	2.262387250000e-01	-8.471634770000e-05	0.000000000000e+00
200	-5.003000000000e-02	0	6.103560000000e-05	2.255738970000e-01	-7.991504610000e-05	0.000000000000e+00
200	-5.090000000000e-02	0	0.000000000000e+00	2.261064520000e-01	-8.128684660000e-05	0.000000000000e+00
200	-5.176000000000e-02	0	0.000000000000e+00	2.254977190000e-01	-7.648554500000e-05	0.000000000000e+00
200	-5.270000000000e-02	0	6.103560000000e-05	2.253107360000e-01	-8.334454720000e-05	0.000000000000e+00
200	-5.356000000000e-02	0	0.000000000000e+00	2.252186300000e-01	-8.883174900000e-05	0.000000000000e+00
200	-5.444000000000e-02	0	0.000000000000e+00	2.250794310000e-01	-8.265864700000e-05	0.000000000000e+00
200	-5.520000000000e-02	0	0.000000000000e+00	2.250870490000e-01	-8.608814810000e-05	0.000000000000e+00
200	-5.610000000000e-02	0	0.000000000000e+00	2.250295690000e-01	-8.471634770000e-05	0.000000000000e+00
200	-5.696000000000e-02	0	6.103560000000e-05	2.249727820000e-01	-7.991504610000e-05	0.000000000000e+00
200	-5.783000000000e-02	0	0.000000000000e+00	2.248647470000e-01	-7.579964480000e-05	0.000000000000e+00
200	-5.875000000000e-02	0	0.000000000000e+00	2.247407850000e-01	-8.540224790000e-05	0.000000000000e+00
200	-5.960000000000e-02	0	0.000000000000e+00	2.245669600000e-01	-8.060094640000e-05	0.000000000000e+00
200	-6.045000000000e-02	0	0.000000000000e+00	2.245087870000e-01	-7.922914590000e-05	0.000000000000e+00
200	-6.128000000000e-02	0	6.103560000000e-05	2.244810860000e-01	-7.991504610000e-05	0.000000000000e+00
200	-6.213000000000e-02	0	6.103560000000e-05	2.244603100000e-01	-8.471634770000e-05	0.000000000000e+00
200	-6.300000000000e-02	0	0.000000000000e+00	2.243162640000e-01	-7.717144520000e-05	0.000000000000e+00
200	-6.388000000000e-02	0	0.000000000000e+00	2.186472200000e-01	-7.991504610000e-05	0.000000000000e+00
200	-6.466000000000e-02	0	0.000000000000e+00	2.186486050000e-01	-8.540224790000e-05	0.000000000000e+00
200	-6.554000000000e-02	0	0.000000000000e+00	2.186278290000e-01	-7.854324570000e-05	0.000000000000e+00
200	-6.641000000000e-02	0	0.000000000000e+00	2.187607950000e-01	-8.197274680000e-05	0.000000000000e+00
200	-6.731000000000e-02	0	6.103560000000e-05	2.187040080000e-01	-8.334454720000e-05	0.000000000000e+00
200	-6.815000000000e-02	0	6.103560000000e-05	2.185239500000e-01	-8.265864700000e-05	0.000000000000e+00
200	-6.904000000000e-02	0	0.000000000000e+00	2.185197950000e-01	-8.128684660000e-05	0.000000000000e+00
200	-6.993000000000e-02	0	0.000000000000e+00	2.185516510000e-01	-7.785734550000e-05	0.000000000000e+00
200	-7.071000000000e-02	0	6.103560000000e-05	2.185661940000e-01	-7.511374460000e-05	0.000000000000e+00
200	-7.158000000000e-02	0	6.103560000000e-05	2.179837770000e-01	-7.579964480000e-05	0.000000000000e+00
200	-7.244000000000e-02	0	6.103560000000e-05	2.184470790000e-01	-7.854324570000e-05	0.000000000000e+00
200	-7.336000000000e-02	0	0.000000000000e+00	2.184311510000e-01	-8.265864700000e-05	0.000000000000e+00
200	-7.423000000000e-02	0	0.000000000000e+00	2.184380760000e-01	-8.265864700000e-05	0.000000000000e+00
200	-7.499000000000e-02	0	6.103560000000e-05	2.183224240000e-01	-8.334454720000e-05	0.000000000000e+00
200	-7.588000000000e-02	0	6.103560000000e-05	2.191126000000e-01	-8.128684660000e-05	0.000000000000e+00
200	-7.675000000000e-02	0	6.103560000000e-05	2.183923690000e-01	-8.128684660000e-05	0.000000000000e+00
200	-7.765000000000e-02	0	6.103560000000e-05	2.182954150000e-01	-7.991504610000e-05	0.000000000000e+00
200	-7.848000000000e-02	0	6.103560000000e-05	2.181118950000e-01	-8.060094640000e-05	0.000000000000e+00
200	-7.930000000000e-02	0	6.103560000000e-05	2.184359990000e-01	-7.511374460000e-05	0.000000000000e+00
200	-8.016000000000e-02	0	6.103560000000e-05	2.184380760000e-01	-7.922914590000e-05	0.000000000000e+00
200	-8.102000000000e-02	0	6.103560000000e-05	2.183238090000e-01	-8.128684660000e-05	0.000000000000e+00
200	-8.194000000000e-02	0	0.000000000000e+00	2.182130040000e-01	-8.197274680000e-05	0.000000000000e+00
200	-8.281000000000e-02	0	0.000000000000e+00	2.182344730000e-01	-8.471634770000e-05	0.000000000000e+00
200	-8.370000000000e-02	0	0.000000000000e+00	2.184034500000e-01	-8.197274680000e-05	0.000000000000e+00
200	-8.456000000000e-02	0	6.103560000000e-05	2.183279640000e-01	-8.745994860000e-05	0.000000000000e+00
200	-8.535000000000e-02	0	0.000000000000e+00	2.180253290000e-01	-8.265864700000e-05	0.000000000000e+00
200	-8.622000000000e-02	0	0.000000000000e+00	2.184166080000e-01	-8.334454720000e-05	0.000000000000e+00
200	-8.708000000000e-02	0	0.000000000000e+00	2.183653610000e-01	-8.403044750000e-05	0.000000000000e+00
200	-8.800000000000e-02	0	6.103560000000e-05	2.184145300000e-01	-8.403044750000e-05	0.000000000000e+00
200	-8.883000000000e-02	0	6.103560000000e-05	2.184920940000e-01	-8.334454720000e-05	0.000000000000e+00
200	-8.964000000000e-02	0	0.000000000000e+00	2.185232570000e-01	-8.197274680000e-05	0.000000000000e+00
200	-9.049000000000e-02	0	0.000000000000e+00	2.184823980000e-01	-8.334454720000e-05	0.000000000000e+00
200	-9.141000000000e-02	0	0.000000000000e+00	2.184817060000e-01	-8.128684660000e-05	0.000000000000e+00
200	-9.227000000000e-02	0	6.103560000000e-05	2.184373840000e-01	-8.265864700000e-05	0.000000000000e+00
200	-9.311000000000e-02	0	6.103560000000e-05	2.185745050000e-01	-7.854324570000e-05	0.000000000000e+00
200	-9.401000000000e-02	0	0.000000000000e+00	2.186437570000e-01	-8.265864700000e-05	0.000000000000e+00
200	-9.482000000000e-02	0	0.000000000000e+00	2.186721510000e-01	-8.471634770000e-05	0.000000000000e+00
200	-9.567000000000e-02	0	0.000000000000e+00	2.186098240000e-01	-8.334454720000e-05	0.000000000000e+00
200	-9.656000000000e-02	0	6.103560000000e-05	2.186486050000e-01	-8.060094640000e-05	0.000000000000e+00
200	-9.744000000000e-02	0	0.000000000000e+00	2.187711830000e-01	-8.128684660000e-05	0.000000000000e+00
200	-9.832000000000e-02	0	0.000000000000e+00	2.188716000000e-01	-8.265864700000e-05	0.000000000000e+00
200	-9.919000000000e-02	0	0.000000000000e+00	2.183432000000e-01	-8.403044750000e-05	0.000000000000e+00
200	-9.994000000000e-02	0	6.103560000000e-05	2.191728500000e-01	-8.745994860000e-05	0.000000000000e+00
200	-1.008500000000e-01	0	6.103560000000e-05	2.191403010000e-01	-8.197274680000e-05	0.000000000000e+00
200	-1.017100000000e-01	0	0.000000000000e+00	2.191603840000e-01	-8.128684660000e-05	0.000000000000e+00
200	-1.026000000000e-01	0	0.000000000000e+00	2.193245140000e-01	-8.608814810000e-05	0.000000000000e+00
200	-1.034700000000e-01	0	0.000000000000e+00	2.193681430000e-01	-8.265864700000e-05	0.000000000000e+00
200	-1.042400000000e-01	0	0.000000000000e+00	2.193605250000e-01	-8.265864700000e-05	0.000000000000e+00
200	-1.051000000000e-01	0	0.000000000000e+00	2.193494450000e-01	-8.265864700000e-05	0.000000000000e+00
200	-1.059900000000e-01	0	0.000000000000e+00	2.193536000000e-01	-8.814584880000e-05	0.000000000000e+00
200	-1.068900000000e-01	0	0.000000000000e+00	2.194547090000e-01	-8.403044750000e-05	0.000000000000e+00
200	-1.077900000000e-01	0	0.000000000000e+00	2.195849050000e-01	-8.128684660000e-05	0.000000000000e+00
200	-1.086400000000e-01	0	0.000000000000e+00	2.189657840000e-01	-8.334454720000e-05	0.000000000000e+00
200	-1.094400000000e-01	0	6.103560000000e-05	2.189477780000e-01	-8.403044750000e-05	0.000000000000e+00
200	-1.103100000000e-01	0	6.103560000000e-05	2.186534530000e-01	-7.991504610000e-05	0.000000000000e+00
200	-1.111700000000e-01	0	0.000000000000e+00	2.191721570000e-01	-8.540224790000e-05	0.000000000000e+00
200	-1.120400000000e-01	0	0.000000000000e+00	2.198321380000e-01	-8.128684660000e-05	0.000000000000e+00
200	-1.129200000000e-01	0	6.103560000000e-05	2.198736890000e-01	-8.471634770000e-05	0.000000000000e+00
200	-1.138200000000e-01	0	0.000000000000e+00	2.198085920000e-01	-7.648554500000e-05	0.000000000000e+00
200	-1.145500000000e-01	0	6.103560000000e-05	2.198903100000e-01	-7.785734550000e-05	0.000000000000e+00
200	-1.155200000000e-01	0	6.103560000000e-05	2.199270140000e-01	-8.128684660000e-05	0.000000000000e+00
200	-1.163800000000e-01	0	0.000000000000e+00	2.201174600000e-01	-7.717144520000e-05	0.000000000000e+00
200	-1.172200000000e-01	0	0.000000000000e+00	2.201361580000e-01	-7.717144520000e-05	0.000000000000e+00
200	-1.180900000000e-01	0	0.000000000000e+00	2.201860200000e-01	-7.717144520000e-05	0.000000000000e+00
200	-1.190100000000e-01	0	0.000000000000e+00	2.201160750000e-01	-7.717144520000e-05	0.000000000000e+00
200	-1.198700000000e-01	0	0.000000000000e+00	2.202151060000e-01	-7.717144520000e-05	0.000000000000e+00
200	-1.206100000000e-01	0	6.103560000000e-05	2.204651090000e-01	-7.648554500000e-05	0.000000000000e+00
200	-1.215300000000e-01	0	6.103560000000e-05	2.203349140000e-01	-7.785734550000e-05	0.000000000000e+00
200	-1.224200000000e-01	0	0.000000000000e+00	2.202836670000e-01	-7.717144520000e-05	0.000000000000e+00
200	-1.232700000000e-01	0	6.103560000000e-05	2.204768820000e-01	-7.854324570000e-05	0.000000000000e+00
200	-1.241600000000e-01	0	0.000000000000e+00	2.199706430000e-01	-7.442784440000e-05	0.000000000000e+00
200	-1.250500000000e-01	0	0.000000000000e+00	2.204381010000e-01	-7.991504610000e-05	0.000000000000e+00
200	-1.258200000000e-01	0	6.103560000000e-05	2.205454430000e-01	-7.579964480000e-05	0.000000000000e+00
200	-1.266500000000e-01	0	0.000000000000e+00	2.205405950000e-01	-8.060094640000e-05	0.000000000000e+00
200	-1.275700000000e-01	0	0.000000000000e+00	2.206423970000e-01	-7.785734550000e-05	0.000000000000e+00
200	-1.284600000000e-01	0	0.000000000000e+00	2.207753620000e-01	-7.579964480000e-05	0.000000000000e+00
200	-1.293100000000e-01	0	0.000000000000e+00	2.204872700000e-01	-7.785734550000e-05	0.000000000000e+00
200	-1.301900000000e-01	0	6.103560000000e-05	2.216756500000e-01	-7.717144520000e-05	0.000000000000e+00
200	-1.309900000000e-01	0	6.103560000000e-05	2.216784200000e-01	-7.717144520000e-05	0.000000000000e+00
200	-1.318600000000e-01	0	6.103560000000e-05	2.217545990000e-01	-7.991504610000e-05	0.000000000000e+00
200	-1.327000000000e-01	0	0.000000000000e+00	2.218584780000e-01	-7.168424350000e-05	0.000000000000e+00
200	-1.336100000000e-01	0	6.103560000000e-05	2.218093090000e-01	-7.511374460000e-05	0.000000000000e+00
200	-1.345100000000e-01	0	6.103560000000e-05	2.216777280000e-01	-7.991504610000e-05	0.000000000000e+00
200	-1.353400000000e-01	0	6.103560000000e-05	2.216624920000e-01	-8.128684660000e-05	0.000000000000e+00
200	-1.362200000000e-01	0	6.103560000000e-05	2.213917130000e-01	-7.854324570000e-05	0.000000000000e+00
200	-1.370200000000e-01	0	0.000000000000e+00	2.218418570000e-01	-7.922914590000e-05	0.000000000000e+00
200	-1.379100000000e-01	0	0.000000000000e+00	2.217899180000e-01	-7.854324570000e-05	0.000000000000e+00
200	-1.387700000000e-01	0	0.000000000000e+00	2.218162340000e-01	-7.922914590000e-05	0.000000000000e+00
200	-1.396600000000e-01	0	1.220710000000e-04	2.219097250000e-01	-7.717144520000e-05	0.000000000000e+00
200	-1.405300000000e-01	0	6.103560000000e-05	2.220350730000e-01	-7.717144520000e-05	0.000000000000e+00
200	-1.414300000000e-01	0	6.103560000000e-05	2.221167910000e-01	-7.854324570000e-05	0.000000000000e+00
200	-1.423000000000e-01	0	6.103560000000e-05	2.220309180000e-01	-7.991504610000e-05	0.000000000000e+00
200	-1.430500000000e-01	0	6.103560000000e-05	2.217449030000e-01	-7.168424350000e-05	0.000000000000e+00
200	-1.439300000000e-01	0	0.000000000000e+00	2.221811970000e-01	-7.305604390000e-05	0.000000000000e+00
200	-1.448100000000e-01	0	6.103560000000e-05	2.222469870000e-01	-7.579964480000e-05	0.000000000000e+00
200	-1.457200000000e-01	0	6.103560000000e-05	2.222151310000e-01	-7.442784440000e-05	0.000000000000e+00
200	-1.465700000000e-01	0	6.103560000000e-05	2.221576510000e-01	-7.168424350000e-05	0.000000000000e+00
200	-1.474500000000e-01	0	0.000000000000e+00	2.222739960000e-01	-7.374194410000e-05	0.000000000000e+00
200	-1.482300000000e-01	0	6.103560000000e-05	2.222442170000e-01	-7.305604390000e-05	0.000000000000e+00
200	-1.491200000000e-01	0	0.000000000000e+00	2.221742710000e-01	-8.060094640000e-05	0.000000000000e+00
200	-1.499700000000e-01	0	6.103560000000e-05	2.221167910000e-01	-7.785734550000e-05	0.000000000000e+00
200	-1.508200000000e-01	0	6.103560000000e-05	2.222137460000e-01	-7.237014370000e-05	0.000000000000e+00
200	-1.517600000000e-01	0	0.000000000000e+00	2.222532200000e-01	-7.785734550000e-05	0.000000000000e+00
200	-1.526200000000e-01	0	0.000000000000e+00	2.222206710000e-01	-7.717144520000e-05	0.000000000000e+00
200	-1.535500000000e-01	0	0.000000000000e+00	2.222075130000e-01	-7.099834330000e-05	0.000000000000e+00
200	-1.542900000000e-01	0	6.103560000000e-05	2.221604210000e-01	-7.717144520000e-05	0.000000000000e+00
200	-1.551500000000e-01	0	0.000000000000e+00	2.222407540000e-01	-7.237014370000e-05	0.000000000000e+00
200	-1.560500000000e-01	0	0.000000000000e+00	2.223224730000e-01	-7.099834330000e-05	0.000000000000e+00
200	-1.569200000000e-01	0	0.000000000000e+00	2.220690070000e-01	-7.579964480000e-05	0.000000000000e+00
200	-1.578400000000e-01	0	0.000000000000e+00	2.221936620000e-01	-7.168424350000e-05	0.000000000000e+00
200	-1.586800000000e-01	0	0.000000000000e+00	2.221458780000e-01	-7.579964480000e-05	0.000000000000e+00
200	-1.595500000000e-01	0	0.000000000000e+00	2.222559900000e-01	-7.305604390000e-05	0.000000000000e+00
200	-1.603200000000e-01	0	0.000000000000e+00	2.222913090000e-01	-7.099834330000e-05	0.000000000000e+00
200	-1.612000000000e-01	0	0.000000000000e+00	2.223252430000e-01	-6.962654280000e-05	0.000000000000e+00
200	-1.620800000000e-01	0	0.000000000000e+00	2.221424150000e-01	-6.962654280000e-05	0.000000000000e+00
200	-1.629600000000e-01	0	0.000000000000e+00	2.221708090000e-01	-7.374194410000e-05	0.000000000000e+00
200	-1.638500000000e-01	0	0.000000000000e+00	2.221964320000e-01	-7.442784440000e-05	0.000000000000e+00
200	-1.646300000000e-01	0	0.000000000000e+00	2.222656850000e-01	-6.756884210000e-05	0.000000000000e+00
200	-1.654900000000e-01	0	0.000000000000e+00	2.221832740000e-01	-7.374194410000e-05	0.000000000000e+00
200	-1.664100000000e-01	0	0.000000000000e+00	2.221618060000e-01	-7.031244300000e-05	0.000000000000e+00
200	-1.672500000000e-01	0	0.000000000000e+00	2.220662370000e-01	-7.511374460000e-05	0.000000000000e+00
200	-1.681600000000e-01	0	6.103560000000e-05	2.221971250000e-01	-7.305604390000e-05	0.000000000000e+00
200	-1.690200000000e-01	0	0.000000000000e+00	2.211597160000e-01	-7.237014370000e-05	0.000000000000e+00
200	-1.697900000000e-01	0	6.103560000000e-05	2.219983690000e-01	-7.511374460000e-05	0.000000000000e+00
200	-1.706600000000e-01	0	0.000000000000e+00	2.219824410000e-01	-7.374194410000e-05	0.000000000000e+00
200	-1.715600000000e-01	0	6.103560000000e-05	2.220849350000e-01	-7.099834330000e-05	0.000000000000e+00
200	-1.724200000000e-01	0	6.103560000000e-05	2.220046020000e-01	-7.579964480000e-05	0.000000000000e+00
200	-1.733100000000e-01	0	0.000000000000e+00	2.218903340000e-01	-7.099834330000e-05	0.000000000000e+00
200	-1.741800000000e-01	0	0.000000000000e+00	2.219706680000e-01	-6.962654280000e-05	0.000000000000e+00
200	-1.750500000000e-01	0	0.000000000000e+00	2.211929580000e-01	-7.305604390000e-05	0.000000000000e+00
200	-1.758600000000e-01	0	6.103560000000e-05	2.206562470000e-01	-7.374194410000e-05	0.000000000000e+00
200	-1.767200000000e-01	0	1.220710000000e-04	2.219401970000e-01	-7.374194410000e-05	0.000000000000e+00
200	-1.776100000000e-01	0	6.103560000000e-05	2.217552910000e-01	-7.237014370000e-05	0.000000000000e+00
200	-1.784900000000e-01	0	6.103560000000e-05	2.210447560000e-01	-7.648554500000e-05	0.000000000000e+00
200	-1.793500000000e-01	0	6.103560000000e-05	2.218072310000e-01	-7.717144520000e-05	0.000000000000e+00
200	-1.802200000000e-01	0	0.000000000000e+00	2.217885330000e-01	-7.442784440000e-05	0.000000000000e+00
200	-1.810900000000e-01	0	0.000000000000e+00	2.216804980000e-01	-7.579964480000e-05	0.000000000000e+00
200	-1.818800000000e-01	0	6.103560000000e-05	2.215316040000e-01	-7.442784440000e-05	0.000000000000e+00
200	-1.827700000000e-01	0	0.000000000000e+00	2.203266030000e-01	-7.305604390000e-05	0.000000000000e+00
200	-1.836600000000e-01	0	0.000000000000e+00	2.216534890000e-01	-6.962654280000e-05	0.000000000000e+00
200	-1.845400000000e-01	0	6.103560000000e-05	2.215980870000e-01	-7.374194410000e-05	0.000000000000e+00
200	-1.854000000000e-01	0	6.103560000000e-05	2.215177540000e-01	-7.717144520000e-05	0.000000000000e+00
200	-1.862900000000e-01	0	6.103560000000e-05	2.215212160000e-01	-7.511374460000e-05	0.000000000000e+00
200	-1.871700000000e-01	0	0.000000000000e+00	2.214997480000e-01	-7.237014370000e-05	0.000000000000e+00
200	-1.879600000000e-01	0	0.000000000000e+00	2.214180290000e-01	-7.374194410000e-05	0.000000000000e+00
200	-1.888000000000e-01	0	0.000000000000e+00	2.213300780000e-01	-7.237014370000e-05	0.000000000000e+00
200	-1.896900000000e-01	0	6.103560000000e-05	2.212691360000e-01	-7.099834330000e-05	0.000000000000e+00
200	-1.905600000000e-01	0	0.000000000000e+00	2.213141500000e-01	-6.894064260000e-05	0.000000000000e+00
200	-1.914700000000e-01	0	6.103560000000e-05	2.213591650000e-01	-7.237014370000e-05	0.000000000000e+00
200	-1.923600000000e-01	0	0.000000000000e+00	2.213065320000e-01	-7.237014370000e-05	0.000000000000e+00
200	-1.932100000000e-01	0	6.103560000000e-05	2.212137330000e-01	-7.511374460000e-05	0.000000000000e+00
200	-1.939800000000e-01	0	6.103560000000e-05	2.211472510000e-01	-7.374194410000e-05	0.000000000000e+00
200	-1.948700000000e-01	0	6.103560000000e-05	2.211036210000e-01	-7.579964480000e-05	0.000000000000e+00
200	-1.957500000000e-01	0	6.103560000000e-05	2.207178820000e-01	-7.991504610000e-05	0.000000000000e+00
200	-1.965900000000e-01	0	0.000000000000e+00	2.211188570000e-01	-7.374194410000e-05	0.000000000000e+00
200	-1.975100000000e-01	0	0.000000000000e+00	2.209588830000e-01	-7.168424350000e-05	0.000000000000e+00
200	-1.982600000000e-01	0	0.000000000000e+00	2.208584660000e-01	-7.511374460000e-05	0.000000000000e+00
200	-1.991400000000e-01	0	0.000000000000e+00	2.208550030000e-01	-7.305604390000e-05	0.000000000000e+00
200	-1.997100000000e-01	0	0.000000000000e+00	2.209297960000e-01	-7.442784440000e-05	0.000000000000e+00
200	-1.998900000000e-01	0	0.000000000000e+00	2.210170550000e-01	-7.237014370000e-05	0.000000000000e+00
200	-1.999300000000e-01	0	6.103560000000e-05	2.209803510000e-01	-6.688294190000e-05	0.000000000000e+00

